   2.9999999678693712E-003   7734.9655927080457     
   2.2999999967869372E-002   7739.1909901448644     
   4.2999999967869372E-002   7743.6149500458496     
   6.2999999967869369E-002   7748.2525047154986     
   8.2999999967869373E-002   7754.2495615044463     
  0.10299999996786938        7758.5447989013364     
  0.12299999996786937        7762.5059050150230     
  0.14299999996786938        7767.8869544464287     
  0.16299999996786937        7770.4937829591217     
  0.18299999996786936        7775.0687384646035     
  0.20299999996786938        7782.3772337518212     
  0.22299999996786937        7781.6019305012587     
  0.24299999996786936        7785.4698946572771     
  0.26299999996786938        7790.1583954316511     
  0.28299999996786940        7799.6238472064460     
  0.30299999996786936        7803.0910550539447     
  0.32299999996786938        7803.0898778108785     
  0.34299999996786940        7806.7675390087561     
  0.36299999996786936        7810.0120636174315     
  0.38299999996786938        7823.7104148329072     
  0.40299999996786939        7822.2498537810425     
  0.42299999996786936        7820.9029774991905     
  0.44299999996786937        7842.6826532950336     
  0.46299999996786939        7832.6649985528329     
  0.48299999996786935        7836.2971280656420     
  0.50299999996786937        7848.1265356572649     
  0.52299999996786939        7850.8500492795865     
  0.54299999996786941        7851.0687072721958     
  0.56299999996786942        7867.2523445555789     
  0.58299999996786933        7862.1168111072038     
  0.60299999996786935        7865.1929197231484     
  0.62299999996786937        7867.1970201997638     
  0.64299999996786938        7873.7396768308308     
  0.66299999996786940        7882.1990622153944     
  0.68299999996786942        7879.4666586668682     
  0.70299999996786944        7888.9699892605258     
  0.72299999996786934        7890.1727888346104     
  0.74299999996786936        7893.8817411889740     
  0.76299999996786938        7903.3960160186080     
  0.78299999996786940        7901.1781543248726     
  0.80299999996786942        7919.3196494720132     
  0.82299999996786943        7925.7983683806506     
  0.84299999996786934        7920.0939300459540     
  0.86299999996786936        7926.9189250480495     
  0.88299999996786938        7945.8826697938330     
  0.90299999996786939        7942.2645179130459     
  0.92299999996786941        7944.8971686107079     
  0.94299999996786943        7949.8706307838056     
  0.96299999996786934        7938.0253744510210     
  0.98299999996786935        7948.6839666006172     
   1.0029999999678694        7936.0987139108129     
   1.0229999999678694        7961.4762458848700     
   1.0429999999678694        7963.1138384304568     
   1.0629999999678694        7968.2120869131204     
   1.0829999999678694        7979.4525558145842     
   1.1029999999678695        7997.4151873948622     
   1.1229999999678695        7998.6071588544773     
   1.1429999999678695        8003.4256865295174     
   1.1629999999678693        7985.4739035608509     
   1.1829999999678693        8003.1491105911600     
   1.2029999999678693        7993.8491343905680     
   1.2229999999678693        8003.0093145456522     
   1.2429999999678694        8009.5536529776364     
   1.2629999999678694        8002.6902442501068     
   1.2829999999678694        8049.0926168008536     
   1.3029999999678694        8053.5682857920838     
   1.3229999999678694        8050.5099413690932     
   1.3429999999678695        8040.4406131149235     
   1.3629999999678695        8051.8654686508780     
   1.3829999999678695        8083.2921232148883     
   1.4029999999678695        8059.7969925665411     
   1.4229999999678693        8062.3241731028211     
   1.4429999999678693        8085.9226471623006     
   1.4629999999678693        8052.9973863208934     
   1.4829999999678694        8041.3029906744860     
   1.5029999999678694        8074.0865028771395     
   1.5229999999678694        8077.9005453561904     
   1.5429999999678694        8087.4630596982388     
   1.5629999999678694        8077.1901516867774     
   1.5829999999678694        8090.8836980225306     
   1.6029999999678695        8076.2403263563783     
   1.6229999999678695        8088.8927093944794     
   1.6429999999678695        8121.7844411530550     
   1.6629999999678695        8102.7672732525862     
   1.6829999999678693        8107.2765322296927     
   1.7029999999678693        8134.0130297938558     
   1.7229999999678693        8129.1794478601823     
   1.7429999999678694        8148.7863357573478     
   1.7629999999678694        8163.1718624122968     
   1.7829999999678694        8156.8922102202287     
   1.8029999999678694        8147.1553419258607     
   1.8229999999678694        8145.0065335169302     
   1.8429999999678695        8163.8309592493697     
   1.8629999999678695        8181.3706907695132     
   1.8829999999678695        8200.4540856676922     
   1.9029999999678695        8218.7017602113337     
   1.9229999999678693        8181.0055504925322     
   1.9429999999678693        8139.6508191958001     
   1.9629999999678693        8173.1574017443736     
   1.9829999999678694        8189.3140522393178     
   2.0029999999678694        8184.4927276158869     
   2.0229999999678694        8164.7670723750207     
   2.0429999999678694        8200.3130789185198     
   2.0629999999678694        8225.6930760330833     
   2.0829999999678694        8205.6134001865557     
   2.1029999999678695        8227.7827579046134     
   2.1229999999678695        8230.6229999280258     
   2.1429999999678695        8239.1125269207496     
   2.1629999999678695        8252.9031547047143     
   2.1829999999678695        8262.2989909869666     
   2.2029999999678695        8268.4041687829376     
   2.2229999999678696        8274.1994737309251     
   2.2429999999678696        8238.9533361670601     
   2.2629999999678696        8266.0256556665736     
   2.2829999999678696        8252.9698399662302     
   2.3029999999678696        8253.4185195826631     
   2.3229999999678692        8232.7281684813825     
   2.3429999999678692        8252.0614286412529     
   2.3629999999678692        8274.8449802941650     
   2.3829999999678693        8306.0490580797250     
   2.4029999999678693        8296.6719259121746     
   2.4229999999678693        8290.6562475385472     
   2.4429999999678693        8309.4484777970647     
   2.4629999999678693        8326.1459316483597     
   2.4829999999678694        8302.0365851739116     
   2.5029999999678694        8285.5219631389882     
   2.5229999999678694        8314.3889972865873     
   2.5429999999678694        8351.0249087468746     
   2.5629999999678694        8377.2377433323145     
   2.5829999999678694        8354.8300879039452     
   2.6029999999678695        8391.8020965871710     
   2.6229999999678695        8383.7960390175012     
   2.6429999999678695        8374.2181276250521     
   2.6629999999678695        8349.8624888656104     
   2.6829999999678695        8354.1566963611949     
   2.7029999999678695        8358.4113149178884     
   2.7229999999678696        8402.6466905041034     
   2.7429999999678696        8414.5021678236099     
   2.7629999999678696        8432.1961614972952     
   2.7829999999678696        8433.3625632856383     
   2.8029999999678696        8433.3985143402660     
   2.8229999999678692        8446.9065171696420     
   2.8429999999678692        8448.9826589514214     
   2.8629999999678692        8467.4199462770266     
   2.8829999999678693        8486.8310981621380     
   2.9029999999678693        8444.4687351926532     
   2.9229999999678693        8467.8722886399537     
   2.9429999999678693        8494.0927832644793     
   2.9629999999678693        8483.0674678127689     
   2.9829999999678694        8513.7546575474425     
   3.0029999999678694        8542.9957309858237     
   3.0229999999678694        8539.3240047449435     
   3.0429999999678694        8544.1307413034829     
   3.0629999999678694        8541.3630851254566     
   3.0829999999678694        8533.6814706732421     
   3.1029999999678695        8517.4142826272728     
   3.1229999999678695        8516.2769770993564     
   3.1429999999678695        8502.4705527154947     
   3.1629999999678695        8486.7279569703624     
   3.1829999999678695        8498.9291957706628     
   3.2029999999678695        8502.9715865276085     
   3.2229999999678696        8505.7702010158609     
   3.2429999999678696        8469.1151429942438     
   3.2629999999678696        8496.8601501473950     
   3.2829999999678696        8496.1921316539592     
   3.3029999999678696        8531.7336979885658     
   3.3229999999678697        8501.9449447769675     
   3.3429999999678692        8478.9312139777012     
   3.3629999999678692        8449.3154511595985     
   3.3829999999678693        8460.2446972934340     
   3.4029999999678693        8465.0939076589384     
   3.4229999999678693        8447.2155059965971     
   3.4429999999678693        8460.5580043029968     
   3.4629999999678693        8467.0551859567822     
   3.4829999999678694        8509.9343090692564     
   3.5029999999678694        8548.4292677413578     
   3.5229999999678694        8573.3369909407247     
   3.5429999999678694        8613.8300845345420     
   3.5629999999678694        8612.8620112679400     
   3.5829999999678694        8631.7848457549208     
   3.6029999999678695        8668.5208251172553     
   3.6229999999678695        8655.9504686488253     
   3.6429999999678695        8674.6020205441255     
   3.6629999999678695        8661.8799626782675     
   3.6829999999678695        8689.2608820291080     
   3.7029999999678695        8675.0367903355618     
   3.7229999999678696        8623.6186019268571     
   3.7429999999678696        8587.1923376955037     
   3.7629999999678696        8581.5947664953492     
   3.7829999999678696        8558.1977657306452     
   3.8029999999678696        8544.0910724347104     
   3.8229999999678697        8569.2488587162770     
   3.8429999999678692        8564.2773584198530     
   3.8629999999678692        8522.6824602811539     
   3.8829999999678693        8494.6609110759255     
   3.9029999999678693        8509.3531979712880     
   3.9229999999678693        8504.0660206708944     
   3.9429999999678693        8517.0418408304504     
   3.9629999999678693        8563.3930133076192     
   3.9829999999678694        8580.6526439511072     
   4.0029999999678694        8616.1452217683018     
   4.0229999999678698        8635.8129499587449     
   4.0429999999678694        8630.3034233000417     
   4.0629999999678699        8674.2689333605231     
   4.0829999999678694        8732.9683366317131     
   4.1029999999678690        8735.2607287800074     
   4.1229999999678695        8774.6273234682940     
   4.1429999999678691        8786.3087713188834     
   4.1629999999678695        8739.8988038282841     
   4.1829999999678691        8711.2062270163551     
   4.2029999999678695        8719.5050345083910     
   4.2229999999678691        8713.4037072861429     
   4.2429999999678696        8719.7861806888577     
   4.2629999999678692        8724.4188260381634     
   4.2829999999678696        8701.2999147288119     
   4.3029999999678692        8700.8093629929426     
   4.3229999999678697        8701.3458280245759     
   4.3429999999678692        8674.0700452006349     
   4.3629999999678697        8703.3349175900548     
   4.3829999999678693        8712.7991663401190     
   4.4029999999678697        8724.7170458696728     
   4.4229999999678693        8751.0051773319574     
   4.4429999999678698        8759.8802539333246     
   4.4629999999678693        8794.0655329227575     
   4.4829999999678698        8829.4765338634243     
   4.5029999999678694        8866.7662119928700     
   4.5229999999678698        8913.2893036022397     
   4.5429999999678694        8940.8015800578814     
   4.5629999999678699        8986.4369670338638     
   4.5829999999678694        9000.3240065224745     
   4.6029999999678699        9044.2409710474240     
   4.6229999999678695        9100.2237934925961     
   4.6429999999678691        9102.9447177997517     
   4.6629999999678695        9135.3316377461251     
   4.6829999999678691        9193.1703172133239     
   4.7029999999678695        9194.6030256821159     
   4.7229999999678691        9214.3215005800266     
   4.7429999999678696        9246.3063054441991     
   4.7629999999678692        9265.1351474679195     
   4.7829999999678696        9231.8518033677028     
   4.8029999999678692        9209.3392969668857     
   4.8229999999678697        9206.1829161314254     
   4.8429999999678692        9185.0227053478175     
   4.8629999999678697        9179.8829848447804     
   4.8829999999678693        9142.2566471634073     
   4.9029999999678697        9190.1872835617651     
   4.9229999999678693        9149.5879323431091     
   4.9429999999678698        9129.7578535368648     
   4.9629999999678693        9074.9129763144629     
   4.9829999999678698        9046.1576734753180     
   5.0029999999678694        8965.7117673666216     
   5.0229999999678698        8948.4894979701039     
   5.0429999999678694        8963.6889235461567     
   5.0629999999678699        8947.1337940525518     
   5.0829999999678694        8991.4509370302549     
   5.1029999999678699        8995.2422631802910     
   5.1229999999678695        9008.0996278380007     
   5.1429999999678691        8996.7726632362537     
   5.1629999999678695        8988.7688959751886     
   5.1829999999678691        8986.1959976428952     
   5.2029999999678695        8996.5265402569967     
   5.2229999999678691        8962.5512945183546     
   5.2429999999678696        8992.5345973841650     
   5.2629999999678692        9020.6052213441435     
   5.2829999999678696        9041.5565416700592     
   5.3029999999678692        9010.4211518289740     
   5.3229999999678697        9036.5073161002638     
   5.3429999999678692        9022.6411899884915     
   5.3629999999678697        9041.3164516809029     
   5.3829999999678693        9048.1963501831760     
   5.4029999999678697        9008.2551249682438     
   5.4229999999678693        9043.7557554529958     
   5.4429999999678698        9058.3303717111030     
   5.4629999999678693        9078.2801820502846     
   5.4829999999678698        9073.6065776690157     
   5.5029999999678694        9089.1496592464337     
   5.5229999999678698        9111.2850084185611     
   5.5429999999678694        9131.7449517485129     
   5.5629999999678699        9134.9348222919962     
   5.5829999999678694        9113.6637178376968     
   5.6029999999678699        9097.2085671461537     
   5.6229999999678695        9112.7367821844255     
   5.6429999999678691        9134.6131909873311     
   5.6629999999678695        9107.5069141751610     
   5.6829999999678691        9098.3153141116618     
   5.7029999999678695        9100.9586638075216     
   5.7229999999678691        9139.4862935889887     
   5.7429999999678696        9154.5114967276277     
   5.7629999999678692        9116.2366584987431     
   5.7829999999678696        9050.0111542960840     
   5.8029999999678692        8995.3383723651987     
   5.8229999999678697        9013.9919037575000     
   5.8429999999678692        9005.7647983034913     
   5.8629999999678697        9046.7009884790623     
   5.8829999999678693        9086.1988658088285     
   5.9029999999678697        9105.8600462174563     
   5.9229999999678693        9121.5868784779104     
   5.9429999999678698        9151.2589422383389     
   5.9629999999678693        9193.1604529066317     
   5.9829999999678698        9215.9820113477490     
   6.0029999999678694        9218.8697250957957     
   6.0229999999678698        9230.1585376674502     
   6.0429999999678694        9249.3449944833592     
   6.0629999999678699        9280.0960138419414     
   6.0829999999678694        9318.8543599649529     
   6.1029999999678699        9332.3124947650867     
   6.1229999999678695        9389.9770084881839     
   6.1429999999678699        9367.6765402085548     
   6.1629999999678695        9398.2791363253527     
   6.1829999999678691        9439.7320087922872     
   6.2029999999678695        9458.8022025239425     
   6.2229999999678691        9427.7698616160542     
   6.2429999999678696        9386.8153032651826     
   6.2629999999678692        9389.2437520895437     
   6.2829999999678696        9461.9731602374650     
   6.3029999999678692        9491.9135955679685     
   6.3229999999678697        9495.4737588134285     
   6.3429999999678692        9546.1775923610276     
   6.3629999999678697        9562.0499719486997     
   6.3829999999678693        9542.6309147899101     
   6.4029999999678697        9580.5434716631062     
   6.4229999999678693        9583.1787185453541     
   6.4429999999678698        9600.5114275239448     
   6.4629999999678693        9606.2920594533098     
   6.4829999999678698        9593.7822364791191     
   6.5029999999678694        9609.8699479218285     
   6.5229999999678698        9599.3742664886468     
   6.5429999999678694        9610.5910051882711     
   6.5629999999678699        9576.1267240447924     
   6.5829999999678694        9606.7097978647835     
   6.6029999999678699        9629.7473894069881     
   6.6229999999678695        9620.2320248089618     
   6.6429999999678699        9605.4662906144385     
   6.6629999999678695        9555.2874347988291     
   6.6829999999678691        9521.3077229744940     
   6.7029999999678695        9495.9219586096388     
   6.7229999999678691        9447.1817175208726     
   6.7429999999678696        9466.7764508427790     
   6.7629999999678692        9515.7405575356570     
   6.7829999999678696        9478.6536814393367     
   6.8029999999678692        9449.6700995211722     
   6.8229999999678697        9469.0117545678968     
   6.8429999999678692        9434.7481181054955     
   6.8629999999678697        9450.6207764260580     
   6.8829999999678693        9444.5454588723205     
   6.9029999999678697        9468.9011758237702     
   6.9229999999678693        9418.7942419003484     
   6.9429999999678698        9470.8159041539675     
   6.9629999999678693        9457.8257226629739     
   6.9829999999678698        9483.0488907055169     
   7.0029999999678694        9490.9309058429008     
   7.0229999999678698        9512.9699016946379     
   7.0429999999678694        9528.4699534906795     
   7.0629999999678699        9553.9993483842718     
   7.0829999999678694        9571.5297235169492     
   7.1029999999678699        9612.9692084768685     
   7.1229999999678695        9665.7811559711772     
   7.1429999999678699        9685.1998136546390     
   7.1629999999678695        9716.4929767752346     
   7.1829999999678691        9756.6143945401927     
   7.2029999999678695        9762.6116180112840     
   7.2229999999678691        9749.9336964646354     
   7.2429999999678696        9761.9811239681858     
   7.2629999999678692        9762.0246468415953     
   7.2829999999678696        9776.4321145212925     
   7.3029999999678692        9778.2983243273065     
   7.3229999999678697        9778.3619200168650     
   7.3429999999678692        9801.1051452655993     
   7.3629999999678697        9792.4715456312570     
   7.3829999999678693        9781.3889786293457     
   7.4029999999678697        9746.4761568965041     
   7.4229999999678693        9696.9902142034789     
   7.4429999999678698        9672.5045260675561     
   7.4629999999678693        9654.6273615232658     
   7.4829999999678698        9633.4859880296335     
   7.5029999999678694        9613.9538916521415     
   7.5229999999678698        9559.3427808138640     
   7.5429999999678694        9535.6518702260473     
   7.5629999999678699        9524.3961288709143     
   7.5829999999678694        9479.3644131557558     
   7.6029999999678699        9450.8406168564052     
   7.6229999999678695        9411.5515888323480     
   7.6429999999678699        9407.6113418379027     
   7.6629999999678695        9328.7608775780373     
   7.6829999999678691        9278.1851958100415     
   7.7029999999678695        9174.3717607404797     
   7.7229999999678691        9134.8610082801479     
   7.7429999999678696        8998.9599253516335     
   7.7629999999678692        8940.2284433455425     
   7.7829999999678696        8878.9103952008263     
   7.8029999999678692        8845.6998772179595     
   7.8229999999678697        8725.5499851631448     
   7.8429999999678692        8645.7867804958278     
   7.8629999999678697        8602.2312537419130     
   7.8829999999678693        8477.3555296117629     
   7.9029999999678697        8410.9089223524570     
   7.9229999999678693        8326.2663554619448     
   7.9429999999678698        8213.5323933183281     
   7.9629999999678693        8095.6643566076427     
   7.9829999999678698        7989.0876894495614     
   8.0029999999678694        7910.6440588328787     
   8.0229999999678689        7740.7465538202805     
   8.0429999999678703        7654.1288088509109     
   8.0629999999678699        7516.3184770074831     
   8.0829999999678694        7415.0051572219209     
   8.1029999999678690        7218.1195530026225     
   8.1229999999678704        7114.7599261352743     
   8.1429999999678699        7009.7940996054658     
   8.1629999999678695        6903.2867440079772     
   8.1829999999678691        6737.3711806778665     
   8.2029999999678687        6601.2057278135153     
   8.2229999999678700        6466.5734224448433     
   8.2429999999678696        6343.9752516831913     
   8.2629999999678692        6212.8991667157616     
   8.2829999999678687        6024.2256122824638     
   8.3029999999678701        5890.6207190962314     
   8.3229999999678697        5593.2730746691432     
   8.3429999999678692        5454.1989235617048     
   8.3629999999678688        5221.6546473528006     
   8.3829999999678702        5086.8587988437002     
   8.4029999999678697        4850.1603458185355     
   8.4229999999678693        4651.9909929724245     
   8.4429999999678689        4458.2702088755395     
   8.4629999999678702        4321.5489032376900     
   8.4829999999678698        4119.7270503321706     
   8.5029999999678694        3918.2720576959973     
   8.5229999999678689        3780.3661201936670     
   8.5429999999678703        3550.0947241126059     
   8.5629999999678699        3414.4956349265617     
   8.5829999999678694        3267.9980339822450     
   8.6029999999678690        3059.9701524502821     
   8.6229999999678704        2928.5395184426452     
   8.6429999999678699        2726.0552941719657     
   8.6629999999678695        2527.4161769042557     
   8.6829999999678691        2312.9819085468353     
   8.7029999999678704        2192.4237615872962     
   8.7229999999678700        2074.0333972800386     
   8.7429999999678696        1878.7498537132365     
   8.7629999999678692        1770.1672015709671     
   8.7829999999678687        1589.5529894984184     
   8.8029999999678701        1489.6263242041064     
   8.8229999999678697        1345.7262812082333     
   8.8429999999678692        1249.4188052806464     
   8.8629999999678688        1157.7614925866633     
   8.8829999999678702        1011.1918123942902     
   8.9029999999678697        930.47225786882109     
   8.9229999999678693        846.23897426449150     
   8.9429999999678689        773.12560923563512     
   8.9629999999678702        686.95590994400038     
   8.9829999999678698        622.19554524367720     
   9.0029999999678694        559.89028049157389     
   9.0229999999678689        496.72465360960371     
   9.0429999999678703        440.43205989928157     
   9.0629999999678699        387.62468865023351     
   9.0829999999678694        338.56875769547906     
   9.1029999999678690        293.05816380041966     
   9.1229999999678704        248.23539374746588     
   9.1429999999678699        210.06275159036073     
   9.1629999999678695        175.03084784033891     
   9.1829999999678691        143.14832500528971     
   9.2029999999678704        114.14798156037895     
   9.2229999999678700        88.768984543737844     
   9.2429999999678696        65.295351433052531     
   9.2629999999678692        46.288939825126747     
   9.2829999999678687        30.611480162988812     
   9.3029999999678701        18.130539233433744     
   9.3229999999678697        9.3198043018331287     
   9.3429999999678692        3.6726470007925665     
   9.3629999999678688        1.2563235771081829     
   9.3829999999678702        2.0121913981512267     
   9.4029999999678697        5.8334990678803207     
   9.4229999999678693        12.780286259461660     
   9.4429999999678689        22.928017195860747     
   9.4629999999678702        36.249859438758186     
   9.4829999999678698        52.738715142093938     
   9.5029999999678694        73.075874962642189     
   9.5229999999678689        97.245136553183045     
   9.5429999999678703        124.49904054227338     
   9.5629999999678699        154.90046839901126     
   9.5829999999678694        187.56425579829403     
   9.6029999999678690        223.34200235774128     
   9.6229999999678704        262.84379262126259     
   9.6429999999678699        305.59736008284744     
   9.6629999999678695        351.26018782802026     
   9.6829999999678691        399.56421389883587     
   9.7029999999678704        451.60675996718936     
   9.7229999999678700        508.14677695928191     
   9.7429999999678696        566.99439853477134     
   9.7629999999678692        627.94520281257383     
   9.7829999999678687        693.95561693889078     
   9.8029999999678701        762.56640618357517     
   9.8229999999678697        832.43004226192113     
   9.8429999999678692        903.96224469004801     
   9.8629999999678688        987.56946595193449     
   9.8829999999678702        1066.1976728301549     
   9.9029999999678697        1148.8613716413486     
   9.9229999999678693        1235.7525192007749     
   9.9429999999678689        1322.8007244958553     
   9.9629999999678702        1412.3330702945486     
   9.9829999999678698        1503.5526636521156     
   10.002999999967869        1598.1414068148931     
   10.022999999967869        1693.8591146694782     
   10.042999999967870        1795.9187605059387     
   10.062999999967870        1896.1199392354624     
   10.082999999967869        2002.5697667258489     
   10.102999999967869        2104.7073465768108     
   10.122999999967870        2214.4622393495247     
   10.142999999967870        2337.8951526938481     
   10.162999999967870        2451.9454730583102     
   10.182999999967869        2577.5779400771980     
   10.202999999967870        2699.8372593733388     
   10.222999999967870        2823.8922611506669     
   10.242999999967870        2939.0333344940800     
   10.262999999967869        3056.9126488504780     
   10.282999999967869        3189.5959489936913     
   10.302999999967870        3305.9606258838244     
   10.322999999967870        3441.3868417661297     
   10.342999999967869        3560.0069861892525     
   10.362999999967869        3678.5099982014590     
   10.382999999967870        3797.2550293313366     
   10.402999999967870        3940.4728651529235     
   10.422999999967869        4075.1374233265851     
   10.442999999967869        4205.7859332540556     
   10.462999999967870        4348.9343903818553     
   10.482999999967870        4479.8978642018928     
   10.502999999967869        4609.1075547374348     
   10.522999999967869        4749.5619333102213     
   10.542999999967870        4887.3702330650667     
   10.562999999967870        5042.1531932424859     
   10.582999999967869        5185.0642503037925     
   10.602999999967869        5318.8927882870994     
   10.622999999967870        5459.8796283607107     
   10.642999999967870        5595.0212599025672     
   10.662999999967870        5742.8077545967999     
   10.682999999967869        5871.8766973015390     
   10.702999999967870        6007.6900791762509     
   10.722999999967870        6139.0545284078098     
   10.742999999967870        6273.2934766806029     
   10.762999999967869        6414.2749853240239     
   10.782999999967869        6539.8400730264020     
   10.802999999967870        6662.7102820058299     
   10.822999999967870        6785.9175504252717     
   10.842999999967869        6926.8766847459474     
   10.862999999967869        7061.7727377029178     
   10.882999999967870        7183.1799957031908     
   10.902999999967870        7299.5955895977468     
   10.922999999967869        7431.6406556498214     
   10.942999999967869        7490.1572153659681     
   10.962999999967870        7607.8265426933867     
   10.982999999967870        7721.5243238119419     
   11.002999999967869        7839.1044633456131     
   11.022999999967869        7950.5605662297157     
   11.042999999967870        8052.8396290557130     
   11.062999999967870        8178.6899290132233     
   11.082999999967869        8279.0705433335988     
   11.102999999967869        8377.8076152146332     
   11.122999999967870        8471.2459483904149     
   11.142999999967870        8505.7479334087311     
   11.162999999967870        8562.7093748122916     
   11.182999999967869        8671.2801936028663     
   11.202999999967870        8632.6184481653072     
   11.222999999967870        8722.7156534299884     
   11.242999999967870        8811.1445855970669     
   11.262999999967869        8948.3151727415207     
   11.282999999967869        9024.5659165820871     
   11.302999999967870        9035.6398164069815     
   11.322999999967870        9121.4425609856589     
   11.342999999967869        9145.6042439353805     
   11.362999999967869        9228.6376320245436     
   11.382999999967870        9213.1671066225645     
   11.402999999967870        9305.8113093670745     
   11.422999999967869        9387.6760283876938     
   11.442999999967869        9485.4833173512288     
   11.462999999967870        9569.3584821048717     
   11.482999999967870        9644.7502444662641     
   11.502999999967869        9717.3353036476346     
   11.522999999967869        9788.4620735297794     
   11.542999999967870        9780.0549169420028     
   11.562999999967870        9852.9098251959022     
   11.582999999967869        9871.9227062108657     
   11.602999999967869        9870.7029071799934     
   11.622999999967870        9948.4233520037305     
   11.642999999967870        10025.055853634156     
   11.662999999967870        10032.715336408459     
   11.682999999967869        10108.818212517774     
   11.702999999967870        10177.394468356946     
   11.722999999967870        10254.015424523182     
   11.742999999967870        10327.906038628762     
   11.762999999967869        10399.015654075121     
   11.782999999967869        10467.970346394501     
   11.802999999967870        10535.593913527910     
   11.822999999967870        10510.699340956036     
   11.842999999967869        10579.758001508990     
   11.862999999967869        10646.597568865875     
   11.882999999967870        10710.448002354045     
   11.902999999967870        10811.156831309196     
   11.922999999967869        10868.992526626997     
   11.942999999967869        10931.904925047471     
   11.962999999967870        10992.873537065800     
   11.982999999967870        11003.961344184290     
   12.002999999967869        11068.965939477985     
   12.022999999967869        11075.863132068249     
   12.042999999967870        11137.432512166139     
   12.062999999967870        11193.315558606813     
   12.082999999967869        11244.110124030396     
   12.102999999967869        11290.909095925490     
   12.122999999967870        11334.964243578950     
   12.142999999967870        11390.352278018085     
   12.162999999967870        11430.619874912334     
   12.182999999967869        11469.496290071345     
   12.202999999967870        11509.790787901980     
   12.222999999967870        11548.241842456904     
   12.242999999967870        11583.423362513891     
   12.262999999967869        11615.173868986132     
   12.282999999967871        11573.456219028240     
   12.302999999967870        11608.127074245220     
   12.322999999967870        11644.642521438098     
   12.342999999967869        11675.169822571173     
   12.362999999967869        11740.130453753227     
   12.382999999967870        11785.926652049184     
   12.402999999967870        11806.847648658211     
   12.422999999967869        11749.157362472619     
   12.442999999967869        11769.231952580440     
   12.462999999967870        11788.571529120751     
   12.482999999967870        11643.463101236222     
   12.502999999967869        11659.205666160738     
   12.522999999967869        11671.061555876871     
   12.542999999967870        11681.826110175361     
   12.562999999967870        11732.064797886704     
   12.582999999967869        11746.738762995621     
   12.602999999967869        11758.804044883225     
   12.622999999967870        11687.486189558196     
   12.642999999967870        11696.337472835165     
   12.662999999967870        11705.249732308728     
   12.682999999967869        11710.670786674546     
   12.702999999967870        11712.912232376153     
   12.722999999967870        11714.687428586738     
   12.742999999967870        11718.437266687615     
   12.762999999967869        11720.984919500577     
   12.782999999967871        11752.708665547394     
   12.802999999967870        11750.892900502466     
   12.822999999967870        11746.338309989946     
   12.842999999967869        11739.525818294713     
   12.862999999967869        11730.089936943712     
   12.882999999967870        11742.458051477452     
   12.902999999967870        11735.122493957777     
   12.922999999967869        11729.064072792067     
   12.942999999967869        11721.265737299693     
   12.962999999967870        11663.951138455081     
   12.982999999967870        11682.684150157565     
   13.002999999967869        11673.722584669626     
   13.022999999967869        11663.256799159495     
   13.042999999967870        11650.347521117423     
   13.062999999967870        11635.697509638863     
   13.082999999967869        11620.292299922401     
   13.102999999967869        11604.111294403770     
   13.122999999967870        11587.656721374024     
   13.142999999967870        11572.230015573683     
   13.162999999967870        11592.283875811236     
   13.182999999967869        11583.012479080375     
   13.202999999967870        11573.257187149338     
   13.222999999967870        11561.994212724303     
   13.242999999967870        11544.387387089220     
   13.262999999967869        11536.618590991480     
   13.282999999967871        11520.272237368767     
   13.302999999967870        11514.080945891701     
   13.322999999967870        11511.738947944668     
   13.342999999967869        11507.548695961697     
   13.362999999967869        11503.359555491408     
   13.382999999967870        11499.400527216660     
   13.402999999967870        11481.252990030112     
   13.422999999967869        11481.029635408047     
   13.442999999967869        11499.639176393786     
   13.462999999967870        11502.403677373924     
   13.482999999967870        11505.235006061175     
   13.502999999967869        11508.054885260486     
   13.522999999967869        11511.165917009661     
   13.542999999967870        11514.244300598668     
   13.562999999967870        11516.278191691026     
   13.582999999967869        11518.247125411370     
   13.602999999967869        11523.035629000644     
   13.622999999967870        11527.364849803856     
   13.642999999967870        11530.458084607335     
   13.662999999967870        11533.531654043149     
   13.682999999967869        11536.024259712225     
   13.702999999967870        11537.867459376375     
   13.722999999967870        11539.801642647239     
   13.742999999967870        11543.827333170764     
   13.762999999967869        11547.191488362350     
   13.782999999967871        11550.374578739324     
   13.802999999967870        11602.592274242003     
   13.822999999967870        11605.826268463252     
   13.842999999967869        11658.827989584599     
   13.862999999967869        11710.358024186447     
   13.882999999967870        11712.628650162043     
   13.902999999967870        11714.466373233832     
   13.922999999967869        11715.779407410047     
   13.942999999967869        11767.094559403900     
   13.962999999967870        11767.824612313780     
   13.982999999967870        11819.357732315644     
   14.002999999967869        11870.306147918573     
   14.022999999967869        11920.771075016002     
   14.042999999967870        11971.990138045065     
   14.062999999967870        11969.850833857743     
   14.082999999967869        11945.638034177817     
   14.102999999967869        12002.970163716274     
   14.122999999967870        12006.459271536456     
   14.142999999967870        12009.115608926455     
   14.162999999967870        12010.823329623379     
   14.182999999967869        12066.238235168616     
   14.202999999967870        12067.230519074310     
   14.222999999967870        12122.486285744786     
   14.242999999967870        12123.773617168252     
   14.262999999967869        12231.306721296824     
   14.282999999967871        12291.863604606655     
   14.302999999967870        12262.680869447619     
   14.322999999967870        12267.517913421003     
   14.342999999967869        12270.532224996552     
   14.362999999967869        12327.977056005979     
   14.382999999967870        12328.267340461882     
   14.402999999967870        12327.120595510987     
   14.422999999967869        12381.837169603963     
   14.442999999967869        12303.258273297866     
   14.462999999967870        12356.795677053706     
   14.482999999967870        12351.864726919417     
   14.502999999967869        12346.781761078155     
   14.522999999967869        12340.724781717256     
   14.542999999967870        12334.693778851382     
   14.562999999967870        12329.499361462151     
   14.582999999967869        12324.862061325302     
   14.602999999967869        12320.789287214258     
   14.622999999967870        12316.242811280572     
   14.642999999967870        12311.655135001100     
   14.662999999967870        12418.948749479203     
   14.682999999967869        12413.178092156604     
   14.702999999967870        12407.056672996589     
   14.722999999967870        12399.112786553746     
   14.742999999967870        12388.551916048433     
   14.762999999967869        12376.911595777025     
   14.782999999967871        12426.131090834611     
   14.802999999967870        12384.473998696687     
   14.822999999967870        12304.042263253938     
   14.842999999967869        12294.746102847832     
   14.862999999967869        12284.269695956929     
   14.882999999967870        12259.137443603429     
   14.902999999967870        12249.889247329354     
   14.922999999967869        12240.118806916869     
   14.942999999967869        12230.137227241787     
   14.962999999967870        12219.341095922458     
   14.982999999967870        12209.191387909897     
   15.002999999967869        12200.280512006737     
   15.022999999967869        12191.427603827626     
   15.042999999967870        12095.613709758363     
   15.062999999967870        12082.832737981153     
   15.082999999967869        12067.026709768365     
   15.102999999967869        12048.677113692384     
   15.122999999967870        12087.693664378783     
   15.142999999967870        12066.836952632622     
   15.162999999967870        12043.650316106519     
   15.182999999967869        12019.586561276916     
   15.202999999967870        11996.198759817637     
   15.222999999967870        11972.001474769961     
   15.242999999967870        11947.253710029183     
   15.262999999967869        11983.465445731583     
   15.282999999967871        12019.573388439321     
   15.302999999967870        11942.801724317524     
   15.322999999967870        11917.960525547725     
   15.342999999967869        11890.384266647892     
   15.362999999967869        11862.099949076786     
   15.382999999967870        11719.360567325048     
   15.402999999967870        11690.740160078683     
   15.422999999967869        11715.684001392854     
   15.442999999967869        11681.727456136929     
   15.462999999967870        11701.794484649497     
   15.482999999967870        11665.336347369577     
   15.502999999967869        11520.274635621050     
   15.522999999967869        11480.549676888109     
   15.542999999967870        11439.718419140867     
   15.562999999967870        11398.741650023130     
   15.582999999967869        11457.200189282657     
   15.602999999967869        11417.603649633445     
   15.622999999967870        11376.876110358704     
   15.642999999967870        11215.278542235093     
   15.662999999967870        11107.778567926352     
   15.682999999967869        11161.516911680365     
   15.702999999967870        11221.100637961699     
   15.722999999967870        11181.333292815858     
   15.742999999967870        11180.442744984595     
   15.762999999967869        11136.285530138053     
   15.782999999967871        11091.992556356632     
   15.802999999967870        11082.772046853745     
   15.822999999967870        11011.534525266723     
   15.842999999967869        10999.808293773147     
   15.862999999967871        11000.267581113683     
   15.882999999967870        10951.057760133317     
   15.902999999967870        10778.548777889853     
   15.922999999967869        10755.318851517119     
   15.942999999967869        10750.843306791059     
   15.962999999967870        10699.135453404462     
   15.982999999967870        10693.912434055632     
   16.002999999967869        10643.256990051370     
   16.022999999967869        10606.532182986803     
   16.042999999967869        10441.479679589884     
   16.062999999967868        10390.899900447284     
   16.082999999967871        10337.692909149679     
   16.102999999967871        10281.158594716488     
   16.122999999967870        10107.330763023385     
   16.142999999967870        10082.929121983399     
   16.162999999967870        10023.327224608467     
   16.182999999967869        9738.8547928343360     
   16.202999999967869        9680.9286620540570     
   16.222999999967868        9621.5450482208762     
   16.242999999967871        9560.1961478840567     
   16.262999999967871        9495.8426960296420     
   16.282999999967871        9431.6659523621674     
   16.302999999967870        9364.6892318522387     
   16.322999999967870        9321.8613922985442     
   16.342999999967869        9256.6640976039289     
   16.362999999967869        9190.4284159714789     
   16.382999999967868        9121.8404417239944     
   16.402999999967868        9005.0221627719347     
   16.422999999967871        8903.3735631682866     
   16.442999999967871        8831.4690508331332     
   16.462999999967870        8758.7439403131139     
   16.482999999967870        8681.7524546846616     
   16.502999999967869        8630.3718850278219     
   16.522999999967869        8565.0485265727657     
   16.542999999967869        8483.5255412010174     
   16.562999999967868        8399.9931666071534     
   16.582999999967871        8314.3281856161375     
   16.602999999967871        8226.3869756441891     
   16.622999999967870        8045.6621660861165     
   16.642999999967870        7955.7426705910520     
   16.662999999967870        7865.1709653967846     
   16.682999999967869        7774.0090267313017     
   16.702999999967869        7572.0697055904284     
   16.722999999967868        7365.1935062136517     
   16.742999999967871        7276.6860833431219     
   16.762999999967871        7186.9071239832210     
   16.782999999967871        6991.2204838403713     
   16.802999999967870        6766.5304549546399     
   16.822999999967870        6680.4539737151363     
   16.842999999967869        6593.6576973393721     
   16.862999999967869        6429.9882473078851     
   16.882999999967868        6267.1927745845624     
   16.902999999967868        6197.6771180575342     
   16.922999999967871        6110.0572612916703     
   16.942999999967871        6021.1330065789898     
   16.962999999967870        5767.3407981281080     
   16.982999999967870        5677.5628243235542     
   17.002999999967869        5599.3721208051784     
   17.022999999967869        5335.2598359274398     
   17.042999999967869        5246.0823864407512     
   17.062999999967868        5156.9765832727271     
   17.082999999967871        4825.6013159372296     
   17.102999999967871        4742.2559661389951     
   17.122999999967870        4657.8455266294468     
   17.142999999967870        4572.2115537796353     
   17.162999999967870        4491.1568450598734     
   17.182999999967869        4209.1963423701600     
   17.202999999967869        4127.5123162246746     
   17.222999999967868        4041.8113385438264     
   17.242999999967871        3955.8359668525527     
   17.262999999967871        3869.9550894392737     
   17.282999999967871        3738.0276232992574     
   17.302999999967870        3654.5285589476089     
   17.322999999967870        3373.8504382375368     
   17.342999999967869        3294.2168947143759     
   17.362999999967869        2966.9406325950063     
   17.382999999967868        2892.1952581489427     
   17.402999999967872        2818.4275055902308     
   17.422999999967871        2745.6292038379329     
   17.442999999967871        2673.6691473713422     
   17.462999999967870        2565.9639360820775     
   17.482999999967870        2304.0207642456994     
   17.502999999967869        2239.2799151504501     
   17.522999999967869        2175.5268091958455     
