   10.087024057386476       0.34707688574583384        664.00000000000000        290.00000000000000        65.827145471490113        28.838891170037101      NGC0925
   18.338771982996860       0.81484079480373761        1594.0000000000000        437.00000000000000        86.919669511017815        24.140233955840344      NGC1365
   23.429800875869780       0.74659587159988405        1473.0000000000000        8.0000000000000000        62.868652098406621        2.0322133251453081      NGC1425
   3.4680591217843371        6.7242069312650851E-002   278.00000000000000        85.000000000000000        80.160109801405966        24.558615812925254      NGC2403
   10.869840656580136       0.39949817579258534        714.00000000000000        222.00000000000000        65.686335481631460        20.565670925601534      NGC2541
   11.887462037532643       0.16565300023039969        772.00000000000000        76.000000000000000        64.942373532932521        6.4570234437613880      NGC3198
   6.8263637909758224       0.10119850838287331        609.00000000000000        411.00000000000000        89.212942446031576        60.222273472043803      NGC3621
   15.554772893432785       0.12610118447695945        1444.0000000000000        34.000000000000000        92.833242239727966        2.3117571014099698      NGC4535
   14.110774212469677       0.46062639734937677        1423.0000000000000        40.000000000000000        100.84492732811898        4.3442461976640043      NGC4536
   19.519995564816881       0.27502417903272719        1403.0000000000000        45.000000000000000        71.875016330884179        2.5179446127289791      NGC4639
