   11.781000000004278        2.3432313770037183E-002   25.438676472698958       0.25347915759016926       -4.3120810615483451        2.5051177606887176E-003   29.750757534247303       0.25349153624453968        8.9156191186999880        1.0407841136116112      NGC0925a
   18.306999999994588        5.8695906405215936E-002   25.001169601161877       0.25732258274311504       -4.8672590220884135        4.0381808032135024E-003   29.868428623250288       0.25735426651560828        9.4120824868961535        1.1154825519239115      NGC0925b
   8.3580000000254948        3.4219117285898548E-002   26.191607809908007        8.1788431222327360E-002  -3.8797369119946943        5.1565776673299490E-003   30.071344721902701        8.1950825346963893E-002   10.334011592196282       0.39000301151154770      NGC0925c
   21.120000000012222        4.2430831429353333E-002   26.283347916546397       0.23321578293529041       -5.0472868594692919        2.5303625765313296E-003   31.330634776015689       0.23322950959278119        18.455548424434635        1.9822395575615932      NGC1365a
   9.3629999999678688        2.5117177239620148E-002   27.306539518656727       0.36189430320521626       -4.0227478371244327        3.3787101361929207E-003   31.329287355781162       0.36191007498351496        18.444100125278364        3.0739997570726545      NGC1365b
   14.613000000006723        7.6303674222668150E-002   26.729218858053667       0.11064039728625827       -4.5834050319315480        6.5765964616040550E-003   31.312623889985215       0.11083568528538022        18.303105288562637       0.93422196322550966      NGC1365c
   12.962999999989698        1.4360572322694054E-002   28.117061978793902       0.11794107390668823       -4.4325023744811460        1.3952799559409589E-003   32.549564353275045       0.11794932691803861        32.352874319826363        1.7573328277919544      NGC1425a
   15.302999999999930        7.4019820011940851E-002   27.092257445753603       0.10539289403926189       -4.6415146095564719        6.0920936990364266E-003   31.733772055310077       0.10556881982673161        22.220529878300667        1.0802785726848838      NGC1425b
   18.875999999985506        7.2898410080007636E-002   26.643219839764232       0.13577724409290701       -4.9058092426072397        4.8641080719794699E-003   31.549029082371472       0.13586434249206356        20.408252385074107        1.2769003094669162      NGC1425c
   7.7890000000345756        9.9167054632730789E-002   23.759584524854862        7.6715396859634827E-002  -3.7909343683222896        1.6035438424330407E-002   27.550518893177152        7.8373384517907360E-002   3.2367099183081898       0.11682023215620919      NGC2403a
   14.453000000001266        5.1889980556021342E-002   23.213297226921455        5.0914546185734134E-002  -4.5695386159770521        4.5218966607883148E-003   27.782835842898507        5.1114954394091978E-002   3.6021945812171543        8.4793161971870520E-002 NGC2403b
   11.112000000002444        3.5493451740711279E-002   23.337319873225418       0.22344227039452116       -4.2384481107666705        4.0230101817847579E-003   27.575767983992087       0.22347848399785841        3.2745648583832940       0.33700395505701275      NGC2403c
   19.112000000002446        8.0178061376010135E-002   25.341208426767853       0.14265085238179803       -4.9214585919150586        5.2837777580029771E-003   30.262667018682912       0.14274867422378920        11.285827390698755       0.74190990890815223      NGC2541a
   15.214999999992143        8.1190535242544826E-002   25.661434096131696       0.15057053226689604       -4.6342509926509727        6.7209176738777443E-003   30.295685088782669       0.15072045621452790        11.458744021175489       0.79534380402365057      NGC2541b
   8.9720000000024456        2.5127634824176681E-002   26.091312865678489       0.12465688361825147       -3.9690215517869243        3.5274224521276315E-003   30.060334417465413       0.12470678146183578        10.281746299003860       0.59047652787886495      NGC2541c
   15.257999999981839       0.10130893947920327        25.885606424319739        3.7403673691688608E-002  -4.6378054937725945        8.3626762972812720E-003   30.523411918092336        3.8327133476004027E-002   12.725720593587200       0.22461275106755987      NGC3198a
   13.764000000004890        7.7179638930696015E-002   26.251557552254841       0.15360040285118373       -4.5080181178426635        7.0624145532106053E-003   30.759575670097504       0.15376267900686216        14.187802491307400        1.0046429835917863      NGC3198b
   11.209999999999972        3.5423045066277581E-002   25.893063356337532        5.1281193589592398E-002  -4.2495072387936812        3.9799297551369895E-003   30.142570595131211        5.1435402757527594E-002   10.678595083643554       0.25294258246372059      NGC3198c
   10.092000000002445        4.3444150753849442E-002   25.098582578954886       0.21277112847864083       -4.1171810579245482        5.4218712207916697E-003   29.215763636879434       0.21284019780485341        6.9687153829081527       0.68304932360357051      NGC3621a
   21.503000000011525       0.14433935572482071        24.129020335324000        4.2550324149513589E-002  -5.0699224366370670        8.4543619189480033E-003   29.198942771961068        4.3382096776034669E-002   6.9149422011712556       0.13814805588007703      NGC3621b
   14.587000000016415        5.6351736997905633E-002   24.552971559178857        4.9038680178196535E-002  -4.5811621018548063        4.8656005545738654E-003   29.134133661033665        4.9279470597563400E-002   6.7116103052321012       0.15231351835258602      NGC3621c
   8.2350000000030565        4.0000739402717755E-002   27.185370199030011       0.23533867510218867       -3.8610639472709103        6.1178601288474181E-003   31.046434146300921       0.23541818156508146        16.191490496027875        1.7553855313558109      NGC4535a
   10.414999999998908       0.13683817149511590        26.801698915082635        6.2881134191074333E-003  -4.1568601231492224        1.6547908691746764E-002   30.958559038231858        1.7702362905610853E-002   15.549334548976809       0.12676189755874462      NGC4535b
   17.745999999979396        3.9761417159112966E-002   26.186427289979129       0.23714438976044952       -4.8280594224534301        2.8219967264731627E-003   31.014486712432557       0.23716117991859506        15.955019616387622        1.7425555403164272      NGC4535c
   16.763000000000613        9.1636699874712235E-002   26.182798756007198       0.15847423029846372       -4.7562859807220494        6.8851407591747843E-003   30.939084736729249       0.15862372720360648        15.410507719048393        1.1257210369253376      NGC4536a
   12.243000000011525        5.1923366569875284E-002   26.540625239367724       0.11351468822540507       -4.3605290026808579        5.3415847282564100E-003   30.901154242048584       0.11364029641953623        15.143659929138316       0.79251755430192394      NGC4536b
   18.580999999999502        4.1668062417308249E-002   25.678005792230568       0.10964014570331296       -4.8859700895477385        2.8244204714084086E-003   30.563975881778305       0.10967651936874641        12.965676345184146       0.65486913237745137      NGC4536c
   28.432999999995811        8.3792829836852434E-002   26.018129889441980        3.1058803299222889E-002  -5.4217713490485195        3.7117549845999106E-003   31.439901238490499        3.1279807982874844E-002   19.407976054787884       0.27956964208688112      NGC4639a
   17.044000000004889        7.9538386129058836E-002   26.998998457354446       0.18444713286831299       -4.7772239622144435        5.8776047397498810E-003   31.776222419568889       0.18454075718067767        22.659195367258079        1.9256726688552479      NGC4639b
   15.090000000000655        2.7312494058751469E-002   27.209457240688984       0.23576380449693726       -4.6238608069144407        2.2796451397644538E-003   31.833318047603424       0.23577482540091788        23.262886915618278        2.5258451716054968      NGC4639c
