   63293.089000000000        26.609999999999999     
   63293.125425425424        26.617607878333672     
   63293.161850850847        26.625204583838922     
   63293.198276276278        26.632778943688827     
   63293.234701701702        26.640319785051943     
   63293.271127127126        26.647815935101356     
   63293.307552552549        26.655256221008646     
   63293.343977977980        26.662629469946850     
   63293.380403403404        26.669924509084595     
   63293.416828828827        26.677130165594939     
   63293.453254254251        26.684235266649459     
   63293.489679679682        26.691228639421105     
   63293.526105105106        26.698099111078669     
   63293.562530530529        26.704835508795124     
   63293.598955955953        26.711426600490125     
   63293.635381381384        26.717851105533686     
   63293.671806806808        26.724066447504065     
   63293.708232232231        26.730027335022619     
   63293.744657657655        26.735688476709388     
   63293.781083083086        26.741004651543836     
   63293.817508508509        26.745946663970738     
   63293.853933933933        26.750521634231852     
   63293.890359359357        26.754741684447239     
   63293.926784784788        26.758618936737669     
   63293.963210210211        26.762165513221639     
   63293.999635635635        26.765393536020007     
   63294.036061061059        26.768315127252812     
   63294.072486486490        26.770942409040590     
   63294.108911911913        26.773287503502345     
   63294.145337337337        26.775362532758660     
   63294.181762762761        26.777179618929591     
   63294.218188188192        26.778750884135462     
   63294.254613613615        26.780088450534112     
   63294.291039039039        26.781204568162771     
   63294.327464464463        26.782111899962963     
   63294.363889889893        26.782823192057869     
   63294.400315315317        26.783351190570251     
   63294.436740740741        26.783708641623313     
   63294.473166166164        26.783908291340108     
   63294.509591591588        26.783962885843689     
   63294.546017017019        26.783885171257069     
   63294.582442442443        26.783687893703338     
   63294.618867867866        26.783383799305536     
   63294.655293293290        26.782985634186716     
   63294.691718718721        26.782506144469821     
   63294.728144144145        26.781958076278094     
   63294.764569569568        26.781354175734499     
   63294.800994994992        26.780707188962079     
   63294.837420420423        26.780029862083747     
   63294.873845845847        26.779285805180869     
   63294.910271271270        26.778214745449734     
   63294.946696696694        26.776492679960626     
   63294.983122122125        26.773795601206267     
   63295.019547547548        26.769799520373191     
   63295.055972972972        26.764456527230678     
   63295.092398398396        26.758691118384700     
   63295.128823823827        26.753641772162034     
   63295.165249249250        26.750446966892511     
   63295.201674674674        26.749946249657398     
   63295.238100100098        26.749668634598020     
   63295.274525525529        26.747017171093347     
   63295.310950950952        26.742425180406485     
   63295.347376376376        26.736590525892289     
   63295.383801801800        26.730211070905884     
   63295.420227227230        26.723881267013034     
   63295.456652652654        26.717738988077848     
   63295.493078078078        26.711796139908209     
   63295.529503503501        26.706064624243982     
   63295.565928928932        26.700556342823951     
   63295.602354354356        26.695283197390182     
   63295.638779779780        26.690257089681410     
   63295.675205205203        26.685489921437501     
   63295.711630630634        26.680993594397449     
   63295.748056056058        26.676777993861347     
   63295.784481481482        26.672836590927417     
   63295.820906906905        26.669154863732665     
   63295.857332332329        26.665718236885745     
   63295.893757757760        26.662512134994692     
   63295.930183183184        26.659521982669435     
   63295.966608608607        26.656733204517963     
   63296.003034034031        26.654131225148923     
   63296.039459459462        26.651701469170501     
   63296.075884884885        26.649429361192311     
   63296.112310310309        26.647300325822517     
   63296.148735735733        26.645299787669749     
   63296.185161161164        26.643413171342310     
   63296.221586586587        26.641625901449594     
   63296.258012012011        26.639923402599862     
   63296.294437437435        26.638291099401769     
   63296.330862862866        26.636714416463654     
   63296.367288288289        26.635178778394796     
   63296.403713713713        26.633669609803526     
   63296.440139139137        26.632172335298499     
   63296.476564564568        26.630672379488061     
   63296.512989989991        26.629155166981459     
   63296.549415415415        26.627606122387050     
   63296.585840840839        26.626010670313477     
   63296.622266266269        26.624354235369061     
   63296.658691691693        26.622622242163111     
   63296.695117117117        26.620800115303950     
   63296.731542542540        26.618873279400233     
   63296.767967967971        26.616827159060190     
   63296.804393393395        26.614647178893282     
   63296.840818818819        26.612318763507769     
   63296.877244244242        26.609827337512300     
   63296.913669669673        26.607158325514973     
   63296.950095095097        26.604297152125504     
   63296.986520520521        26.601229241952030     
   63297.022945945944        26.597940019603207     
   63297.059371371375        26.594414909686943     
   63297.095796796799        26.590639336813311     
   63297.132222222222        26.586598725590274     
   63297.168647647646        26.582278500626483     
   63297.205073073070        26.577664086530589     
   63297.241498498501        26.572740907910234     
   63297.277923923924        26.567494389376023     
   63297.314349349348        26.561909955535661     
   63297.350774774772        26.555973030997805     
   63297.387200200203        26.549669040369796     
   63297.423625625626        26.542983408262813     
   63297.460051051050        26.535901559284277     
   63297.496476476474        26.528408918042846     
   63297.532901901905        26.520490909145540     
   63297.569327327328        26.512132957204177     
   63297.605752752752        26.503320486825860     
   63297.642178178176        26.494118658731900     
   63297.678603603606        26.485579403952830     
   63297.715029029030        26.478508565232623     
   63297.751454454454        26.472847643432409     
   63297.787879879877        26.468506416137693     
   63297.824305305308        26.465394660933494     
   63297.860730730732        26.463422155406555     
   63297.897156156156        26.462498677141639     
   63297.933581581579        26.462534003724265     
   63297.970007007010        26.463437912740211     
   63298.006432432434        26.465120181774608     
   63298.042857857858        26.467490588413071     
   63298.079283283281        26.470458910241113     
   63298.115708708712        26.473934924844983     
   63298.152134134136        26.477828409808797     
   63298.188559559560        26.482049142718708     
   63298.224984984983        26.486506901160240     
   63298.261410410414        26.491111462719829     
   63298.297835835838        26.495772604981131     
   63298.334261261261        26.500400105530570     
   63298.370686686685        26.504903741953662     
   63298.407112112116        26.509193291836752     
   63298.443537537540        26.513178532763622     
   63298.479962962963        26.516769242320667     
   63298.516388388387        26.519875198093395     
   63298.552813813811        26.522430784291057     
   63298.589239239242        26.524482799615143     
   63298.625664664665        26.526110126514830     
   63298.662090090089        26.527391649881608     
   63298.698515515513        26.528406254606523     
   63298.734940940943        26.529232825580767     
   63298.771366366367        26.529950247695059     
   63298.807791791791        26.530626927668166     
   63298.844217217214        26.531279173031862     
   63298.880642642645        26.531907129718093     
   63298.917068068069        26.532510938698021     
   63298.953493493493        26.533090740943180     
   63298.989918918916        26.533646677424986     
   63299.026344344347        26.534178889114937     
   63299.062769769771        26.534687516984235     
   63299.099195195195        26.535172702004395     
   63299.135620620618        26.535634585146838     
   63299.172046046049        26.536073307383035     
   63299.208471471473        26.536489009684232     
   63299.244896896897        26.536881833021930     
   63299.281322322320        26.537251918367531     
   63299.317747747751        26.537599406692507     
   63299.354173173175        26.537924438968133     
   63299.390598598598        26.538227156165892     
   63299.427024024022        26.538507699257188     
   63299.463449449453        26.538766209213474     
   63299.499874874877        26.539002827006062     
   63299.536300300300        26.539217693606410     
   63299.572725725724        26.539410949985928     
   63299.609151151155        26.539582737116056     
   63299.645576576579        26.539733195968136     
   63299.682002002002        26.539862467513608     
   63299.718427427426        26.539970692723880     
   63299.754852852857        26.540058012570380     
   63299.791278278281        26.540124568024478     
   63299.827703703704        26.540170500057602     
   63299.864129129128        26.540195949641159     
   63299.900554554551        26.540201057746557     
   63299.936979979982        26.540185965345206     
   63299.973405405406        26.540150813408513     
   63300.009830830830        26.540095742907884     
   63300.046256256253        26.540020894814731     
   63300.082681681684        26.539904122498200     
   63300.119107107108        26.539535605267382     
   63300.155532532532        26.538611501474957     
   63300.191957957955        26.536827267083815     
   63300.228383383386        26.533878358056121     
   63300.264808808810        26.529460681736822     
   63300.301234234234        26.523800402762632     
   63300.337659659657        26.518666600454431     
   63300.374085085088        26.515143365219316     
   63300.410510510512        26.512640251491288     
   63300.446935935935        26.510400397472679     
   63300.483361361359        26.507745314963056     
   63300.519786786790        26.504517235813339     
   63300.556212212214        26.500770702147914     
   63300.592637637637        26.496560880538905     
   63300.629063063061        26.491942937559031     
   63300.665488488492        26.486972039779968     
   63300.701913913916        26.481703353776425     
   63300.738339339339        26.476192046120154     
   63300.774764764763        26.470493283383867     
   63300.811190190194        26.464662232139098     
   63300.847615615618        26.458754058960899     
   63300.884041041041        26.452823930420820     
   63300.920466466465        26.446927013091582     
   63300.956891891896        26.441118473544737     
   63300.993317317319        26.435446140025903     
   63301.029742742743        26.429904444099826     
   63301.066168168167        26.424464208869853     
   63301.102593593598        26.419096152849129     
   63301.139019019021        26.413770994554007     
   63301.175444444445        26.408459452497617     
   63301.211869869869        26.403132245194168     
   63301.248295295292        26.397760091157878     
   63301.284720720723        26.392313708901852     
   63301.321146146147        26.386765143191880     
   63301.357571571571        26.381107898085283     
   63301.393996996994        26.375352863891116     
   63301.430422422425        26.369511431228336     
   63301.466847847849        26.363594990719406     
   63301.503273273272        26.357614932983296     
   63301.539698698696        26.351582648640129     
   63301.576124124127        26.345509528308821     
   63301.612549549551        26.339406962611925     
   63301.648974974974        26.333286342168364     
   63301.685400400398        26.327159057598269     
   63301.721825825829        26.321036499520538     
   63301.758251251253        26.314930908401958     
   63301.794676676676        26.308860225113758     
   63301.831102102100        26.302844734781409     
   63301.867527527531        26.296904729754353     
   63301.903952952955        26.291060502385580     
   63301.940378378378        26.285332345024507     
   63301.976803803802        26.279740550021749     
   63302.013229229233        26.274305409726860     
   63302.049654654656        26.269047216492623     
   63302.086080080080        26.263986262668553     
   63302.122505505504        26.259142840605264     
   63302.158930930935        26.254537242652479     
   63302.195356356358        26.250189761162648     
   63302.231781781782        26.246094808968341     
   63302.268207207206        26.242128255839809     
   63302.304632632637        26.238132049845305     
   63302.341058058060        26.233948136324454     
   63302.377483483484        26.229418684043004     
   63302.413908908908        26.224554692928635     
   63302.450334334339        26.219836190823823     
   63302.486759759762        26.215709841672819     
   63302.523185185186        26.212213135934903     
   63302.559610610610        26.209291924464321     
   63302.596036036033        26.206892058115329     
   63302.632461461464        26.204959387741834     
   63302.668886886888        26.203439764198858     
   63302.705312312311        26.202279038340219     
   63302.741737737735        26.201423061020172     
   63302.778163163166        26.200817683092868     
   63302.814588588590        26.200408755412795     
   63302.851014014013        26.200142128834063     
   63302.887439439437        26.199964798904581     
   63302.923864864868        26.199991158288881     
   63302.960290290292        26.200585074152549     
   63302.996715715715        26.201746032896942     
   63303.033141141139        26.203362051791164     
   63303.069566566570        26.205321145027575     
   63303.105991991994        26.207511326797324     
   63303.142417417417        26.209820611292720     
   63303.178842842841        26.212137012705711     
   63303.215268268272        26.214348545228660     
   63303.251693693695        26.216343223052622     
   63303.288119119119        26.218009060369994     
   63303.324544544543        26.219234071372721     
   63303.360969969974        26.219906270252828     
   63303.397395395397        26.219977091979722     
   63303.433820820821        26.220575025095872     
   63303.470246246245        26.222350764054113     
   63303.506671671676        26.225149247768009     
   63303.543097097099        26.228810862339067     
   63303.579522522523        26.233175993870397     
   63303.615947947947        26.238085028464631     
   63303.652373373377        26.243378352225520     
   63303.688798798801        26.248896351253546     
   63303.725224224225        26.254494686109222     
   63303.761649649648        26.260141074127169     
   63303.798075075079        26.265853133478593     
   63303.834500500503        26.271648710865708     
   63303.870925925927        26.277545652994135     
   63303.907351351350        26.283561806568372     
   63303.943776776774        26.289715018292910     
   63303.980202202205        26.296023134873508     
   63304.016627627629        26.302504003012150     
   63304.053053053052        26.309175469414562     
   63304.089478478476        26.316055380785247     
   63304.125903903907        26.323161583830128     
   63304.162329329331        26.330511925250867     
   63304.198754754754        26.338124251753353     
   63304.235180180178        26.346016410042072     
   63304.271605605609        26.354206246823185     
   63304.308031031032        26.362711608797913     
   63304.344456456456        26.371550342672350     
   63304.380881881880        26.380740268899853     
   63304.417307307311        26.390232702927168     
   63304.453732732734        26.399768844091955     
   63304.490158158158        26.409048496874032     
   63304.526583583582        26.417829896401031     
   63304.563009009013        26.426192642830703     
   63304.599434434436        26.434326234194142     
   63304.635859859860        26.442419388241660     
   63304.672285285284        26.450592009913347     
   63304.708710710715        26.458846774544895     
   63304.745136136138        26.467174927922077     
   63304.781561561562        26.475567715835602     
   63304.817986986985        26.484016384074554     
   63304.854412412416        26.492512178429692     
   63304.890837837840        26.501046344686692     
   63304.927263263264        26.509610128636325     
   63304.963688688687        26.518194776067652     
   63305.000114114118        26.526791532771473     
   63305.036539539542        26.535391644533412     
   63305.072964964966        26.543986357144263     
   63305.109390390389        26.552566916393094     
   63305.145815815820        26.561124568070689     
   63305.182241241244        26.569650557962685     
   63305.218666666668        26.578136131859882     
   63305.255092092091        26.586572535551337     
   63305.291517517515        26.594951014826130     
   63305.327942942946        26.603262815474974     
   63305.364368368369        26.611499183283627     
   63305.400793793793        26.619651364042827     
   63305.437219219217        26.627710603541644     
   63305.473644644648        26.635668147570726     
   63305.510070070071        26.643515241915960     
   63305.546495495495        26.651243132368023     
   63305.582920920919        26.658843064715985     
   63305.619346346350        26.666306284750387     
   63305.655771771773        26.673624038257330     
   63305.692197197197        26.680787571027373     
   63305.728622622621        26.687788128849601     
   63305.765048048052        26.694616957514420     
   63305.801473473475        26.701265302808185     
   63305.837898898899        26.707724410521333     
   63305.874324324323        26.713985526442947     
   63305.910749749753        26.720039896363279     
   63305.947175175177        26.725878766068980     
   63305.983600600601        26.731493381350354     
   63306.020026026024        26.736874987996476     
   63306.056451451455        26.742014831797409     
   63306.092876876879        26.746904158540175     
   63306.129302302303        26.751534702271080     
   63306.165727727726        26.755926584113489     
   63306.202153153157        26.760143410692116     
   63306.238578578581        26.764252469827092     
   63306.275004004005        26.768321049341083     
   63306.311429429428        26.772392870328257     
   63306.347854854859        26.776142167631633     
   63306.384280280283        26.778949868408478     
   63306.420705705706        26.780201145203979     
   63306.457131131130        26.780088416150861     
   63306.493556556561        26.780008292368841     
   63306.529981981985        26.780480391585385     
   63306.566407407408        26.781396374861423     
   63306.602832832832        26.782637993718204     
   63306.639258258256        26.784086999676997     
   63306.675683683687        26.785625144259377     
   63306.712109109110        26.787134178985973     
   63306.748534534534        26.788495855378343     
   63306.784959959958        26.789591924957755     
   63306.821385385389        26.790301878839802     
   63306.857810810812        26.790454358030708     
   63306.894236236236        26.789828138525888     
   63306.930661661660        26.788313715284943     
   63306.967087087090        26.786077101254794     
   63307.003512512514        26.783325164944568     
   63307.039937937938        26.780264774862076     
   63307.076363363361        26.777076810657150     
   63307.112788788792        26.773808240131032     
   63307.149214214216        26.770463023464853     
   63307.185639639640        26.767045100745953     
   63307.222065065063        26.763558412062327     
   63307.258490490494        26.760006897501246     
   63307.294915915918        26.756394497152108     
   63307.331341341342        26.752725151102197     
   63307.367766766765        26.749002799439516     
   63307.404192192196        26.745231382251276     
   63307.440617617620        26.741414839626977     
   63307.477043043044        26.737557111653864     
   63307.513468468467        26.733662138419916     
   63307.549893893898        26.729733860012331     
   63307.586319319322        26.725776216520675     
   63307.622744744745        26.721793148032145     
   63307.659170170169        26.717788594634730     
   63307.695595595600        26.713766496415616     
   63307.732021021024        26.709730793464391     
   63307.768446446447        26.705685425868243     
   63307.804871871871        26.701634333715162     
   63307.841297297302        26.697581457092323     
   63307.877722722726        26.693530736089333     
   63307.914148148149        26.689486110793368     
   63307.950573573573        26.685451521292414     
   63307.986998998997        26.681430907674464     
   63308.023424424428        26.677428013908575     
   63308.059849849851        26.673444097291103     
   63308.096275275275        26.669478706818623     
   63308.132700700698        26.665531357957931     
   63308.169126126129        26.661601566175037     
   63308.205551551553        26.657688846938296     
   63308.241976976977        26.653792715713699     
   63308.278402402400        26.649912687968055     
   63308.314827827831        26.646048279167371     
   63308.351253253255        26.642199004779982     
   63308.387678678679        26.638364380271902     
   63308.424104104102        26.634543921109923     
   63308.460529529533        26.630737142760072     
   63308.496954954957        26.626943560690663     
   63308.533380380381        26.623162690367721     
   63308.569805805804        26.619394047258034     
   63308.606231231235        26.615637146827638     
   63308.642656656659        26.611891504544833     
   63308.679082082082        26.608156635875645     
   63308.715507507506        26.604432056286871     
   63308.751932932937        26.600717281244556     
   63308.788358358361        26.597011826216978     
   63308.824783783784        26.593315206670177     
   63308.861209209208        26.589626938070943     
   63308.897634634639        26.585946535885327     
   63308.934060060063        26.582273515581598     
   63308.970485485486        26.578607392625798     
   63309.006910910910        26.574947682484726     
   63309.043336336341        26.571293900624440     
   63309.079761761765        26.567645562513182     
   63309.116187187188        26.564002183617013     
   63309.152612612612        26.560363279402733     
   63309.189038038043        26.556728365336390     
   63309.225463463466        26.553096956886229     
   63309.261888888890        26.549468569518318     
   63309.298314314314        26.545842718699440     
   63309.334739739737        26.542218919896392     
   63309.371165165168        26.538596688575232     
   63309.407590590592        26.534975540204194     
   63309.444016016016        26.531354990249355     
   63309.480441441439        26.527734554177492     
   63309.516866866870        26.524113747454681     
   63309.553292292294        26.520492085549147     
   63309.589717717718        26.516869083926963     
   63309.626143143141        26.513244258054915     
   63309.662568568572        26.509617123399071     
   63309.698993993996        26.505987195427664     
   63309.735419419419        26.502353989606760     
   63309.771844844843        26.498720161764926     
   63309.808270270274        26.495253040645615     
   63309.844695695698        26.492362405407249     
   63309.881121121121        26.490477464480165     
   63309.917546546545        26.490019791712978     
   63309.953971971976        26.491058252100807     
   63309.990397397400        26.493168270376508     
   63310.026822822823        26.495888491950858     
   63310.063248248247        26.498757562234577     
   63310.099673673678        26.501327748514644     
   63310.136099099102        26.503412656796534     
   63310.172524524525        26.505061258312175     
   63310.208949949949        26.506330933619356     
   63310.245375375380        26.507279063276044     
   63310.281800800803        26.507963027839651     
   63310.318226226227        26.508440207868212     
   63310.354651651651        26.508767983919512     
   63310.391077077082        26.509003736551385     
   63310.427502502505        26.509204846321555     
   63310.463927927929        26.509428693787864     
   63310.500353353353        26.509732659508117     
   63310.536778778784        26.510173715395315     
   63310.573204204207        26.510787139557596     
   63310.609629629631        26.511576115631243     
   63310.646055055055        26.512541237926612     
   63310.682480480478        26.513683100754058     
   63310.718905905909        26.515002298424221     
   63310.755331331333        26.516499425246934     
   63310.791756756757        26.518175075532795     
   63310.828182182180        26.520029843592159     
   63310.864607607611        26.522064323735812     
   63310.901033033035        26.524279110273298     
   63310.937458458458        26.526674797515366     
   63310.973883883882        26.529251979772365     
   63311.010309309313        26.532012786189643     
   63311.046734734737        26.534974015869139     
   63311.083160160160        26.538160615708698     
   63311.119585585584        26.541596053174850     
   63311.156011011015        26.545258907610364     
   63311.192436436439        26.549077319032449     
   63311.228861861862        26.552976745804415     
   63311.265287287286        26.556882646288852     
   63311.301712712717        26.560720478849099     
   63311.338138138140        26.564415701846215     
   63311.374563563564        26.567893773643561     
   63311.410988988988        26.571080152603727     
   63311.447414414419        26.573900297089832     
   63311.483839839842        26.576279665463321     
   63311.520265265266        26.578143716087396     
   63311.556690690690        26.579417907324643     
   63311.593116116121        26.580027697537709     
   63311.629541541544        26.579898545088927     
   63311.665966966968        26.578955908341079     
   63311.702392392392        26.577125245656759     
   63311.738817817823        26.574332015397900     
   63311.775243243246        26.570501675928192     
   63311.811668668670        26.565559685609774     
   63311.848094094094        26.559431885934554     
   63311.884519519524        26.552840911019405     
   63311.920944944948        26.548912856864959     
   63311.957370370372        26.548650462758630     
   63311.993795795795        26.549766176484340     
   63312.030221221219        26.549931656476581     
   63312.066646646650        26.548623766793238     
   63312.103072072074        26.546406359975499     
   63312.139497497497        26.543858215106248     
   63312.175922922921        26.541558111268497     
   63312.212348348352        26.540084827545080     
   63312.248773773776        26.540017138912983     
   63312.285199199199        26.541477534877206     
   63312.321624624623        26.542875989672041     
   63312.358050050054        26.542220788044066     
   63312.394475475478        26.537602969486784     
   63312.430900900901        26.530380634429740     
   63312.467326326325        26.525187955301238     
   63312.503751751756        26.522204984861467     
   63312.540177177179        26.520203186860993     
   63312.576602602603        26.518102804983666     
   63312.613028028027        26.515642310336464     
   63312.649453453458        26.512839558636479     
   63312.685878878881        26.509712645820294     
   63312.722304304305        26.506279667822831     
   63312.758729729729        26.502558720579543     
   63312.795155155160        26.498567900025055     
   63312.831580580583        26.494325302096421     
   63312.868006006007        26.489849022728315     
   63312.904431431431        26.485157157856193     
   63312.940856856862        26.480267803414513     
   63312.977282282285        26.475199055340681     
   63313.013707707709        26.469969009569198     
   63313.050133133132        26.464595762035501     
   63313.086558558563        26.459097408673941     
   63313.122983983987        26.453492045422173     
   63313.159409409411        26.447797768214556     
   63313.195834834834        26.442032672986542     
   63313.232260260265        26.436214855672421     
   63313.268685685689        26.430362412209973     
   63313.305111111113        26.424493438533485     
   63313.341536536536        26.418625987826513     
   63313.377961961960        26.412772037646693     
   63313.414387387391        26.406931246138324     
   63313.450812812815        26.401101780702369     
   63313.487238238238        26.395281808736272     
   63313.523663663662        26.389469497638650     
   63313.560089089093        26.383663014806970     
   63313.596514514516        26.377860527642170     
   63313.632939939940        26.372060203541714     
   63313.669365365364        26.366260209904212     
   63313.705790790795        26.360458714127134     
   63313.742216216218        26.354653883611412     
   63313.778641641642        26.348843885754508     
   63313.815067067066        26.343026887955045     
   63313.851492492497        26.337201271455339     
   63313.887917917920        26.331370824554657     
   63313.924343343344        26.325545028851035     
   63313.960768768768        26.319733637086077     
   63313.997194194199        26.313946402000237     
   63314.033619619622        26.308193076337425     
   63314.070045045046        26.302483412838093     
   63314.106470470470        26.296827164243847     
   63314.142895895900        26.291234083295173     
   63314.179321321324        26.285713922735923     
   63314.215746746748        26.280276435306568     
   63314.252172172171        26.274931373748714     
   63314.288597597602        26.269688490802928     
   63314.325023023026        26.264557539212916     
   63314.361448448450        26.259548271719218     
   63314.397873873873        26.254670441063439     
   63314.434299299304        26.249933799986259     
   63314.470724724728        26.245348101231166     
   63314.507150150152        26.240923097538811     
   63314.543575575575        26.236668541650793     
   63314.580001001006        26.232594186307928     
   63314.616426426430        26.228709784253443     
   63314.652851851853        26.225025088228108     
   63314.689277277277        26.221549850973538     
   63314.725702702701        26.218293825231331     
   63314.762128128132        26.215266763742509     
   63314.798553553555        26.212478419249884     
   63314.834978978979        26.209938544494442     
   63314.871404404403        26.207656892217777     
   63314.907829829834        26.205643215161125     
   63314.944255255257        26.203907266066899     
   63314.980680680681        26.202458797676265     
   63315.017106106105        26.201307562730829     
   63315.053531531536        26.200463313972065     
   63315.089956956959        26.199935740567597     
   63315.126382382383        26.199711889729628     
   63315.162807807807        26.199722809442569     
   63315.199233233237        26.199891041009302     
   63315.235658658661        26.200142129314294     
   63315.272084084085        26.200459347285161     
   63315.308509509508        26.200878014529160     
   63315.344934934939        26.201435314138152     
   63315.381360360363        26.202168429203645     
   63315.417785785787        26.203114542817460     
   63315.454211211210        26.204310838071315     
   63315.490636636641        26.205794498057266     
   63315.527062062065        26.207602705866453     
   63315.563487487489        26.209772644590860     
   63315.599912912912        26.212341497322218     
   63315.636338338343        26.215346447152896     
   63315.672763763767        26.218824677173426     
   63315.709189189191        26.222813370476079     
   63315.745614614614        26.227349710152588     
   63315.782040040045        26.232457900381004     
   63315.818465465469        26.237813151259196     
   63315.854890890892        26.242741720719952     
   63315.891316316316        26.247060765137114     
   63315.927741741747        26.251008310388521     
   63315.964167167171        26.254834975435472     
   63316.000592592594        26.258791379241597     
   63316.037018018018        26.263128140769723     
   63316.073443443442        26.268095878982663     
   63316.109868868873        26.273926824796128     
   63316.146294294296        26.280630367750053     
   63316.182719719720        26.288067696219578     
   63316.219145145144        26.296097321557653     
   63316.255570570574        26.304577755118977     
   63316.291995995998        26.313367508253105     
   63316.328421421422        26.322325410646233     
   63316.364846846845        26.331345701151513     
   63316.401272272276        26.340389776700324     
   63316.437697697700        26.349426529965999     
   63316.474123123124        26.358424853627291     
   63316.510548548547        26.367353640361159     
   63316.546973973978        26.376181782846295     
   63316.583399399402        26.384878173756121     
   63316.619824824826        26.393411705769363     
   63316.656250250249        26.401751271562972     
   63316.692675675680        26.409865763815500     
   63316.729101101104        26.417724075200645     
   63316.765526526528        26.425295098397001     
   63316.801951951951        26.432547726081523     
   63316.838377377382        26.439450850932502     
   63316.874802802806        26.445973365624127     
   63316.911228228229        26.452084162834765     
   63316.947653653653        26.457752135241364     
   63316.984079079084        26.462952641508519     
   63317.020504504508        26.467766452401278     
   63317.056929929931        26.472360156690080     
   63317.093355355355        26.476902838284083     
   63317.129780780786        26.481563581093422     
   63317.166206206210        26.486511469025430     
   63317.202631631633        26.491915585990199     
   63317.239057057057        26.497945015896896     
   63317.275482482488        26.504768842656151     
   63317.311907907912        26.512556150174440     
   63317.348333333335        26.521476022362208     
   63317.384758758759        26.531697543128629     
   63317.421184184182        26.543389796382879     
   63317.457609609613        26.556721866036966     
   63317.494035035037        26.571862835994764     
   63317.530460460461        26.588981790167946     
   63317.566885885884        26.608247812465670     
   63317.603311311315        26.623583522273272     
   63317.639736736739        26.627214654454853     
   63317.676162162163        26.694489345997699     
   63317.712587587586        26.736352485646336     
   63317.749013013017        26.757069861204521     
   63317.785438438441        26.760928524904806     
   63317.821863863865        26.752215528993396     
   63317.858289289288        26.735217925710408     
   63317.894714714719        26.714222767291634     
   63317.931140140143        26.693517105986285     
   63317.967565565566        26.676963629022744     
   63318.003990990990        26.665403647022497     
   63318.040416416421        26.658367987054998     
   63318.076841841845        26.655382175572790     
   63318.113267267268        26.655971739023840     
   63318.149692692692        26.659662203857955     
   63318.186118118123        26.665979096526438     
   63318.222543543547        26.674447943476498     
   63318.258968968970        26.684594271158957     
   63318.295394394394        26.695943606023622     
   63318.331819819825        26.708021474522759     
   63318.368245245249        26.720353403101274     
   63318.404670670672        26.732464918211328     
   63318.441096096096        26.743881546302731     
   63318.477521521527        26.754128813827194     
   63318.513946946950        26.762732247230350     
   63318.550372372374        26.769217372964189     
   63318.586797797798        26.773239597333394     
   63318.623223223229        26.775285450936259     
   63318.659648648652        26.776168949896046     
   63318.696074074076        26.776704902763548     
   63318.732499499500        26.777708118088977     
   63318.768924924923        26.779993404422541     
   63318.805350350354        26.784000351798106     
   63318.841775775778        26.788658367219178     
   63318.878201201202        26.792601603033688     
   63318.914626626625        26.795363279534275     
   63318.951052052056        26.797018784095009     
   63318.987477477480        26.797650981370964     
   63319.023902902904        26.797342736018312     
   63319.060328328327        26.796176912692783     
   63319.096753753758        26.794236376049646     
   63319.133179179182        26.791603990745418     
   63319.169604604605        26.788364518405498     
   63319.206030030029        26.784649971489408     
   63319.242455455460        26.780641716758623     
   63319.278880880884        26.776523438891061     
   63319.315306306307        26.772478822562206     
   63319.351731731731        26.768691552448335     
   63319.388157157162        26.765345313225112     
   63319.424582582586        26.762623789570171     
   63319.461008008009        26.760710666159078     
   63319.497433433433        26.759789627668098     
   63319.533858858864        26.760044289756248     
   63319.570284284287        26.761055594346377     
   63319.606709709711        26.760335118527596     
   63319.643135135135        26.755717259610240     
   63319.679560560566        26.749414260155252     
   63319.715985985989        26.744272645184324     
   63319.752411411413        26.740395886586668     
   63319.788836836837        26.737376474249356     
   63319.825262262268        26.734806898058970     
   63319.861687687691        26.732279647903539     
   63319.898113113115        26.729387800283991     
   63319.934538538539        26.725856607800726     
   63319.970963963970        26.721710158308042     
   63320.007389389393        26.717013590669243     
   63320.043814814817        26.711832043745197     
   63320.080240240241        26.706230656397537     
   63320.116665665664        26.700274567487902     
   63320.153091091095        26.694028915876657     
   63320.189516516519        26.687558840427943     
   63320.225941941942        26.680929480002167     
   63320.262367367366        26.674209274213514     
   63320.298792792797        26.667486781531998     
   63320.335218218221        26.660858139991003     
   63320.371643643644        26.654414295107514     
   63320.408069069068        26.648215194692884     
   63320.444494494499        26.642309361179148     
   63320.480919919923        26.636745299036164     
   63320.517345345346        26.631571512730225     
   63320.553770770770        26.626836506728825     
   63320.590196196201        26.622588785498674     
   63320.626621621625        26.618875020926904     
   63320.663047047048        26.615619717142746     
   63320.699472472472        26.612550640597117     
   63320.735897897903        26.609378106747563     
   63320.772323323326        26.605901480811433     
   63320.808748748750        26.602124833056926     
   63320.845174174174        26.598080889894614     
   63320.881599599605        26.593802377734196     
   63320.918025025028        26.589322022987965     
   63320.954450450452        26.584672552065669     
   63320.990875875876        26.579886691377880     
   63321.027301301307        26.574997167334189     
   63321.063726726730        26.570036706347135     
   63321.100152152154        26.565038034826326     
   63321.136577577578        26.560033879182342     
   63321.173003003008        26.555056965824765     
   63321.209428428432        26.550140021166168     
   63321.245853853856        26.545315771616131     
   63321.282279279279        26.540616943585231     
   63321.318704704710        26.536076263483153     
   63321.355130130134        26.531726457722293     
   63321.391555555558        26.527600252712304     
   63321.427980980981        26.523730374863767     
   63321.464406406405        26.520149550587259     
   63321.500831831836        26.516883978883488     
   63321.537257257260        26.513930082884038     
   63321.573682682683        26.511275800038142     
   63321.610108108107        26.508909067170624     
   63321.646533533538        26.506817821105923     
   63321.682958958962        26.504989998669700     
   63321.719384384385        26.503413536686335     
   63321.755809809809        26.502076371980653     
   63321.792235235240        26.500966441377287     
   63321.828660660663        26.500071681701499     
   63321.865086086087        26.499379082587986     
   63321.901511511511        26.498870638861291     
   63321.937936936942        26.498526704884185     
   63321.974362362365        26.498327634045804     
   63322.010787787789        26.498253779735055     
   63322.047213213213        26.498285495340944     
   63322.083638638644        26.498403134252488     
   63322.120064064067        26.498587049858639     
   63322.156489489491        26.498817595548410     
   63322.192914914915        26.499075124710799     
   63322.229340340346        26.499339990734853     
   63322.265765765769        26.499592547009456     
   63322.302191191193        26.499813146923671     
   63322.338616616616        26.499982143866482     
   63322.375042042047        26.500079891226907     
   63322.411467467471        26.500086742393890     
   63322.447892892895        26.499983071056441     
   63322.484318318318        26.499771721718062     
   63322.520743743749        26.499520980076223     
   63322.557169169173        26.499310979465328     
   63322.593594594597        26.499221853219623     
   63322.630020020020        26.499333734673392     
   63322.666445445451        26.499726757161049     
   63322.702870870875        26.500483715619765     
   63322.739296296299        26.501731826817519     
   63322.775721721722        26.503635018210318     
   63322.812147147146        26.506358319032699     
   63322.848572572577        26.510066757294609     
   63322.884997998000        26.514594742479630     
   63322.921423423424        26.518515108970817     
   63322.957848848848        26.520122441192989     
   63322.994274274279        26.519857805623268     
   63323.030699699702        26.519826711329834     
   63323.067125125126        26.520112243860780     
   63323.103550550550        26.520691087275182     
   63323.139975975981        26.521539925632307     
   63323.176401401404        26.522635442990897     
   63323.212826826828        26.523954323410166     
   63323.249252252252        26.525473250949190     
   63323.285677677683        26.527168909667409     
   63323.322103103106        26.529017983623209     
   63323.358528528530        26.530997156875994     
   63323.394953953954        26.533083113484835     
   63323.431379379384        26.535252537509258     
   63323.467804804808        26.537482113007460     
   63323.504230230232        26.539748524038952     
   63323.540655655655        26.542028454662798     
   63323.577081081086        26.544298588938538     
   63323.613506506510        26.546535610924337     
   63323.649931931934        26.548716204679717     
   63323.686357357357        26.550816845352870     
   63323.722782782788        26.552805599159051     
   63323.759208208212        26.554639439501088     
   63323.795633633636        26.556274581152159     
   63323.832059059059        26.557667238885060     
   63323.868484484490        26.558773627472746     
   63323.904909909914        26.559549961687555     
   63323.941335335337        26.559952456302515     
   63323.977760760761        26.559959676349077     
   63324.014186186192        26.559674741116627     
   63324.050611611616        26.559138818849398     
   63324.087037037039        26.558377915282136     
   63324.123462462463        26.557418036149585     
   63324.159887887887        26.556285187186518     
   63324.196313313318        26.555005374127425     
   63324.232738738741        26.553604602707583     
   63324.269164164165        26.552108878661510     
   63324.305589589589        26.550544207723970     
   63324.342015015020        26.548934939524273     
   63324.378440440443        26.547285647003843     
   63324.414865865867        26.545587890414428     
   63324.451291291291        26.543833001449396     
   63324.487716716721        26.542012311801741     
   63324.524142142145        26.540117153165564     
   63324.560567567569        26.538138857233868     
   63324.596992992992        26.536068755700029     
   63324.633418418423        26.533898180256962     
   63324.669843843847        26.531618462598903     
   63324.706269269271        26.529220934418799     
   63324.742694694694        26.526696927410015     
   63324.779120120125        26.524037773265380     
   63324.815545545549        26.521234803679313     
   63324.851970970973        26.518279540443924     
   63324.888396396396        26.515166642387857     
   63324.924821821827        26.511893342213003     
   63324.961247247251        26.508456948705902     
   63324.997672672675        26.504854770651161     
   63325.034098098098        26.501084116834011     
   63325.070523523529        26.497142296038898     
   63325.106948948953        26.493026617052621     
   63325.143374374376        26.488734388659658     
   63325.179799799800        26.484262919645246     
   63325.216225225231        26.479609518793666     
   63325.252650650655        26.474771494892028     
   63325.289076076078        26.469746156724653     
   63325.325501501502        26.464530813076781     
   63325.361926926933        26.459122772732549     
   63325.398352352357        26.453519344479353     
   63325.434777777780        26.447717837101379     
   63325.471203203204        26.441715559383859     
   63325.507628628628        26.435509820112031     
   63325.544054054059        26.429097957648832     
   63325.580479479482        26.422493543772738     
   63325.616904904906        26.415753253169953     
   63325.653330330329        26.408940834515029     
   63325.689755755760        26.402120036481161     
   63325.726181181184        26.395354607745642     
   63325.762606606608        26.388708296981665     
   63325.799032032031        26.382244852863778     
   63325.835457457462        26.376023795593227     
   63325.871882882886        26.370051211748908     
   63325.908308308310        26.364296568322239     
   63325.944733733733        26.358728617881233     
   63325.981159159164        26.353316112992843     
   63326.017584584588        26.348027806227243     
   63326.054010010012        26.342832450151342     
   63326.090435435435        26.337698797333161     
   63326.126860860866        26.332595600339694     
   63326.163286286290        26.327491611740992     
   63326.199711711713        26.322355584104045     
   63326.236137137137        26.317156269996872     
   63326.272562562568        26.311862421986419     
   63326.308987987992        26.306442792642802     
   63326.345413413415        26.300866134532995     
   63326.381838838839        26.295101200225016     
   63326.418264264270        26.289116742285650     
   63326.454689689694        26.282881513285311     
   63326.491115115117        26.276370234435184     
   63326.527540540541        26.269666304894681     
   63326.563965965972        26.262947949136247     
   63326.600391391396        26.256396573597058     
   63326.636816816819        26.250193584710196     
   63326.673242242243        26.244489566154154     
   63326.709667667674        26.239299183267150     
   63326.746093093097        26.234599648221106     
   63326.782518518521        26.230368172018419     
   63326.818943943945        26.226581965662579     
   63326.855369369368        26.223218240157063     
   63326.891794794799        26.220254206504812     
   63326.928220220223        26.217667075710480     
   63326.964645645647        26.215434058776935     
   63327.001071071070        26.213532366707650     
   63327.037496496501        26.211939210505829     
   63327.073921921925        26.210631801175591     
   63327.110347347349        26.209587349720067     
   63327.146772772772        26.208783067142747     
   63327.183198198203        26.208196164447013     
   63327.219623623627        26.207803852636587     
   63327.256049049050        26.207583342714820     
   63327.292474474474        26.207511845685186     
   63327.328899899905        26.207566572551201     
   63327.365325325329        26.207724734316322     
   63327.401750750752        26.207963541984032     
   63327.438176176176        26.208260206557817     
   63327.474601601607        26.208591939041234     
   63327.511027027031        26.208935950437631     
   63327.547452452454        26.209269451750551     
   63327.583877877878        26.209569653983483     
   63327.620303303309        26.209813768139959     
   63327.656728728733        26.209979005223357     
   63327.693154154156        26.210042576237218     
   63327.729579579580        26.209982089122519     
   63327.766005005011        26.209942927958163     
   63327.802430430434        26.210449546062822     
   63327.838855855858        26.211677000996445     
   63327.875281281282        26.213587710436954     
   63327.911706706713        26.216142387548619     
   63327.948132132136        26.219301745494128     
   63327.984557557560        26.223026497437637     
   63328.020982982984        26.227277356542846     
   63328.057408408415        26.232015035974459     
   63328.093833833838        26.237200248894290     
   63328.130259259262        26.242793708466948     
   63328.166684684686        26.248756127856133     
   63328.203110110109        26.255048220225554     
   63328.239535535540        26.261630698740262     
   63328.275960960964        26.268464276561328     
   63328.312386386388        26.275509666853754     
   63328.348811811811        26.282727582781241     
   63328.385237237242        26.290078737508978     
   63328.421662662666        26.297523844197734     
   63328.458088088089        26.305023616012665     
   63328.494513513513        26.312538766117484     
   63328.530938938944        26.320030007677396     
   63328.567364364368        26.327458053853100     
   63328.603789789791        26.334783617809808     
   63328.640215215215        26.341967412711234     
   63328.676640640646        26.348970151722455     
   63328.713066066070        26.355752548004379     
   63328.749491491493        26.362275314722133     
   63328.785916916917        26.368499165039427     
   63328.822342342348        26.374436372765551     
   63328.858767767771        26.380547024972216     
   63328.895193193195        26.387521380615912     
   63328.931618618619        26.396051588866207     
   63328.968044044050        26.406710006140955     
   63329.004469469473        26.418312816730250     
   63329.040894894897        26.428652785610005     
   63329.077320320321        26.437457771197707     
   63329.113745745752        26.445225324833103     
   63329.150171171175        26.452454777090274     
   63329.186596596599        26.459645458547996     
   63329.223022022023        26.467296699783383     
   63329.259447447454        26.475907831375409     
   63329.295872872877        26.485920832700494     
   63329.332298298301        26.496820715686347     
   63329.368723723725        26.507301757763365     
   63329.405149149155        26.516164658554260     
   63329.441574574579        26.523472955076990     
   63329.478000000003        26.530000000000001     
