   27627.823000000000        25.039999999999999     
   27627.877032032033        25.028109610177065     
   27627.931064064065        25.016225354284728     
   27627.985096096098        25.004353366253589     
   27628.039128128130        24.992499780014249     
   27628.093160160159        24.980670729498094     
   27628.147192192191        24.968872348634132     
   27628.201224224224        24.957110771353758     
   27628.255256256256        24.945392131587578     
   27628.309288288288        24.933722563266180     
   27628.363320320321        24.922108200320167     
   27628.417352352353        24.910555176680138     
   27628.471384384386        24.899069626276692     
   27628.525416416418        24.887657683040423     
   27628.579448448450        24.876325480901937     
   27628.633480480479        24.865079153792571     
   27628.687512512512        24.853924835641429     
   27628.741544544544        24.842868660379857     
   27628.795576576576        24.831916761938452     
   27628.849608608609        24.821075274247825     
   27628.903640640641        24.810350331238560     
   27628.957672672674        24.799748066841261     
   27629.011704704706        24.789274614986525     
   27629.065736736738        24.778936109604953     
   27629.119768768771        24.768738684627145     
   27629.173800800800        24.758688473984364     
   27629.227832832832        24.748791611605860     
   27629.281864864864        24.739054231422912     
   27629.335896896897        24.729482467366118     
   27629.389928928929        24.720082453366075     
   27629.443960960962        24.710860323353387     
   27629.497992992994        24.701822211258644     
   27629.552025025027        24.692974251012451     
   27629.606057057059        24.684322576545402     
   27629.660089089088        24.675873321788657     
   27629.714121121120        24.667632620671682     
   27629.768153153153        24.659606607125646     
   27629.822185185185        24.651801415081149     
   27629.876217217217        24.644223178468792     
   27629.930249249250        24.636878031219165     
   27629.984281281282        24.629772107262873     
   27630.038313313315        24.622911540530513     
   27630.092345345347        24.616302464952689     
   27630.146377377379        24.609951014459988     
   27630.200409409408        24.603863322983415     
   27630.254441441441        24.598045524452750     
   27630.308473473473        24.592503752799008     
   27630.362505505505        24.587244141952787     
   27630.416537537538        24.582272825844690     
   27630.470569569570        24.577595938405306     
   27630.524601601603        24.573219613565243     
   27630.578633633635        24.569149886789617     
   27630.632665665667        24.565375480083276     
   27630.686697697696        24.561848104459266     
   27630.740729729729        24.558514704577082     
   27630.794761761761        24.555322225096923     
   27630.848793793793        24.552217610678760     
   27630.902825825826        24.549147805982557     
   27630.956857857858        24.546059755668267     
   27631.010889889891        24.542900404395866     
   27631.064921921923        24.539616696825306     
   27631.118953953955        24.536155577616555     
   27631.172985985988        24.532463991429580     
   27631.227018018017        24.528488882924613     
   27631.281050050049        24.524177196761094     
   27631.335082082081        24.519475877599238     
   27631.389114114114        24.514331870099014     
   27631.443146146146        24.508692118920372     
   27631.497178178179        24.502503568723291     
   27631.551210210211        24.495713164167725     
   27631.605242242244        24.488267849913637     
   27631.659274274276        24.480114570620994     
   27631.713306306308        24.471396453364122     
   27631.767338338337        24.462956713798153     
   27631.821370370370        24.455087943790261     
   27631.875402402402        24.447776438466128     
   27631.929434434434        24.441007668682001     
   27631.983466466467        24.434767105294110     
   27632.037498498499        24.429040219158694     
   27632.091530530532        24.423812481131993     
   27632.145562562564        24.419069362070246     
   27632.199594594596        24.414796332829688     
   27632.253626626625        24.410978864266806     
   27632.307658658658        24.407602427237311     
   27632.361690690690        24.404652492597727     
   27632.415722722722        24.402114531204283     
   27632.469754754755        24.399974013913219     
   27632.523786786787        24.398216411580776     
   27632.577818818820        24.396827195063185     
   27632.631850850852        24.395791835216688     
   27632.685882882884        24.395095802897529     
   27632.739914914917        24.394724568961934     
   27632.793946946946        24.394663604266146     
   27632.847978978978        24.394898379666387     
   27632.902011011010        24.395414366018912     
   27632.956043043043        24.396197034179956     
   27633.010075075075        24.397231855005764     
   27633.064107107108        24.398504299352567     
   27633.118139139140        24.399999838076610     
   27633.172171171173        24.401703942034121     
   27633.226203203205        24.403602082081342     
   27633.280235235234        24.405679729074375     
   27633.334267267266        24.407922353869722     
   27633.388299299299        24.410315427323496     
   27633.442331331331        24.412844420291940     
   27633.496363363363        24.415494803631276     
   27633.550395395396        24.418252048197758     
   27633.604427427428        24.421101624847616     
   27633.658459459461        24.424029004437088     
   27633.712491491493        24.427019657822413     
   27633.766523523525        24.430059055859822     
   27633.820555555554        24.433132669405360     
   27633.874587587587        24.436225969315664     
   27633.928619619619        24.439324426446781     
   27633.982651651651        24.442413511654937     
   27634.036683683684        24.445478695796371     
   27634.090715715716        24.448505449727328     
   27634.144747747749        24.451479244304039     
   27634.198779779781        24.454385550382742     
   27634.252811811813        24.457209838819683     
   27634.306843843846        24.459937580471088     
   27634.360875875875        24.462554246193029     
   27634.414907907907        24.465045306842100     
   27634.468939939939        24.467396233274354     
   27634.522971971972        24.469592496346031     
   27634.577004004004        24.471619566913365     
   27634.631036036037        24.473462915832595     
   27634.685068068069        24.475108013959968     
   27634.739100100101        24.476540332151707     
   27634.793132132134        24.477745341264061     
   27634.847164164163        24.478708512153208     
   27634.901196196195        24.479415315675514     
   27634.955228228227        24.479851222687145     
   27635.009260260260        24.480001808917844     
   27635.063292292292        24.480002418700558     
   27635.117324324325        24.480347341868889     
   27635.171356356357        24.481281096105111     
   27635.225388388390        24.482970630925070     
   27635.279420420422        24.485582895844608     
   27635.333452452454        24.489284840379565     
   27635.387484484483        24.494243414045400     
   27635.441516516516        24.500625566358615     
   27635.495548548548        24.508598246834762     
   27635.549580580580        24.517972311414542     
   27635.603612612613        24.526266204204756     
   27635.657644644645        24.530093757902542     
   27635.711676676678        24.529858671648327     
   27635.765708708710        24.530308033363127     
   27635.819740740742        24.531615912680834     
   27635.873772772771        24.533744573315303     
   27635.927804804804        24.536656278980821     
   27635.981836836836        24.540313293391311     
   27636.035868868868        24.544677880260775     
   27636.089900900901        24.549712303303242     
   27636.143932932933        24.555378826232719     
   27636.197964964966        24.561639712763224     
   27636.251996996998        24.568457226608782     
   27636.306029029030        24.575793631483407     
   27636.360061061063        24.583611191101113     
   27636.414093093092        24.591872169175346     
   27636.468125125124        24.600538829421243     
   27636.522157157156        24.609573435552278     
   27636.576189189189        24.618938251282469     
   27636.630221221221        24.628595540325829     
   27636.684253253254        24.638507566396378     
   27636.738285285286        24.648636593208135     
   27636.792317317319        24.658944884475115     
   27636.846349349351        24.669394703911333     
   27636.900381381383        24.679948315230810     
   27636.954413413412        24.690567982146845     
   27637.008445445445        24.701215968374893     
   27637.062477477477        24.711854537628248     
   27637.116509509509        24.722446062112759     
   27637.170541541542        24.732968808885300     
   27637.224573573574        24.743433528393652     
   27637.278605605607        24.753854938680952     
   27637.332637637639        24.764247757790315     
   27637.386669669671        24.774626703764870     
   27637.440701701700        24.785006494647057     
   27637.494733733733        24.795401848481390     
   27637.548765765765        24.805827483310303     
   27637.602797797797        24.816298117176927     
   27637.656829829830        24.826828468124386     
   27637.710861861862        24.837433254195812     
   27637.764893893895        24.848127193434330     
   27637.818925925927        24.858925003883066     
   27637.872957957959        24.869841403585156     
   27637.926989989992        24.880891110583725     
   27637.981022022021        24.892088701013733     
   27638.035054054053        24.903412269439510     
   27638.089086086085        24.914755123697763     
   27638.143118118118        24.925998554699564     
   27638.197150150150        24.937023853355988     
   27638.251182182183        24.947735015425238     
   27638.305214214215        24.958250919890737     
   27638.359246246247        24.968808859848743     
   27638.413278278280        24.979647364396779     
   27638.467310310309        24.990957419726296     
   27638.521342342341        25.002720751983627     
   27638.575374374373        25.014861530729505     
   27638.629406406406        25.027303923830235     
   27638.683438438438        25.039972099152124     
   27638.737470470471        25.052790224561470     
   27638.791502502503        25.065682467924589     
   27638.845534534536        25.078572997107784     
   27638.899566566568        25.091385979977364     
   27638.953598598600        25.104045584399628     
   27639.007630630629        25.116475978240061     
   27639.061662662662        25.128601329366639     
   27639.115694694694        25.140371861977378     
   27639.169726726726        25.151886393109017     
   27639.223758758759        25.163296334100608     
   27639.277790790791        25.174753157416848     
   27639.331822822824        25.186408335522437     
   27639.385854854856        25.198413340882077     
   27639.439886886888        25.210919602137874     
   27639.493918918921        25.223933727993050     
   27639.547950950950        25.236994975091978     
   27639.601982982982        25.249548502372580     
   27639.656015015014        25.261160331524021     
   27639.710047047047        25.271937273946968     
   27639.764079079079        25.282137333483373     
   27639.818111111112        25.292018146027900     
   27639.872143143144        25.301763275804309     
   27639.926175175176        25.311393612295220     
   27639.980207207209        25.320908429752677     
   27640.034239239238        25.330307002428114     
   27640.088271271270        25.339588604574846     
   27640.142303303302        25.348752510444285     
   27640.196335335335        25.357797994288486     
   27640.250367367367        25.366724330359510     
   27640.304399399400        25.375530792909398     
   27640.358431431432        25.384216656190212     
   27640.412463463465        25.392781194453999     
   27640.466495495497        25.401223681952821     
   27640.520527527529        25.409543392938730     
   27640.574559559558        25.417739601663222     
   27640.628591591591        25.425811582379463     
   27640.682623623623        25.433758609338948     
   27640.736655655655        25.441579956793731     
   27640.790687687688        25.449274898995860     
   27640.844719719720        25.456842710197396     
   27640.898751751753        25.464282664650391     
   27640.952783783785        25.471594036606891     
   27641.006815815817        25.478776100318957     
   27641.060847847846        25.485828130038172     
   27641.114879879879        25.492749400017530     
   27641.168911911911        25.499539184508620     
   27641.222943943943        25.506196757763483     
   27641.276975975976        25.512721394034173     
   27641.331008008008        25.519112367572752     
   27641.385040040041        25.525368952631261     
   27641.439072072073        25.531490423461769     
   27641.493104104105        25.537476054316315     
   27641.547136136138        25.543325119446958     
   27641.601168168167        25.549036893105374     
   27641.655200200199        25.554610649544379     
   27641.709232232231        25.560045663015643     
   27641.763264264264        25.565341207771219     
   27641.817296296296        25.570496558063155     
   27641.871328328329        25.575510988143513     
   27641.925360360361        25.580383772264337     
   27641.979392392393        25.585114184677686     
   27642.033424424426        25.589701499635609     
   27642.087456456458        25.594124270293015     
   27642.141488488487        25.598259912998099     
   27642.195520520519        25.601959246991242     
   27642.249552552552        25.605151744097530     
   27642.303584584584        25.607836571966505     
   27642.357616616617        25.610015309708025     
   27642.411648648649        25.611689536431939     
   27642.465680680682        25.612860831248113     
   27642.519712712714        25.613530773266390     
   27642.573744744746        25.613700941596633     
   27642.627776776775        25.613372915348748     
   27642.681808808808        25.612548273632523     
   27642.735840840840        25.611228595557840     
   27642.789872872872        25.609415460234544     
   27642.843904904905        25.607110446772495     
   27642.897936936937        25.604315134281546     
   27642.951968968970        25.601031101871556     
   27643.006001001002        25.597259928652385     
   27643.060033033034        25.593003193733878     
   27643.114065065067        25.588262476225903     
   27643.168097097096        25.583039355238679     
   27643.222129129128        25.577335409881353     
   27643.276161161160        25.571152219264125     
   27643.330193193193        25.564491362496845     
   27643.384225225225        25.557354418689378     
   27643.438257257258        25.549742966951570     
   27643.492289289290        25.541658586393275     
   27643.546321321322        25.533126498488283     
   27643.600353353355        25.524345666306189     
   27643.654385385384        25.515592538607542     
   27643.708417417416        25.507143921457420     
   27643.762449449448        25.499276620922672     
   27643.816481481481        25.492267443069561     
   27643.870513513513        25.486315511614663     
   27643.924545545546        25.480618917847959     
   27643.978577577578        25.473896001462911     
   27644.032609609611        25.466021996190307     
   27644.086641641643        25.457267307491936     
   27644.140673673675        25.447902646410423     
   27644.194705705704        25.438198723989071     
   27644.248737737737        25.428425981494733     
   27644.302769769769        25.418755926531801     
   27644.356801801801        25.409114103690683     
   27644.410833833834        25.399388479505909     
   27644.464865865866        25.389467024546793     
   27644.518897897899        25.379269268105524     
   27644.572929929931        25.368822455158913     
   27644.626961961963        25.358176792245722     
   27644.680993993996        25.347382485904696     
   27644.735026026025        25.336489742675326     
   27644.789058058057        25.325548769094890     
   27644.843090090089        25.314609771702877     
   27644.897122122122        25.303722957038037     
   27644.951154154154        25.292938531639120     
   27645.005186186187        25.282300113647882     
   27645.059218218219        25.271788983057128     
   27645.113250250251        25.261352074562655     
   27645.167282282284        25.250935964602490     
   27645.221314314313        25.240487229615390     
   27645.275346346345        25.229952446037970     
   27645.329378378377        25.219278190308970     
   27645.383410410410        25.208411038866430     
   27645.437442442442        25.197297568148379     
   27645.491474474475        25.185884354592851     
   27645.545506506507        25.174117974637888     
   27645.599538538539        25.161952331364599     
   27645.653570570572        25.149429322457458     
   27645.707602602604        25.136648985874853     
   27645.761634634633        25.123712392012241     
   27645.815666666665        25.110720611262455     
   27645.869698698698        25.097774714020947     
   27645.923730730730        25.084975770682295     
   27645.977762762763        25.072420173901804     
   27646.031794794795        25.060136056083913     
   27646.085826826828        25.048099875023937     
   27646.139858858860        25.036286808687564     
   27646.193890890892        25.024672035040449     
   27646.247922922921        25.013230732049053     
   27646.301954954954        25.001938077677497     
   27646.355986986986        24.990769249892239     
   27646.410019019018        24.979699426658950     
   27646.464051051051        24.968703785943312     
   27646.518083083083        24.957757548758906     
   27646.572115115116        24.946844493958395     
   27646.626147147148        24.935967222238624     
   27646.680179179180        24.925130839413082     
   27646.734211211213        24.914340451295274     
   27646.788243243242        24.903601163699420     
   27646.842275275274        24.892918082437568     
   27646.896307307306        24.882296313323934     
   27646.950339339339        24.871740962172037     
   27647.004371371371        24.861257134795355     
   27647.058403403404        24.850849937007393     
   27647.112435435436        24.840524474621645     
   27647.166467467468        24.830285853451620     
   27647.220499499501        24.820139179310804     
   27647.274531531533        24.810089558012699     
   27647.328563563562        24.800142095371474     
   27647.382595595594        24.790301897199278     
   27647.436627627627        24.780574069310290     
   27647.490659659659        24.770963717518008     
   27647.544691691692        24.761475947635919     
   27647.598723723724        24.752115865477535     
   27647.652755755757        24.742888576856345     
   27647.706787787789        24.733799187585852     
   27647.760819819821        24.724852803479550     
   27647.814851851850        24.716054530351528     
   27647.868883883883        24.707409474014096     
   27647.922915915915        24.698922737566416     
   27647.976947947947        24.690597576786509     
   27648.030979979980        24.682432187829221     
   27648.085012012012        24.674423908391436     
   27648.139044044045        24.666570076170043     
   27648.193076076077        24.658868028861914     
   27648.247108108109        24.651315104163942     
   27648.301140140142        24.643908639773002     
   27648.355172172171        24.636645973386464     
   27648.409204204203        24.629524442700237     
   27648.463236236235        24.622541385411694     
   27648.517268268268        24.615694139217716     
   27648.571300300300        24.608980041815194     
   27648.625332332333        24.602396430901003     
   27648.679364364365        24.595940644172025     
   27648.733396396397        24.589610019325150     
   27648.787428428430        24.583401894057253     
   27648.841460460462        24.577313606065221     
   27648.895492492491        24.571342493046341     
   27648.949524524523        24.565485892696682     
   27649.003556556556        24.559741142713538     
   27649.057588588588        24.554105580793788     
   27649.111620620621        24.548576544634322     
   27649.165652652653        24.543151371932019     
   27649.219684684685        24.537827400383758     
   27649.273716716718        24.532601967686428     
   27649.327748748750        24.527472466623543     
   27649.381780780779        24.522437586892273     
   27649.435812812811        24.517497331945762     
   27649.489844844844        24.512651763693736     
   27649.543876876876        24.507900944045545     
   27649.597908908909        24.503244934910583     
   27649.651940940941        24.498683798198204     
   27649.705972972974        24.494217595817794     
   27649.760005005006        24.489846389678711     
   27649.814037037038        24.485570241690340     
   27649.868069069071        24.481389213762046     
   27649.922101101100        24.477303367803472     
   27649.976133133132        24.473312765723442     
   27650.030165165164        24.469417471171486     
   27650.084197197197        24.465618309859124     
   27650.138229229229        24.461918060330945     
   27650.192261261262        24.458319809537965     
   27650.246293293294        24.454826644431215     
   27650.300325325326        24.451441651961712     
   27650.354357357359        24.448167919080497     
   27650.408389389388        24.445008532738786     
   27650.462421421420        24.441966579887193     
   27650.516453453452        24.439045147476946     
   27650.570485485485        24.436247322459081     
   27650.624517517517        24.433576191784617     
   27650.678549549550        24.431034842404586     
   27650.732581581582        24.428626361270009     
   27650.786613613614        24.426353835331902     
   27650.840645645647        24.424220351541305     
   27650.894677677679        24.422228996849235     
   27650.948709709708        24.420382858206835     
   27651.002741741740        24.418685022564887     
   27651.056773773773        24.417138576874539     
   27651.110805805805        24.415746608086820     
   27651.164837837838        24.414512203152754     
   27651.218869869870        24.413438449023371     
   27651.272901901903        24.412528432649687     
   27651.326933933935        24.411785240982731     
   27651.380965965967        24.411211960973532     
   27651.434997998000        24.410811679573108     
   27651.489030030029        24.410587483732495     
   27651.543062062061        24.410542460402688     
   27651.597094094093        24.410679696534739     
   27651.651126126126        24.411002279079668     
   27651.705158158158        24.411513294988499     
   27651.759190190191        24.412215831212254     
   27651.813222222223        24.413112974701971     
   27651.867254254255        24.414207812408662     
   27651.921286286288        24.415503431283355     
   27651.975318318317        24.417002918276967     
   27652.029350350349        24.418709360340731     
   27652.083382382381        24.420625844425569     
   27652.137414414414        24.422755457482513     
   27652.191446446446        24.425101286462585     
   27652.245478478479        24.427666418316807     
   27652.299510510511        24.430453914372301     
   27652.353542542543        24.433456768821333     
   27652.407574574576        24.436642645431661     
   27652.461606606608        24.439975286681737     
   27652.515638638637        24.443419459145520     
   27652.569670670669        24.446944116241884     
   27652.623702702702        24.450519281212564     
   27652.677734734734        24.454114977299916     
   27652.731766766767        24.457701227746327     
   27652.785798798799        24.461248055794155     
   27652.839830830831        24.464725484685768     
   27652.893862862864        24.468103537663538     
   27652.947894894896        24.471352237969832     
   27653.001926926925        24.474441608846821     
   27653.055958958957        24.477341673537286     
   27653.109990990990        24.480022455283382     
   27653.164023023022        24.482453977327481     
   27653.218055055055        24.484606262911949     
   27653.272087087087        24.486449335279154     
   27653.326119119120        24.487953217671468     
   27653.380151151152        24.489087933331252     
   27653.434183183184        24.489823505500883     
   27653.488215215217        24.490129957422727     
   27653.542247247246        24.489977582774252     
   27653.596279279278        24.490714307772119     
   27653.650311311310        24.494826214084377     
   27653.704343343343        24.501031513793993     
   27653.758375375375        24.507971198480135     
   27653.812407407408        24.514907192228236     
   27653.866439439440        24.521602933894133     
   27653.920471471472        24.528057290587494     
   27653.974503503505        24.534271912087569     
   27654.028535535537        24.540248448173596     
   27654.082567567566        24.545988548624457     
   27654.136599599598        24.551493863220173     
   27654.190631631631        24.556766041739593     
   27654.244663663663        24.561806733961969     
   27654.298695695696        24.566617589666549     
   27654.352727727728        24.571200258632590     
   27654.406759759760        24.575556390639331     
   27654.460791791793        24.579687635466026     
   27654.514823823825        24.583619263962117     
   27654.568855855854        24.587495997464526     
   27654.622887887886        24.591498861470470     
   27654.676919919919        24.595744200332277     
   27654.730951951951        24.600256929193886     
   27654.784983983984        24.605055048714920     
   27654.839016016016        24.610156559554994     
   27654.893048048049        24.615579462373717     
   27654.947080080081        24.621341757830717     
   27655.001112112113        24.627461446585603     
   27655.055144144146        24.633956529297993     
   27655.109176176175        24.640845006627028     
   27655.163208208207        24.648144879233250     
   27655.217240240239        24.655874147775826     
   27655.271272272272        24.664050812914368     
   27655.325304304304        24.672692875308496     
   27655.379336336337        24.681818335617827     
   27655.433368368369        24.691445194501981     
   27655.487400400401        24.701591452620562     
   27655.541432432434        24.712275110633200     
   27655.595464464463        24.723514169198726     
   27655.649496496495        24.735326628978274     
   27655.703528528527        24.747730490630726     
   27655.757560560560        24.760743754815689     
   27655.811592592592        24.774384422192789     
   27655.865624624625        24.788670493421634     
   27655.919656656657        24.803619969161844     
   27655.973688688689        24.819237734305915     
   27656.027720720722        24.835321516701896     
   27656.081752752754        24.851503805479737     
   27656.135784784783        24.867412492229906     
   27656.189816816815        24.882675468546061     
   27656.243848848848        24.896920626018630     
   27656.297880880880        24.909775856239111     
   27656.351912912913        24.920869050799020     
   27656.405944944945        24.929828101289846     
   27656.459976976977        24.936280899303114     
   27656.514009009010        24.939855336430309     
   27656.568041041042        24.940179304262951     
   27656.622073073075        24.937124232890390     
   27656.676105105103        24.931920879776996     
   27656.730137137136        24.926271429100417     
   27656.784169169168        24.921878528884719     
   27656.838201201201        24.920444827153645     
   27656.892233233233        24.923672971930955     
   27656.946265265266        24.933265611240390     
   27657.000297297298        24.950925393105710     
   27657.054329329330        24.978354965550661     
   27657.108361361363        25.017256976598997     
   27657.162393393392        25.069334074270486     
   27657.216425425424        25.127097578099626     
   27657.270457457456        25.178406442459565     
   27657.324489489489        25.223499417023930     
   27657.378521521521        25.262737992562649     
   27657.432553553554        25.296483659845634     
   27657.486585585586        25.325097909642810     
   27657.540617617618        25.348942232724099     
   27657.594649649651        25.368378119859422     
   27657.648681681683        25.383767061818702     
   27657.702713713712        25.395470549371183     
   27657.756745745744        25.403850073288346     
   27657.810777777777        25.409267124339205     
   27657.864809809809        25.412083193293682     
   27657.918841841842        25.412659770921692     
   27657.972873873874        25.411358347993158     
   27658.026905905906        25.408540415278008     
   27658.080937937939        25.404567463546158     
   27658.134969969971        25.399800983567530     
   27658.189002002000        25.394602466112403     
   27658.243034034032        25.389333401949980     
   27658.297066066065        25.384355281850514     
   27658.351098098097        25.380029596583931     
   27658.405130130130        25.376717836920154     
   27658.459162162162        25.374781493629104     
   27658.513194194195        25.374582057480701     
   27658.567226226227        25.376481019244864     
   27658.621258258259        25.380839307672105     
   27658.675290290292        25.387778916422469     
   27658.729322322321        25.396812565245032     
   27658.783354354353        25.407357268568983     
   27658.837386386385        25.418830040821728     
   27658.891418418418        25.430647896431211     
   27658.945450450450        25.442227849825382     
   27658.999482482483        25.452986915432184     
   27659.053514514515        25.462348315827121     
   27659.107546546547        25.470364317416948     
   27659.161578578580        25.477991529845657     
   27659.215610610612        25.485420226674826     
   27659.269642642641        25.492647199929433     
   27659.323674674673        25.499669241635893     
   27659.377706706706        25.506483143819167     
   27659.431738738738        25.513085698504710     
   27659.485770770771        25.519473697717970     
   27659.539802802803        25.525643933484396     
   27659.593834834835        25.531593197829434     
   27659.647866866868        25.537318282778543     
   27659.701898898900        25.542815980357172     
   27659.755930930929        25.548083082590416     
   27659.809962962961        25.553116381504445     
   27659.863994994994        25.557912669124349     
   27659.918027027026        25.562468737475569     
   27659.972059059059        25.566781378583556     
   27660.026091091091        25.570847384473772     
   27660.080123123123        25.574663547171660     
   27660.134155155156        25.578226658702668     
   27660.188187187188        25.581533511092246     
   27660.242219219221        25.584580896365857     
   27660.296251251249        25.587365606548758     
   27660.350283283282        25.589884433666782     
   27660.404315315314        25.592134169745179     
   27660.458347347347        25.594111606809406     
   27660.512379379379        25.595813536884911     
   27660.566411411412        25.597236751997144     
   27660.620443443444        25.598378044171554     
   27660.674475475476        25.599234205433593     
   27660.728507507509        25.599802027808707     
   27660.782539539538        25.600078303322348     
   27660.836571571570        25.600059823999995     
   27660.890603603602        25.599743139718335     
   27660.944635635635        25.599122422895057     
   27660.998667667667        25.598190497156100     
   27661.052699699700        25.596940170669011     
   27661.106731731732        25.595364251601353     
   27661.160763763764        25.593455548120673     
   27661.214795795797        25.591206868394522     
   27661.268827827829        25.588611020590466     
   27661.322859859858        25.585660812876256     
   27661.376891891890        25.582349053419055     
   27661.430923923923        25.578668729473335     
   27661.484955955955        25.574622373476252     
   27661.538987987988        25.570226661280806     
   27661.593020020020        25.565499412282030     
   27661.647052052052        25.560458445874964     
   27661.701084084085        25.555121581454660     
   27661.755116116117        25.549506638416155     
   27661.809148148150        25.543631436154488     
   27661.863180180178        25.537513794065120     
   27661.917212212211        25.531171531542270     
   27661.971244244243        25.524620079219911     
   27662.025276276276        25.517858244050739     
   27662.079308308308        25.510877767259309     
   27662.133340340341        25.503670364208539     
   27662.187372372373        25.496227750261333     
   27662.241404404405        25.488541640780610     
   27662.295436436438        25.480603751129287     
   27662.349468468467        25.472405796670834     
   27662.403500500499        25.463940852439826     
   27662.457532532531        25.455215431157381     
   27662.511564564564        25.446243708604261     
   27662.565596596596        25.437039949825568     
   27662.619628628629        25.427618419866416     
   27662.673660660661        25.417993383771922     
   27662.727692692693        25.408179106587188     
   27662.781724724726        25.398189852069784     
   27662.835756756758        25.388039526289301     
   27662.889788788787        25.377741190995145     
   27662.943820820819        25.367307786159007     
   27662.997852852852        25.356752251754649     
   27663.051884884884        25.346087527755142     
   27663.105916916917        25.335326554133552     
   27663.159948948949        25.324482270862969     
   27663.213980980981        25.313567617916458     
   27663.268013013014        25.302595535267091     
   27663.322045045046        25.291578962887950     
   27663.376077077075        25.280530840752842     
   27663.430109109107        25.269464108833358     
   27663.484141141140        25.258391707103314     
   27663.538173173172        25.247326575535787     
   27663.592205205205        25.236281294067393     
   27663.646237237237        25.225247390001591     
   27663.700269269269        25.214184071191340     
   27663.754301301302        25.203047801485454     
   27663.808333333334        25.191796215185033     
   27663.862365365367        25.180397918909200     
   27663.916397397395        25.168827519836249     
   27663.970429429428        25.157059686223398     
   27664.024461461460        25.145069086330203     
   27664.078493493493        25.132830388415421     
   27664.132525525525        25.120318260737839     
   27664.186557557558        25.107507371556224     
   27664.240589589590        25.094372389129362     
   27664.294621621622        25.080887981716018     
   27664.348653653655        25.067028817574965     
   27664.402685685687        25.052769564964990     
   27664.456717717716        25.038095792557037     
   27664.510749749748        25.023071315091961     
   27664.564781781781        25.007794131699644     
   27664.618813813813        24.992362384659035     
   27664.672845845846        24.976874216249094     
   27664.726877877878        24.961427768748774     
   27664.780909909910        24.946121184437029     
   27664.834941941943        24.931052605592825     
   27664.888973973975        24.916320174495105     
   27664.943006006004        24.902022033423791     
   27664.997038038036        24.888256324655885     
   27665.051070070069        24.875121190471333     
   27665.105102102101        24.862714773149097     
   27665.159134134134        24.851135214968124     
   27665.213166166166        24.840480658207369     
   27665.267198198198        24.830849245145803     
   27665.321230230231        24.822339118062366     
   27665.375262262263        24.815048419236021     
   27665.429294294296        24.809075290945721     
   27665.483326326324        24.804517875470687     
   27665.537358358357        24.801474315089248     
   27665.591390390389        24.800042752080721     
   27665.645422422422        24.799963533413887     
   27665.699454454454        24.793944388970822     
   27665.753486486487        24.782588291995875     
   27665.807518518519        24.770902604862979     
   27665.861550550551        24.760345070613873     
   27665.915582582584        24.750723201677204     
   27665.969614614616        24.741835368135284     
   27666.023646646645        24.733479940070985     
   27666.077678678677        24.725455287565509     
   27666.131710710710        24.717560820359729     
   27666.185742742742        24.709670666747904     
   27666.239774774775        24.701782483091034     
   27666.293806806807        24.693905507568747     
   27666.347838838839        24.686048978360684     
   27666.401870870872        24.678222133646475     
   27666.455902902904        24.670434211605762     
   27666.509934934933        24.662694450418694     
   27666.563966966965        24.655012088263859     
   27666.617998998998        24.647396363321423     
   27666.672031031030        24.639856513771015     
   27666.726063063063        24.632401777792275     
   27666.780095095095        24.625041393564828     
   27666.834127127127        24.617784599268319     
   27666.888159159160        24.610640633082376     
   27666.942191191192        24.603618733186639     
   27666.996223223225        24.596728137760739     
   27667.050255255253        24.589978084984757     
   27667.104287287286        24.583377813037430     
   27667.158319319318        24.576936560098844     
   27667.212351351351        24.570663564348632     
   27667.266383383383        24.564568063966430     
   27667.320415415415        24.558659258581642     
   27667.374447447448        24.552940592151547     
   27667.428479479480        24.547403689269991     
   27667.482511511513        24.542038722607902     
   27667.536543543541        24.536835864836561     
   27667.590575575574        24.531785288626210     
   27667.644607607606        24.526877166648138     
   27667.698639639639        24.522101671573282     
   27667.752671671671        24.517448976072579     
   27667.806703703704        24.512909252816964     
   27667.860735735736        24.508472754294601     
   27667.914767767768        24.504134090015114     
   27667.968799799801        24.499894385526972     
   27668.022831831833        24.495755300047289     
   27668.076863863862        24.491718492793481     
   27668.130895895894        24.487785622982127     
   27668.184927927927        24.483958349830644     
   27668.238959959959        24.480238332556159     
   27668.292991991992        24.476627230375804     
   27668.347024024024        24.473126702506722     
   27668.401056056056        24.469738408166037     
   27668.455088088089        24.466464006570881     
   27668.509120120121        24.463305156938389     
   27668.563152152154        24.460263518485700     
   27668.617184184182        24.457340750430131     
   27668.671216216215        24.454538511988424     
   27668.725248248247        24.451858462377917     
   27668.779280280280        24.449302260815738     
   27668.833312312312        24.446871566519018     
   27668.887344344344        24.444568038704901     
   27668.941376376377        24.442393336590506     
   27668.995408408409        24.440349119392977     
   27669.049440440442        24.438436739917510     
   27669.103472472470        24.436655443004497     
   27669.157504504503        24.435003586679716     
   27669.211536536535        24.433479525888647     
   27669.265568568568        24.432081615576649     
   27669.319600600600        24.430808210689076     
   27669.373632632633        24.429657666171295     
   27669.427664664665        24.428628336968664     
   27669.481696696697        24.427718578026536     
   27669.535728728730        24.426926744290277     
   27669.589760760762        24.426251190705244     
   27669.643792792791        24.425690272216826     
   27669.697824824823        24.425242343770318     
   27669.751856856856        24.424905760311109     
   27669.805888888888        24.424678876784562     
   27669.859920920921        24.424560048136041     
   27669.913952952953        24.424547629310894     
   27669.967984984985        24.424639975254493     
   27670.022017017018        24.424835440912187     
   27670.076049049050        24.425132381229339     
   27670.130081081079        24.425529151151281     
   27670.184113113111        24.426024105623419     
   27670.238145145144        24.426615599591095     
   27670.292177177176        24.427301987999670     
   27670.346209209209        24.428081625794494     
   27670.400241241241        24.428952867920934     
   27670.454273273273        24.429914069324340     
   27670.508305305306        24.430963584950085     
   27670.562337337338        24.432099769743516     
   27670.616369369371        24.433320978650002     
   27670.670401401399        24.434625566614805     
   27670.724433433432        24.436011888583458     
   27670.778465465464        24.437478299501237     
   27670.832497497497        24.439023154313510     
   27670.886529529529        24.440644807965622     
   27670.940561561561        24.442341615402938     
   27670.994593593594        24.444111931570824     
   27671.048625625626        24.445954111414629     
   27671.102657657659        24.447866509879720     
   27671.156689689691        24.449847481911448     
   27671.210721721720        24.451895382455039     
   27671.264753753752        24.454008566456125     
   27671.318785785785        24.456185388859929     
   27671.372817817817        24.458424204611813     
   27671.426849849850        24.460723590848257     
   27671.480881881882        24.463097776276882     
   27671.534913913914        24.465586686933790     
   27671.588945945947        24.468232636354220     
   27671.642977977979        24.471077553772648     
   27671.697010010008        24.474145367269323     
   27671.751042042040        24.477434677265681     
   27671.805074074073        24.480942180812995     
   27671.859106106105        24.484664574962743     
   27671.913138138138        24.488598556766405     
   27671.967170170170        24.492740823275454     
   27672.021202202202        24.497088071541370     
   27672.075234234235        24.501636998615623     
   27672.129266266267        24.506384301549701     
   27672.183298298300        24.511326662846990     
   27672.237330330328        24.516459235412889     
   27672.291362362361        24.521774318099482     
   27672.345394394393        24.527263897559461     
   27672.399426426426        24.532919960445870     
   27672.453458458458        24.538734493411731     
   27672.507490490490        24.544699483110087     
   27672.561522522523        24.550806916193967     
   27672.615554554555        24.557048779316403     
   27672.669586586588        24.563417059130437     
   27672.723618618616        24.569903742288652     
   27672.777650650649        24.576500815444966     
   27672.831682682681        24.583200265251975     
   27672.885714714714        24.589994078362707     
   27672.939746746746        24.596874241430207     
   27672.993778778779        24.603832741107503     
   27673.047810810811        24.610861564047632     
   27673.101842842843        24.617952696903622     
   27673.155874874876        24.625098126328513     
   27673.209906906908        24.632289838975336     
   27673.263938938937        24.639519821496634     
   27673.317970970969        24.646780060546423     
   27673.372003003002        24.654062542777240     
   27673.426035035034        24.661359254842132     
   27673.480067067067        24.668662183394126     
   27673.534099099099        24.675963315086253     
   27673.588131131131        24.683273302808100     
   27673.642163163164        24.691162486199296     
   27673.696195195196        24.700844357837742     
   27673.750227227229        24.712892732394181     
   27673.804259259257        24.725769216023874     
   27673.858291291290        24.738408418972952     
   27673.912323323322        24.750769738561829     
   27673.966355355355        24.762868564485437     
   27674.020387387387        24.774720286438729     
   27674.074419419419        24.786340294116645     
   27674.128451451452        24.797743977214118     
   27674.182483483484        24.808946725426100     
   27674.236515515517        24.819963928447528     
   27674.290547547545        24.830810975972625     
   27674.344579579578        24.841503257697781     
   27674.398611611610        24.852056163317211     
   27674.452643643643        24.862485082525858     
   27674.506675675675        24.872805405018656     
   27674.560707707707        24.883032520490559     
   27674.614739739740        24.893181818636496     
   27674.668771771772        24.903268689151417     
   27674.722803803805        24.913308521730258     
   27674.776835835837        24.923316706067968     
   27674.830867867866        24.933308631858811     
   27674.884899899898        24.943299688799076     
   27674.938931931931        24.953305266583030     
   27674.992963963963        24.963340867082085     
   27675.046995995996        24.973428764842538     
   27675.101028028028        24.983601756328760     
   27675.155060060060        24.993893545959107     
   27675.209092092093        25.004337838151947     
   27675.263124124125        25.014967632439625     
   27675.317156156154        25.025796703400431     
   27675.371188188186        25.036817761244851     
   27675.425220220219        25.048022442448687     
   27675.479252252251        25.059402383488447     
   27675.533284284284        25.070949220840657     
   27675.587316316316        25.082654590981832     
   27675.641348348348        25.094510130388493     
   27675.695380380381        25.106507475537160     
   27675.749412412413        25.118638262904348     
   27675.803444444446        25.130894128966577     
   27675.857476476474        25.143266710199530     
   27675.911508508507        25.155747643081391     
   27675.965540540539        25.168328564087851     
   27676.019572572572        25.181001109695426     
   27676.073604604604        25.193756916380636     
   27676.127636636636        25.206587620620006     
   27676.181668668669        25.219484858890041     
   27676.235700700701        25.232440267667272     
   27676.289732732734        25.245445483428217     
   27676.343764764766        25.258492142649384     
   27676.397796796795        25.271555022032238     
   27676.451828828827        25.284513307342245     
   27676.505860860860        25.297217566125550     
   27676.559892892892        25.309602923908791     
   27676.613924924925        25.321674750402263     
   27676.667956956957        25.333440544695854     
   27676.721988988989        25.344907805879458     
   27676.776021021022        25.356084033042983     
   27676.830053053054        25.366976725276309     
   27676.884085085083        25.377593381668639     
   27676.938117117115        25.387941501311289     
   27676.992149149148        25.398028583293438     
   27677.046181181180        25.407862126704977     
   27677.100213213213        25.417449630635804     
   27677.154245245245        25.426798594175814     
   27677.208277277277        25.435916516414903     
   27677.262309309310        25.444810896442966     
   27677.316341341342        25.453489233349895     
   27677.370373373375        25.461959026225593     
   27677.424405405403        25.470227774159405     
   27677.478437437436        25.478302976242333     
   27677.532469469468        25.486192131563712     
   27677.586501501501        25.493902323451547     
   27677.640533533533        25.501431464395480     
   27677.694565565565        25.508768508511857     
   27677.748597597598        25.515902036655476     
   27677.802629629630        25.522820629681110     
   27677.856661661663        25.529512868443565     
   27677.910693693691        25.535967333797188     
   27677.964725725724        25.542172606597639     
   27678.018757757756        25.548117267699268     
   27678.072789789789        25.553789897956865     
   27678.126821821821        25.559179078225210     
   27678.180853853853        25.564273389359094     
   27678.234885885886        25.569061412213305     
   27678.288917917918        25.573531727642635     
   27678.342949949951        25.577672916501864     
   27678.396981981983        25.581473559645787     
   27678.451014014012        25.584922237928971     
   27678.505046046044        25.588007532206660     
   27678.559078078077        25.590718117810479     
   27678.613110110109        25.593051389478429     
   27678.667142142142        25.595020384148654     
   27678.721174174174        25.596639767841850     
   27678.775206206206        25.597924206578718     
   27678.829238238239        25.598888366379938     
   27678.883270270271        25.599546913266213     
   27678.937302302304        25.599914513258231     
   27678.991334334332        25.600005832376691     
   27679.045366366365        25.599833995134624     
   27679.099398398397        25.599403663744052     
   27679.153430430430        25.598716611729813     
   27679.207462462462        25.597774610138941     
   27679.261494494494        25.596579430018458     
   27679.315526526527        25.595132842415396     
   27679.369558558559        25.593436618376778     
   27679.423590590592        25.591492528949637     
   27679.477622622620        25.589302345181160     
   27679.531654654653        25.586867838118071     
   27679.585686686685        25.584190778807546     
   27679.639718718718        25.581272938296610     
   27679.693750750750        25.578115846159509     
   27679.747782782782        25.574717235672956     
   27679.801814814815        25.571071821117908     
   27679.855846846847        25.567174233325261     
   27679.909878878880        25.563019103125896     
   27679.963910910912        25.558601061350693     
   27680.017942942941        25.553914738830866     
   27680.071974974973        25.548954766396669     
   27680.126007007006        25.543715774879303     
   27680.180039039038        25.538192395109640     
   27680.234071071071        25.532379257918571     
   27680.288103103103        25.526270994136983     
   27680.342135135135        25.519862234571232     
   27680.396167167168        25.513144794620970     
   27680.450199199200        25.506099915583111     
   27680.504231231229        25.498706356737742     
   27680.558263263261        25.490942877363448     
   27680.612295295294        25.482788236740287     
   27680.666327327326        25.474221194147830     
   27680.720359359359        25.465229879963964     
   27680.774391391391        25.455989551550040     
   27680.828423423423        25.446688362595488     
   27680.882455455456        25.437322032573547     
   27680.936487487488        25.427874622723429     
   27680.990519519521        25.418330194284319     
   27681.044551551549        25.408672808496071     
   27681.098583583582        25.398886526596577     
   27681.152615615614        25.388955409825677     
   27681.206647647647        25.378863519422566     
   27681.260679679679        25.368594916626435     
   27681.314711711711        25.358133662676483     
   27681.368743743744        25.347464010246718     
   27681.422775775776        25.336596987712532     
   27681.476807807809        25.325597691603583     
   27681.530839839841        25.314537728891334     
   27681.584871871870        25.303488706548002     
   27681.638903903902        25.292516911597730     
   27681.692935935935        25.281630313813213     
   27681.746967967967        25.270800868731023     
   27681.800999999999        25.260000000000002     
