   3459.0180000000000        27.859999999999999     
   3459.0679609609610        27.849748044221471     
   3459.1179219219221        27.839389343167145     
   3459.1678828828831        27.828839360804526     
   3459.2178438438441        27.818088148493842     
   3459.2678048048047        27.807141398319018     
   3459.3177657657657        27.796004802363679     
   3459.3677267267267        27.784684052711739     
   3459.4176876876877        27.773184841447023     
   3459.4676486486487        27.761512860653347     
   3459.5176096096097        27.749673802414534     
   3459.5675705705708        27.737673358814416     
   3459.6175315315318        27.725517221936801     
   3459.6674924924923        27.713211083865627     
   3459.7174534534533        27.700760636684493     
   3459.7674144144144        27.688171572477330     
   3459.8173753753754        27.675449583327961     
   3459.8673363363364        27.662600361320209     
   3459.9172972972974        27.649629598537892     
   3459.9672582582584        27.636542987064836     
   3460.0172192192194        27.623346218984850     
   3460.0671801801800        27.610044986381894     
   3460.1171411411410        27.596644981339537     
   3460.1671021021020        27.583151895941725     
   3460.2170630630631        27.569571422272276     
   3460.2670240240241        27.555909252415013     
   3460.3169849849851        27.542171078453755     
   3460.3669459459461        27.528362592472327     
   3460.4169069069071        27.514489486554552     
   3460.4668678678677        27.500557452784374     
   3460.5168288288287        27.486572183245364     
   3460.5667897897897        27.472539370021465     
   3460.6167507507507        27.458464705196505     
   3460.6667117117117        27.444353880854301     
   3460.7166726726728        27.430212589078671     
   3460.7666336336338        27.416046521953451     
   3460.8165945945948        27.401861371562443     
   3460.8665555555558        27.387662829989480     
   3460.9165165165164        27.373456589318515     
   3460.9664774774774        27.359248341633101     
   3461.0164384384384        27.345043779017196     
   3461.0663993993994        27.330848593554620     
   3461.1163603603604        27.316668477329195     
   3461.1663213213214        27.302509122424738     
   3461.2162822822825        27.288376220925073     
   3461.2662432432435        27.274275464914027     
   3461.3162042042040        27.260212546475540     
   3461.3661651651651        27.246193157693185     
   3461.4161261261261        27.232222990650904     
   3461.4660870870871        27.218307713460824     
   3461.5160480480481        27.204435328529318     
   3461.5660090090091        27.190578651714528     
   3461.6159699699701        27.176749067260381     
   3461.6659309309312        27.162961120879530     
   3461.7158918918917        27.149229358284757     
   3461.7658528528527        27.135568325188466     
   3461.8158138138137        27.121992567303447     
   3461.8657747747748        27.108516630342351     
   3461.9157357357358        27.095155060017834     
   3461.9656966966968        27.081922402042558     
   3462.0156576576578        27.068833202129174     
   3462.0656186186188        27.055902005990344     
   3462.1155795795794        27.043143359338831     
   3462.1655405405404        27.030570312152566     
   3462.2155015015014        27.018182956497867     
   3462.2654624624624        27.005974738060644     
   3462.3154234234235        26.993939048356413     
   3462.3653843843845        26.982069278900703     
   3462.4153453453455        26.970358821209029     
   3462.4653063063065        26.958801066796930     
   3462.5152672672675        26.947389407179919     
   3462.5652282282281        26.936117233873635     
   3462.6151891891891        26.924977938393383     
   3462.6651501501501        26.913964912254798     
   3462.7151111111111        26.903071546973411     
   3462.7650720720721        26.892291234064736     
   3462.8150330330332        26.881617365044303     
   3462.8649939939942        26.871043331427636     
   3462.9149549549552        26.860562524730259     
   3462.9649159159158        26.850168336467792     
   3463.0148768768768        26.839854158155568     
   3463.0648378378378        26.829613381309208     
   3463.1147987987988        26.819439397444235     
   3463.1647597597598        26.809325598076178     
   3463.2147207207208        26.799265374720559     
   3463.2646816816819        26.789252118892904     
   3463.3146426426429        26.779279222108734     
   3463.3646036036034        26.769340075883669     
   3463.4145645645644        26.759428071733044     
   3463.4645255255255        26.749536601172487     
   3463.5144864864865        26.739659055717510     
   3463.5644474474475        26.729788826883649     
   3463.6144084084085        26.719919306186220     
   3463.6643693693695        26.710043521749309     
   3463.7143303303305        26.700153083342272     
   3463.7642912912911        26.690239254736277     
   3463.8142522522521        26.680293299702218     
   3463.8642132132131        26.670306482011245     
   3463.9141741741741        26.660270065434442     
   3463.9641351351352        26.650175313742878     
   3464.0140960960962        26.640019625643376     
   3464.0640570570572        26.629826247900233     
   3464.1140180180182        26.619625233622003     
   3464.1639789789792        26.609446635950757     
   3464.2139399399398        26.599320508028669     
   3464.2639009009008        26.589276902997629     
   3464.3138618618618        26.579345873999806     
   3464.3638228228228        26.569557474177270     
   3464.4137837837839        26.559941756672114     
   3464.4637447447449        26.550528774626407     
   3464.5137057057059        26.541348581182223     
   3464.5636666666669        26.532431229481649     
   3464.6136276276275        26.523806772666831     
   3464.6635885885885        26.515505263879689     
   3464.7135495495495        26.507556756262385     
   3464.7635105105105        26.499991302957000     
   3464.8134714714715        26.492838957105597     
   3464.8634324324325        26.486129771850266     
   3464.9133933933936        26.479893800333080     
   3464.9633543543546        26.474161095696118     
   3465.0133153153151        26.468961711081501     
   3465.0632762762762        26.464325699631207     
   3465.1132372372372        26.460283114487375     
   3465.1631981981982        26.456864008792067     
   3465.2131591591592        26.454098435687371     
   3465.2631201201202        26.452016448315362     
   3465.3130810810812        26.450648099818117     
   3465.3630420420423        26.450023443337713     
   3465.4130030030028        26.450000878671876     
   3465.4629639639638        26.449691714632920     
   3465.5129249249248        26.448866290140035     
   3465.5628858858859        26.447562482489069     
   3465.6128468468469        26.445818170982818     
   3465.6628078078079        26.443671234924068     
   3465.7127687687689        26.441159553615620     
   3465.7627297297299        26.438321006360269     
   3465.8126906906909        26.435193472460799     
   3465.8626516516515        26.431814831220048     
   3465.9126126126125        26.428222961940747     
   3465.9625735735735        26.424455743925712     
   3466.0125345345346        26.420551056477738     
   3466.0624954954956        26.416546778899622     
   3466.1124564564566        26.412480790494165     
   3466.1624174174176        26.408390970564145     
   3466.2123783783786        26.404315198412370     
   3466.2623393393392        26.400291353341665     
   3466.3123003003002        26.396357314654747     
   3466.3622612612612        26.392550961654450     
   3466.4122222222222        26.388910173643573     
   3466.4621831831832        26.385472829924904     
   3466.5121441441443        26.382276809801237     
   3466.5621051051053        26.379359992575370     
   3466.6120660660663        26.376760257550096     
   3466.6620270270269        26.374515484028223     
   3466.7119879879879        26.372663551312506     
   3466.7619489489489        26.371242338705766     
   3466.8119099099099        26.370289725510794     
   3466.8618708708709        26.369842604368046     
   3466.9118318318319        26.369914939181868     
   3466.9617927927929        26.370497633517626     
   3467.0117537537540        26.371580577957509     
   3467.0617147147150        26.373153663083688     
   3467.1116756756755        26.375206779478336     
   3467.1616366366366        26.377729817723669     
   3467.2115975975976        26.380712668401863     
   3467.2615585585586        26.384145222095093     
   3467.3115195195196        26.388017369385548     
   3467.3614804804806        26.392319000855409     
   3467.4114414414416        26.397040007086854     
   3467.4614024024027        26.402170278662080     
   3467.5113633633632        26.407699706163214     
   3467.5613243243242        26.413618180172534     
   3467.6112852852852        26.419915591272186     
   3467.6612462462463        26.426581830044345     
   3467.7112072072073        26.433606787071199     
   3467.7611681681683        26.440980352934929     
   3467.8111291291293        26.448692418217725     
   3467.8610900900903        26.456732873501760     
   3467.9110510510509        26.465091609369154     
   3467.9610120120119        26.473758516402231     
   3468.0109729729729        26.482723485183108     
   3468.0609339339339        26.491976406293965     
   3468.1108948948950        26.501507170316991     
   3468.1608558558560        26.511305667834367     
   3468.2108168168170        26.521361789428273     
   3468.2607777777780        26.531665425680899     
   3468.3107387387386        26.542206467174324     
   3468.3606996996996        26.552974957414964     
   3468.4106606606606        26.563975672828377     
   3468.4606216216216        26.575240170907058     
   3468.5105825825826        26.586802844915500     
   3468.5605435435436        26.598698088118176     
   3468.6105045045047        26.610960293779563     
   3468.6604654654657        26.623623855164141     
   3468.7104264264262        26.636722312610626     
   3468.7603873873873        26.650270387556208     
   3468.8103483483483        26.664264415680105     
   3468.8603093093093        26.678699966379583     
   3468.9102702702703        26.693572609051905     
   3468.9602312312313        26.708877913094327     
   3469.0101921921923        26.724611447904135     
   3469.0601531531534        26.740768782878575     
   3469.1101141141144        26.757345487414920     
   3469.1600750750749        26.774332845265661     
   3469.2100360360359        26.791694427316951     
   3469.2599969969970        26.809382780002139     
   3469.3099579579580        26.827350421538899     
   3469.3599189189190        26.845549870144907     
   3469.4098798798800        26.863933644037843     
   3469.4598408408410        26.882454261435367     
   3469.5098018018020        26.901064240555158     
   3469.5597627627626        26.919716099614732     
   3469.6097237237236        26.938362356832087     
   3469.6596846846846        26.956955530424736     
   3469.7096456456457        26.975448138610346     
   3469.7596066066067        26.993800609721976     
   3469.8095675675677        27.012041598224464     
   3469.8595285285287        27.030234626208667     
   3469.9094894894897        27.048443496212304     
   3469.9594504504503        27.066732010772895     
   3470.0094114114113        27.085163972428482     
   3470.0593723723723        27.103803183716597     
   3470.1093333333333        27.122713447174934     
   3470.1592942942943        27.141958565341202     
   3470.2092552552554        27.161602340753099     
   3470.2592162162164        27.181708575948324     
   3470.3091771771774        27.202341073464581     
   3470.3591381381384        27.223563635839568     
   3470.4090990990990        27.245397011489903     
   3470.4590600600600        27.267421386317647     
   3470.5090210210210        27.288968961770781     
   3470.5589819819820        27.309719027610946     
   3470.6089429429430        27.329781856622468     
   3470.6589039039040        27.349294218675890     
   3470.7088648648651        27.368392883641768     
   3470.7588258258261        27.387214621390637     
   3470.8087867867866        27.405895368959396     
   3470.8587477477477        27.424514233089734     
   3470.9087087087087        27.443058044614030     
   3470.9586696696697        27.461505186031562     
   3471.0086306306307        27.479834039841617     
   3471.0585915915917        27.498022988543475     
   3471.1085525525527        27.516050414636425     
   3471.1585135135138        27.533894700619747     
   3471.2084744744743        27.551534228992566     
   3471.2584354354353        27.568947382254489     
   3471.3083963963963        27.586112542904637     
   3471.3583573573574        27.603008093442291     
   3471.4083183183184        27.619612416366742     
   3471.4582792792794        27.635903894177272     
   3471.5082402402404        27.651860909373163     
   3471.5582012012014        27.667461844453690     
   3471.6081621621620        27.682685081918017     
   3471.6581231231230        27.697509004265697     
   3471.7080840840840        27.711911993995869     
   3471.7580450450450        27.725872433607826     
   3471.8080060060061        27.739368705600846     
   3471.8579669669671        27.752379192474212     
   3471.9079279279281        27.764882276727214     
   3471.9578888888891        27.776856340859130     
   3472.0078498498501        27.788279767369247     
   3472.0578108108107        27.799130938756754     
   3472.1077717717717        27.809388237521127     
   3472.1577327327327        27.819030046161554     
   3472.2076936936937        27.828034747177316     
   3472.2576546546547        27.836380723067698     
   3472.3076156156158        27.844046356331983     
   3472.3575765765768        27.851010107953392     
   3472.4075375375378        27.857284497828513     
   3472.4574984984984        27.862969190932755     
   3472.5074594594594        27.868177592008301     
   3472.5574204204204        27.873023105797188     
   3472.6073813813814        27.877619137041506     
   3472.6573423423424        27.882079090483359     
   3472.7073033033034        27.886516370864825     
   3472.7572642642644        27.891044382927994     
   3472.8072252252255        27.895776531414967     
   3472.8571861861860        27.900826221067774     
   3472.9071471471470        27.906306856628607     
   3472.9571081081081        27.912331842839510     
   3473.0070690690691        27.919014584442571     
   3473.0570300300301        27.926361121640571     
   3473.1069909909911        27.933723353919028     
   3473.1569519519521        27.940206835263986     
   3473.2069129129131        27.944916670998062     
   3473.2568738738737        27.946957966443911     
   3473.3068348348347        27.945435826924218     
   3473.3567957957957        27.939455357761581     
   3473.4067567567567        27.928133382368632     
   3473.4567177177178        27.917163053189228     
   3473.5066786786788        27.916727109405151     
   3473.5566396396398        27.920668968126840     
   3473.6066006006008        27.923447357904951     
   3473.6565615615618        27.924450267061321     
   3473.7065225225224        27.923792665187172     
   3473.7564834834834        27.921589521873720     
   3473.8064444444444        27.917955806712175     
   3473.8564054054054        27.913006489293750     
   3473.9063663663665        27.906856539209670     
   3473.9563273273275        27.899620926051149     
   3474.0062882882885        27.891414619409403     
   3474.0562492492495        27.882352588875655     
   3474.1062102102101        27.872549804041203     
   3474.1561711711711        27.862121234497096     
   3474.2061321321321        27.851181849834635     
   3474.2560930930931        27.839846619645034     
   3474.3060540540541        27.828230513519514     
   3474.3560150150151        27.816448000493562     
   3474.4059759759762        27.804574988500150     
   3474.4559369369372        27.792622115987328     
   3474.5058978978977        27.780593710877874     
   3474.5558588588588        27.768494101094205     
   3474.6058198198198        27.756327614559105     
   3474.6557807807808        27.744098579195210     
   3474.7057417417418        27.731811322925189     
   3474.7557027027028        27.719470173671692     
   3474.8056636636638        27.707079459357381     
   3474.8556246246249        27.694643507904900     
   3474.9055855855854        27.682166647237018     
   3474.9555465465464        27.669653205276173     
   3475.0055075075074        27.657107509945131     
   3475.0554684684685        27.644533889166542     
   3475.1054294294295        27.631936670863062     
   3475.1553903903905        27.619320182957352     
   3475.2053513513515        27.606688753372062     
   3475.2553123123125        27.594046710029851     
   3475.3052732732735        27.581398380853365     
   3475.3552342342341        27.568748093765386     
   3475.4051951951951        27.556100176688332     
   3475.4551561561561        27.543458957544974     
   3475.5051171171172        27.530828764257972     
   3475.5550780780782        27.518213918972226     
   3475.6050390390392        27.505615743308656     
   3475.6550000000002        27.493027658598145     
   3475.7049609609612        27.480441801285302     
   3475.7549219219218        27.467850307814867     
   3475.8048828828828        27.455245314631227     
   3475.8548438438438        27.442618958179114     
   3475.9048048048048        27.429963374903153     
   3475.9547657657658        27.417270701247954     
   3476.0047267267269        27.404533073658140     
   3476.0546876876879        27.391742628578331     
   3476.1046486486489        27.378891502453143     
   3476.1546096096095        27.365971831727318     
   3476.2045705705705        27.352975752845236     
   3476.2545315315315        27.339895402251631     
   3476.3044924924925        27.326722916391127     
   3476.3544534534535        27.313450431708340     
   3476.4044144144145        27.300070084647885     
   3476.4543753753755        27.286574011654388     
   3476.5043363363366        27.272954349172466     
   3476.5542972972971        27.259203233646858     
   3476.6042582582581        27.245312801521941     
   3476.6542192192192        27.231275189242453     
   3476.7041801801802        27.217082533253013     
   3476.7541411411412        27.202726969998238     
   3476.8041021021022        27.188200635922755     
   3476.8540630630632        27.173495667471173     
   3476.9040240240242        27.158604201088117     
   3476.9539849849853        27.143518373218207     
   3477.0039459459458        27.128230320306194     
   3477.0539069069068        27.112732178796424     
   3477.1038678678678        27.097016085133657     
   3477.1538288288289        27.081074175762506     
   3477.2037897897899        27.064898587127594     
   3477.2537507507509        27.048481455673535     
   3477.3037117117119        27.031814917844954     
   3477.3536726726729        27.014891110086467     
   3477.4036336336335        26.997703032545328     
   3477.4535945945945        26.980776563632929     
   3477.5035555555555        26.966060311549491     
   3477.5535165165165        26.954351998670777     
   3477.6034774774776        26.944034740159942     
   3477.6534384384386        26.933250597604648     
   3477.7033993993996        26.920425077145282     
   3477.7533603603606        26.906628832723101     
   3477.8033213213212        26.893558022363447     
   3477.8532822822822        26.881314874106462     
   3477.9032432432432        26.869815191285241     
   3477.9532042042042        26.858974777232760     
   3478.0031651651652        26.848709435281982     
   3478.0531261261262        26.838934968765884     
   3478.1030870870873        26.829567181017438     
   3478.1530480480483        26.820521875369607     
   3478.2030090090088        26.811714855155451     
   3478.2529699699699        26.803061923707769     
   3478.3029309309309        26.794478884359624     
   3478.3528918918919        26.785871583547205     
   3478.4028528528529        26.776897498799627     
   3478.4528138138139        26.767288405594901     
   3478.5027747747749        26.757289824363347     
   3478.5527357357360        26.747191928952354     
   3478.6026966966970        26.737284893209285     
   3478.6526576576575        26.727857670997071     
   3478.7026186186185        26.719023936973699     
   3478.7525795795796        26.710540951428143     
   3478.8025405405406        26.702122700441979     
   3478.8525015015016        26.693508007779418     
   3478.9024624624626        26.684651433271210     
   3478.9524234234236        26.675618430048647     
   3479.0023843843846        26.666475362126256     
   3479.0523453453452        26.657288593518643     
   3479.1023063063062        26.648124488240164     
   3479.1522672672672        26.639049402809515     
   3479.2022282282283        26.630121082972668     
   3479.2521891891893        26.621372091506004     
   3479.3021501501503        26.612830411800779     
   3479.3521111111113        26.604524027248260     
   3479.4020720720723        26.596480176774854     
   3479.4520330330329        26.588703200400957     
   3479.5019939939939        26.581170779879013     
   3479.5519549549549        26.573859095174058     
   3479.6019159159159        26.566744326251047     
   3479.6518768768769        26.559802653074943     
   3479.7018378378380        26.553010255610715     
   3479.7517987987990        26.546343313823318     
   3479.8017597597600        26.539778007677711     
   3479.8517207207206        26.533290517138916     
   3479.9016816816816        26.526857022171779     
   3479.9516426426426        26.520453702741314     
   3480.0016036036036        26.514056738812485     
   3480.0515645645646        26.507642310350256     
   3480.1015255255256        26.501186597319588     
   3480.1514864864866        26.494665779685434     
   3480.2014474474477        26.488056037412761     
   3480.2514084084087        26.481333550466530     
   3480.3013693693692        26.474474498811770     
   3480.3513303303303        26.467455062413304     
   3480.4012912912913        26.460251421236165     
   3480.4512522522523        26.452839755245314     
   3480.5012132132133        26.445219092380587     
   3480.5511741741743        26.437698938983729     
   3480.6011351351353        26.430812704798452     
   3480.6510960960964        26.425098750416328     
   3480.7010570570569        26.421095436428942     
   3480.7510180180179        26.419341123427785     
   3480.8009789789789        26.420342833146105     
   3480.8509399399400        26.414985895989943     
   3480.9009009009010        26.410036227117221     
   3480.9508618618620        26.411882960705086     
   3481.0008228228230        26.413424849994104     
   3481.0507837837840        26.414682721098217     
   3481.1007447447446        26.415677400131358     
   3481.1507057057056        26.416429713207499     
   3481.2006666666666        26.416960486440573     
   3481.2506276276276        26.417290545944525     
   3481.3005885885887        26.417440717833305     
   3481.3505495495497        26.417431828220860     
   3481.4005105105107        26.417284703221135     
   3481.4504714714717        26.417020168948067     
   3481.5004324324323        26.416659051515619     
   3481.5503933933933        26.416222177037728     
   3481.6003543543543        26.415730371628342     
   3481.6503153153153        26.415204461401402     
   3481.7002762762763        26.414665272470863     
   3481.7502372372373        26.414133630950666     
   3481.8001981981984        26.413630362954759     
   3481.8501591591594        26.413176294597086     
   3481.9001201201204        26.412792251991597     
   3481.9500810810810        26.412499061252241     
   3482.0000420420420        26.412317548492950     
   3482.0500030030030        26.412268539827686     
   3482.0999639639640        26.412372861370386     
   3482.1499249249250        26.412651339235005     
   3482.1998858858860        26.413124799535481     
   3482.2498468468470        26.413814068385761     
   3482.2998078078081        26.414739971899799     
   3482.3497687687686        26.415923336191526     
   3482.3997297297296        26.417384987374902     
   3482.4496906906907        26.419145751563871     
   3482.4996516516517        26.421226454872382     
   3482.5496126126127        26.423647923414372     
   3482.5995735735737        26.426430983303796     
   3482.6495345345347        26.429596460654597     
   3482.6994954954957        26.433165181580723     
   3482.7494564564563        26.437157972196079     
   3482.7994174174173        26.441595658614684     
   3482.8493783783783        26.446499066950455     
   3482.8993393393393        26.451889023317332     
   3482.9493003003004        26.457786353829263     
   3482.9992612612614        26.464211884600203     
   3483.0492222222224        26.471186416423251     
   3483.0991831831834        26.478721879097183     
   3483.1491441441440        26.486808326764756     
   3483.1991051051050        26.495432501279836     
   3483.2490660660660        26.504581144496086     
   3483.2990270270270        26.514240998267226     
   3483.3489879879880        26.524398804446989     
   3483.3989489489491        26.535041304889099     
   3483.4489099099101        26.546155241447281     
   3483.4988708708711        26.557727355975253     
   3483.5488318318321        26.569744390326761     
   3483.5987927927927        26.582193086355399     
   3483.6487537537537        26.595060185915127     
   3483.6987147147147        26.608332430859559     
   3483.7486756756757        26.621996563042423     
   3483.7986366366367        26.636039324317444     
   3483.8485975975977        26.650447456538345     
   3483.8985585585588        26.665207701558856     
   3483.9485195195198        26.680306801232703     
   3483.9984804804803        26.695731497413473     
   3484.0484414414414        26.711468531955170     
   3484.0984024024024        26.727504646711381     
   3484.1483633633634        26.743826583535828     
   3484.1983243243244        26.760421084282250     
   3484.2482852852854        26.777274890804364     
   3484.2982462462464        26.794374744955896     
   3484.3482072072075        26.811707388590573     
   3484.3981681681680        26.829259563561966     
   3484.4481291291290        26.847018011724117     
   3484.4980900900900        26.864969474930593     
   3484.5480510510511        26.883100802575235     
   3484.5980120120121        26.901399874366124     
   3484.6479729729731        26.919855143335745     
   3484.6979339339341        26.938455068693774     
   3484.7478948948951        26.957188109649870     
   3484.7978558558561        26.976042725413709     
   3484.8478168168167        26.995007375194774     
   3484.8977777777777        27.014070518203091     
   3484.9477387387387        27.033220613648147     
   3484.9976996996998        27.052446120739610     
   3485.0476606606608        27.071735498687147     
   3485.0976216216218        27.091077206700426     
   3485.1475825825828        27.110459703989122     
   3485.1975435435438        27.129871449762888     
   3485.2475045045044        27.149300903231222     
   3485.2974654654654        27.168736523604142     
   3485.3474264264264        27.188166770091147     
   3485.3973873873874        27.207580101901893     
   3485.4473483483484        27.226964978246055     
   3485.4973093093095        27.246309818915172     
   3485.5472702702705        27.265600556861340     
   3485.5972312312315        27.284819198749080     
   3485.6471921921921        27.303947404977830     
   3485.6971531531531        27.322966835947547     
   3485.7471141141141        27.341859152057673     
   3485.7970750750751        27.360606013707820     
   3485.8470360360361        27.379189081297607     
   3485.8969969969971        27.397590015226644     
   3485.9469579579581        27.415790608883444     
   3485.9969189189192        27.433781497457133     
   3486.0468798798797        27.451567541289322     
   3486.0968408408407        27.469154887297513     
   3486.1468018018018        27.486549682398728     
   3486.1967627627628        27.503758073510141     
   3486.2467237237238        27.520786207548923     
   3486.2966846846848        27.537640231432270     
   3486.3466456456458        27.554326292077352     
   3486.3966066066068        27.570850536401345     
   3486.4465675675674        27.587219111321289     
   3486.4965285285284        27.603438163754657     
   3486.5464894894894        27.619513840618481     
   3486.5964504504504        27.635452288829931     
   3486.6464114114115        27.651259655306191     
   3486.6963723723725        27.666942086964450     
   3486.7463333333335        27.682505730721875     
   3486.7962942942945        27.697956733495648     
   3486.8462552552555        27.713301242202952     
   3486.8962162162161        27.728545403760826     
   3486.9461771771771        27.743672568998896     
   3486.9961381381381        27.758544377347739     
   3487.0460990990991        27.772982013473772     
   3487.0960600600602        27.786806634977825     
   3487.1460210210212        27.799854293994557     
   3487.1959819819822        27.812086024196685     
   3487.2459429429432        27.823525289801196     
   3487.2959039039038        27.834196016302215     
   3487.3458648648648        27.844122129194162     
   3487.3958258258258        27.853327553971141     
   3487.4457867867868        27.861836216127379     
   3487.4957477477478        27.869672041157095     
   3487.5457087087088        27.876858954554500     
   3487.5956696696699        27.883420881813816     
   3487.6456306306309        27.889381748429262     
   3487.6955915915914        27.894765479895007     
   3487.7455525525525        27.899596001705365     
   3487.7955135135135        27.903901551642193     
   3487.8454744744745        27.907732924330066     
   3487.8954354354355        27.911147837104089     
   3487.9453963963965        27.914180997892572     
   3487.9953573573575        27.916832900934772     
   3488.0453183183186        27.919101261311006     
   3488.0952792792796        27.920983794101627     
   3488.1452402402401        27.922478214386956     
   3488.1952012012011        27.923582237247345     
   3488.2451621621622        27.924293577763123     
   3488.2951231231232        27.924609951014613     
   3488.3450840840842        27.924529072082159     
   3488.3950450450452        27.924048656046097     
   3488.4450060060062        27.923166417986749     
   3488.4949669669672        27.921880072984465     
   3488.5449279279278        27.920187336119589     
   3488.5948888888888        27.918085922472429     
   3488.6448498498498        27.915573547123323     
   3488.6948108108108        27.912647925152616     
   3488.7447717717719        27.909306771640640     
   3488.7947327327329        27.905547801667730     
   3488.8446936936939        27.901368730314214     
   3488.8946546546549        27.896767272660437     
   3488.9446156156155        27.891741143786771     
   3488.9945765765765        27.886283408482175     
   3489.0445375375375        27.880334115734005     
   3489.0944984984985        27.873799600002883     
   3489.1444594594595        27.866585655416682     
   3489.1944204204206        27.858598076103252     
   3489.2443813813816        27.849742657950280     
   3489.2943423423426        27.840015545344208     
   3489.3443033033031        27.829745533550845     
   3489.3942642642642        27.819337957930870     
   3489.4442252252252        27.809198153845223     
   3489.4941861861862        27.799731456654772     
   3489.5441471471472        27.791343201720384     
   3489.5941081081082        27.784236061261907     
   3489.6440690690692        27.777236915911441     
   3489.6940300300303        27.769326323221026     
   3489.7439909909913        27.760490422444910     
   3489.7939519519518        27.750787692303575     
   3489.8439129129129        27.740276611517231     
   3489.8938738738739        27.729015658806361     
   3489.9438348348349        27.717063312891362     
   3489.9937957957959        27.704478052492625     
   3490.0437567567569        27.691318356330545     
   3490.0937177177179        27.677642703125514     
   3490.1436786786790        27.663509571597928     
   3490.1936396396395        27.648977440468315     
   3490.2436006006005        27.634104788456803     
   3490.2935615615615        27.618950094283914     
   3490.3435225225226        27.603571836670049     
   3490.3934834834836        27.588028494335596     
   3490.4434444444446        27.572378546000952     
   3490.4934054054056        27.556680470386507     
   3490.5433663663666        27.540992746212659     
   3490.5933273273272        27.525373852199941     
   3490.6432882882882        27.509882267068463     
   3490.6932492492492        27.494576469538764     
   3490.7432102102102        27.479514938331235     
   3490.7931711711713        27.464756152166274     
   3490.8431321321323        27.450358589764267     
   3490.8930930930933        27.436380116623724     
   3490.9430540540543        27.422812560695220     
   3490.9930150150149        27.409523666467937     
   3491.0429759759759        27.396367487437622     
   3491.0929369369369        27.383198077100396     
   3491.1428978978979        27.369881204191245     
   3491.1928588588589        27.356381746104457     
   3491.2428198198199        27.342714424316149     
   3491.2927807807810        27.328894338116907     
   3491.3427417417420        27.314936586797323     
   3491.3927027027030        27.300856269647984     
   3491.4426636636636        27.286668485959602     
   3491.4926246246246        27.272388335022516     
   3491.5425855855856        27.258030916127435     
   3491.5925465465466        27.243611328564945     
   3491.6425075075076        27.229144671625640     
   3491.6924684684686        27.214646044600109     
   3491.7424294294296        27.200130546778933     
   3491.7923903903907        27.185613277452706     
   3491.8423513513512        27.171109335912139     
   3491.8923123123122        27.156633821447567     
   3491.9422732732733        27.142201833349702     
   3491.9922342342343        27.127828470909133     
   3492.0421951951953        27.113528833416453     
   3492.0921561561563        27.099318020162244     
   3492.1421171171173        27.085211130437095     
   3492.1920780780783        27.071223263531593     
   3492.2420390390389        27.057369518736454     
   3492.2919999999999        27.043664995342013     
   3492.3419609609609        27.030124792638986     
   3492.3919219219219        27.016764009917953     
   3492.4418828828830        27.003597746469509     
   3492.4918438438440        26.990641101584242     
   3492.5418048048050        26.977909174552735     
   3492.5917657657660        26.965417064665584     
   3492.6417267267266        26.953179871213482     
   3492.6916876876876        26.941212693486790     
   3492.7416486486486        26.929530630776213     
   3492.7916096096096        26.918148782372338     
   3492.8415705705706        26.907082247565754     
   3492.8915315315317        26.896346125647046     
   3492.9414924924927        26.885955515906804     
   3492.9914534534537        26.875925517635611     
   3493.0414144144147        26.866271230124063     
   3493.0913753753753        26.857003268444000     
   3493.1413363363363        26.847852080783479     
   3493.1912972972973        26.838108657320529     
   3493.2412582582583        26.827360416138980     
   3493.2912192192193        26.815972281302500     
   3493.3411801801803        26.804419160721771     
   3493.3911411411414        26.793175962307480     
   3493.4411021021024        26.782717593970304     
   3493.4910630630629        26.773518963621015     
   3493.5410240240240        26.765978453804657     
   3493.5909849849850        26.759152116058008     
   3493.6409459459460        26.751492819753071     
   3493.6909069069070        26.742937734799440     
   3493.7408678678680        26.733688700656415     
   3493.7908288288290        26.723947556783294     
   3493.8407897897901        26.713916142639373     
   3493.8907507507506        26.703796297684036     
   3493.9407117117116        26.693789861376398     
   3493.9906726726726        26.684088967364548     
   3494.0406336336337        26.674748242757161     
   3494.0905945945947        26.665720276869820     
   3494.1405555555557        26.656955245458398     
   3494.1905165165167        26.648403324278757     
   3494.2404774774777        26.640014689086765     
   3494.2904384384383        26.631739515638369     
   3494.3403993993993        26.623532529197718     
   3494.3903603603603        26.615383336933164     
   3494.4403213213213        26.607297686461134     
   3494.4902822822824        26.599281413033548     
   3494.5402432432434        26.591340351902325     
   3494.5902042042044        26.583480338319401     
   3494.6401651651654        26.575707207536695     
   3494.6901261261264        26.568026794806126     
   3494.7400870870870        26.560444935379696     
   3494.7900480480480        26.552967464509184     
   3494.8400090090090        26.545600217446591     
   3494.8899699699700        26.538349029443832     
   3494.9399309309310        26.531219735752835     
   3494.9898918918921        26.524218171625531     
   3495.0398528528531        26.517350172313837     
   3495.0898138138141        26.510621573069674     
   3495.1397747747747        26.504038209145037     
   3495.1897357357357        26.497605882366347     
   3495.2396966966967        26.491328880586643     
   3495.2896576576577        26.485209390953962     
   3495.3396186186187        26.479249445884129     
   3495.3895795795797        26.473451077792976     
   3495.4395405405407        26.467816319096322     
   3495.4895015015018        26.462347202209997     
   3495.5394624624623        26.457045759549871     
   3495.5894234234233        26.451914023531668     
   3495.6393843843844        26.446954026571269     
   3495.6893453453454        26.442167801084494     
   3495.7393063063064        26.437557379487178     
   3495.7892672672674        26.433124794195134     
   3495.8392282282284        26.428872077624195     
   3495.8891891891894        26.424801262190183     
   3495.9391501501500        26.420914380308957     
   3495.9891111111110        26.417213464396283     
   3496.0390720720720        26.413700546868007     
   3496.0890330330330        26.410377660139957     
   3496.1389939939941        26.407246836627969     
   3496.1889549549551        26.404310108747858     
   3496.2389159159161        26.401569508915451     
   3496.2888768768771        26.399027069546573     
   3496.3388378378381        26.396684823057051     
   3496.3887987987987        26.394544801862729     
   3496.4387597597597        26.392609038379398     
   3496.4887207207207        26.390879565022896     
   3496.5386816816817        26.389358414209049     
   3496.5886426426428        26.388047618353685     
   3496.6386036036038        26.386949209872625     
   3496.6885645645648        26.386065221181703     
   3496.7385255255258        26.385397684696738     
   3496.7884864864864        26.384948632833556     
   3496.8384474474474        26.384720098007982     
   3496.8884084084084        26.384714112635841     
   3496.9383693693694        26.384932709132954     
   3496.9883303303304        26.385377919915157     
   3497.0382912912914        26.386051777398265     
   3497.0882522522525        26.386956313998112     
   3497.1382132132135        26.388093562130518     
   3497.1881741741740        26.389465554211299     
   3497.2381351351351        26.391074322656298     
   3497.2880960960961        26.392921899881333     
   3497.3380570570571        26.395010318302230     
   3497.3880180180181        26.397341610334813     
   3497.4379789789791        26.399917808394910     
   3497.4879399399401        26.402740944898341     
   3497.5379009009011        26.405813052260939     
   3497.5878618618617        26.409136162898491     
   3497.6378228228227        26.412712309226883     
   3497.6877837837837        26.416543523661915     
   3497.7377447447448        26.420631838619411     
   3497.7877057057058        26.424979286515196     
   3497.8376666666668        26.429587899765092     
   3497.8876276276278        26.434474921769215     
   3497.9375885885888        26.439736611435134     
   3497.9875495495498        26.445494804820576     
   3498.0375105105104        26.451871351013061     
   3498.0874714714714        26.458988099100313     
   3498.1374324324324        26.466966898169854     
   3498.1873933933934        26.475912744702043     
   3498.2373543543545        26.485721123603412     
   3498.2873153153155        26.496145599784452     
   3498.3372762762765        26.506937050134617     
   3498.3872372372375        26.517846351543376     
   3498.4371981981981        26.528624380900098     
   3498.4871591591591        26.539022015094439     
   3498.5371201201201        26.548857501009770     
   3498.5870810810811        26.558310037337225     
   3498.6370420420421        26.567679199146475     
   3498.6870030030032        26.577264644706197     
   3498.7369639639642        26.587366032285075     
   3498.7869249249252        26.598283020151790     
   3498.8368858858857        26.610315266574901     
   3498.8868468468468        26.623762429823309     
   3498.9368078078078        26.638924168165588     
   3498.9867687687688        26.656100139870418     
   3499.0367297297298        26.675590003206484     
   3499.0866906906908        26.697494210495378     
   3499.1366516516518        26.710078369345872     
   3499.1866126126129        26.710067765871894     
   3499.2365735735739        26.712427121293555     
   3499.2865345345344        26.717110034571753     
   3499.3364954954955        26.724049008656433     
   3499.3864564564565        26.733176546497418     
   3499.4364174174175        26.744425151044574     
   3499.4863783783785        26.757727325247750     
   3499.5363393393395        26.773015572056799     
   3499.5863003003005        26.790222394421590     
   3499.6362612612616        26.809280295291977     
   3499.6862222222221        26.830121777617613     
   3499.7361831831831        26.852679344348743     
   3499.7861441441441        26.876885498435044     
   3499.8361051051052        26.902672742826365     
   3499.8860660660662        26.929973580472566     
   3499.9360270270272        26.958720514323510     
   3499.9859879879882        26.988846047329051     
   3500.0359489489492        27.020282682439046     
   3500.0859099099098        27.052446591032481     
   3500.1358708708708        27.081429620866256     
   3500.1858318318318        27.106603717288525     
   3500.2357927927928        27.128574218891814     
   3500.2857537537539        27.147946464268646     
   3500.3357147147149        27.165325792011540     
   3500.3856756756759        27.181317540713032     
   3500.4356366366369        27.196527048965642     
   3500.4855975975975        27.211559655361761     
   3500.5355585585585        27.227020698494179     
   3500.5855195195195        27.243515516955288     
   3500.6354804804805        27.261594298060526     
   3500.6854414414415        27.281072912293673     
   3500.7354024024025        27.301245113943263     
   3500.7853633633636        27.321415648516467     
   3500.8353243243246        27.341267075928357     
   3500.8852852852851        27.360798522544972     
   3500.9352462462462        27.380018893722159     
   3500.9852072072072        27.398937094815238     
   3501.0351681681682        27.417562031179706     
   3501.0851291291292        27.435902608171055     
   3501.1350900900902        27.453967731144793     
   3501.1850510510512        27.471766305456402     
   3501.2350120120122        27.489307236461389     
   3501.2849729729733        27.506597180983171     
   3501.3349339339338        27.523632660245632     
   3501.3848948948948        27.540407340893800     
   3501.4348558558559        27.556914889412202     
   3501.4848168168169        27.573148972285548     
   3501.5347777777779        27.589103255998516     
   3501.5847387387389        27.604771407035820     
   3501.6346996996999        27.620147091882146     
   3501.6846606606609        27.635223977022193     
   3501.7346216216215        27.649995728940517     
   3501.7845825825825        27.664456014122091     
   3501.8345435435435        27.678598499051471     
   3501.8845045045045        27.692416850213355     
   3501.9344654654656        27.705904734092439     
   3501.9844264264266        27.719055817173416     
   3502.0343873873876        27.731863765940986     
   3502.0843483483486        27.744322246879836     
   3502.1343093093092        27.756424926474562     
   3502.1842702702702        27.768165471210082     
   3502.2342312312312        27.779537547570975     
   3502.2841921921922        27.790534822041927     
   3502.3341531531532        27.801150961107652     
   3502.3841141141143        27.811379631252841     
   3502.4340750750753        27.821214498962185     
   3502.4840360360363        27.830649230720375     
   3502.5339969969973        27.839677493012122     
   3502.5839579579579        27.848292952322033     
   3502.6339189189189        27.856489275134965     
   3502.6838798798799        27.864260127935534     
   3502.7338408408409        27.871599177208431     
   3502.7838018018019        27.878500089438358     
   3502.8337627627629        27.884956531110010     
   3502.8837237237240        27.890962168708079     
   3502.9336846846850        27.896510668717262     
   3502.9836456456455        27.901595697622216     
   3503.0336066066066        27.906210921907721     
   3503.0835675675676        27.910350008058430     
   3503.1335285285286        27.914006622559040     
   3503.1834894894896        27.917174431894242     
   3503.2334504504506        27.919847102548729     
   3503.2834114114116        27.922018301007210     
   3503.3333723723727        27.923681693754368     
   3503.3833333333332        27.924830947274899     
   3503.4332942942942        27.925459728053511     
   3503.4832552552552        27.925561702574896     
   3503.5332162162163        27.925130537323746     
   3503.5831771771773        27.924159898784751     
   3503.6331381381383        27.922643453442618     
   3503.6830990990993        27.920574867782037     
   3503.7330600600603        27.917948114446258     
   3503.7830210210209        27.914759728460830     
   3503.8329819819819        27.911007522051385     
   3503.8829429429429        27.906689316803700     
   3503.9329039039039        27.901802934303500     
   3503.9828648648650        27.896348580311500     
   3504.0328258258260        27.890355086659209     
   3504.0827867867870        27.883870195121474     
   3504.1327477477480        27.876941983082027     
   3504.1827087087086        27.869618527924665     
   3504.2326696696696        27.861947907032981     
   3504.2826306306306        27.853978197790763     
   3504.3325915915916        27.845757477581742     
   3504.3825525525526        27.837333823789635     
   3504.4325135135136        27.828755313798180     
   3504.4824744744747        27.820070024991097     
   3504.5324354354357        27.811326034752113     
   3504.5823963963967        27.802504194230210     
   3504.6323573573573        27.793159288887111     
   3504.6823183183183        27.782679699514642     
   3504.7322792792793        27.770601068179467     
   3504.7822402402403        27.757676979117257     
   3504.8322012012013        27.745260778832865     
   3504.8821621621623        27.734710009856482     
   3504.9321231231233        27.727249086312632     
   3504.9820840840844        27.719561539217466     
   3505.0320450450449        27.705435811760914     
   3505.0820060060059        27.687716215074651     
   3505.1319669669670        27.671319184299133     
   3505.1819279279280        27.661161154574724     
   3505.2318888888890        27.659778839914360     
   3505.2818498498500        27.654830446568830     
   3505.3318108108110        27.644313833585159     
   3505.3817717717720        27.629468582797855     
   3505.4317327327326        27.611534276041620     
   3505.4816936936936        27.591750495150620     
   3505.5316546546546        27.571356821959530     
   3505.5816156156156        27.551420839702814     
   3505.6315765765767        27.532168638064928     
   3505.6815375375377        27.513569363707283     
   3505.7314984984987        27.495592099721105     
   3505.7814594594597        27.478205929197600     
   3505.8314204204207        27.461379935228003     
   3505.8813813813813        27.445083200903667     
   3505.9313423423423        27.429284809315533     
   3505.9813033033033        27.413953843554950     
   3506.0312642642643        27.399059386713148     
   3506.0812252252254        27.384570521881351     
   3506.1311861861864        27.370456332150773     
   3506.1811471471474        27.356685900612639     
   3506.2311081081084        27.343228310358164     
   3506.2810690690690        27.330052644478691     
   3506.3310300300300        27.317127986065195     
   3506.3809909909910        27.304423418209019     
   3506.4309519519520        27.291908024001383     
   3506.4809129129130        27.279550886533514     
   3506.5308738738740        27.267321088896622     
   3506.5808348348351        27.255187714181933     
   3506.6307957957961        27.243119845480660     
   3506.6807567567566        27.231086565884144     
   3506.7307177177177        27.219056958483375     
   3506.7806786786787        27.207000106369687     
   3506.8306396396397        27.194885092634298     
   3506.8806006006007        27.182681000368436     
   3506.9305615615617        27.170356912663308     
   3506.9805225225227        27.157889135947791     
   3507.0304834834837        27.145285477886397     
   3507.0804444444443        27.132562331214157     
   3507.1304054054053        27.119736088853951     
   3507.1803663663663        27.106823143728999     
   3507.2303273273274        27.093839888762389     
   3507.2802882882884        27.080802716877230     
   3507.3302492492494        27.067728020996633     
   3507.3802102102104        27.054632194043684     
   3507.4301711711714        27.041531628941495     
   3507.4801321321324        27.028442718613167     
   3507.5300930930930        27.015381855981921     
   3507.5800540540540        27.002365433970624     
   3507.6300150150150        26.989409845502490     
   3507.6799759759760        26.976531483500629     
   3507.7299369369371        26.963746740888137     
   3507.7798978978981        26.951072010588117     
   3507.8298588588591        26.938523685523677     
   3507.8798198198201        26.926118158617914     
   3507.9297807807807        26.913871822794043     
   3507.9797417417417        26.901801070974944     
   3508.0297027027027        26.889922296083824     
   3508.0796636636637        26.878251891043796     
   3508.1296246246247        26.866806248777959     
   3508.1795855855858        26.855601762209414     
   3508.2295465465468        26.844654137557129     
   3508.2795075075078        26.833962623552711     
   3508.3294684684683        26.823509634286559     
   3508.3794294294294        26.813276821701699     
   3508.4293903903904        26.803245837741436     
   3508.4793513513514        26.793398334348993     
   3508.5293123123124        26.783715963467589     
   3508.5792732732734        26.774180377040445     
   3508.6292342342344        26.764773227010775     
   3508.6791951951955        26.755476165321795     
   3508.7291561561560        26.746270843916811     
   3508.7791171171170        26.737138914738871     
   3508.8290780780781        26.728062029731277     
   3508.8790390390391        26.719021840837247     
   3508.9290000000001        26.710000000000001     
