   11377.934999999999        26.770000000000000     
   11377.966905905905        26.775380493273580     
   11377.998811811811        26.780422042340351     
   11378.030717717716        26.784869571266452     
   11378.062623623624        26.788726038530029     
   11378.094529529530        26.792043865851401     
   11378.126435435435        26.794875474951539     
   11378.158341341341        26.797273287551196     
   11378.190247247247        26.799289725371121     
   11378.222153153152        26.800977210132054     
   11378.254059059058        26.802388163554745     
   11378.285964964964        26.803575007359939     
   11378.317870870871        26.804590163268433     
   11378.349776776777        26.805486053000863     
   11378.381682682682        26.806315098278038     
   11378.413588588588        26.807129720820704     
   11378.445494494494        26.807982342349607     
   11378.477400400399        26.808925384585489     
   11378.509306306305        26.810011269237783     
   11378.541212212212        26.811279250205146     
   11378.573118118118        26.812717405320587     
   11378.605024024024        26.814301381643713     
   11378.636929929929        26.816006826234059     
   11378.668835835835        26.817809386151161     
   11378.700741741741        26.819684708454567     
   11378.732647647646        26.821608440203804     
   11378.764553553554        26.823556228458528     
   11378.796459459460        26.825503720278064     
   11378.828365365365        26.827426562722039     
   11378.860271271271        26.829300402850009     
   11378.892177177177        26.831100887721504     
   11378.924083083082        26.832803664396067     
   11378.955988988988        26.834384379933237     
   11378.987894894894        26.835818681392549     
   11379.019800800801        26.837082215833611     
   11379.051706706707        26.838150630315813     
   11379.083612612612        26.838999571898771     
   11379.115518518518        26.839604687642030     
   11379.147424424424        26.839941624605121     
   11379.179330330329        26.839986188930375     
   11379.211236236235        26.839767782745703     
   11379.243142142142        26.839447041085190     
   11379.275048048048        26.839204314531543     
   11379.306953953954        26.839219953667385     
   11379.338859859859        26.839674309075360     
   11379.370765765765        26.840731089167793     
   11379.402671671671        26.842323249367098     
   11379.434577577576        26.844215011534580     
   11379.466483483482        26.846166741503971     
   11379.498389389390        26.847938805109116     
   11379.530295295295        26.849291568183524     
   11379.562201201201        26.849985396561046     
   11379.594107107107        26.849982929702055     
   11379.626013013012        26.849896340342337     
   11379.657918918918        26.849841026245890     
   11379.689824824824        26.849812404199461     
   11379.721730730731        26.849805890989792     
   11379.753636636637        26.849816903403628     
   11379.785542542542        26.849840858227708     
   11379.817448448448        26.849873172248785     
   11379.849354354354        26.849909262253590     
   11379.881260260259        26.849944545028876     
   11379.913166166165        26.849974437361382     
   11379.945072072072        26.849994356037858     
   11379.976977977978        26.849999720767968     
   11380.008883883884        26.849988085073594     
   11380.040789789789        26.849962903178625     
   11380.072695695695        26.849928640763245     
   11380.104601601601        26.849889763507669     
   11380.136507507506        26.849850737092076     
   11380.168413413412        26.849816027196677     
   11380.200319319320        26.849790099501654     
   11380.232225225225        26.849777419687214     
   11380.264131131131        26.849782453433555     
   11380.296037037037        26.849809666420867     
   11380.327942942942        26.849863524329351     
   11380.359848848848        26.849948492839204     
   11380.391754754753        26.850069037630622     
   11380.423660660661        26.850229624383807     
   11380.455566566567        26.850434718778949     
   11380.487472472472        26.850688786496239     
   11380.519378378378        26.850996293215879     
   11380.551284284284        26.851361704618071     
   11380.583190190189        26.851789486383005     
   11380.615096096095        26.852284104190886     
   11380.647002002001        26.852850023721899     
   11380.678907907908        26.853491710656289     
   11380.710813813814        26.854213630674174     
   11380.742719719719        26.855020249455791     
   11380.774625625625        26.855916032681325     
   11380.806531531531        26.856905446030986     
   11380.838437437436        26.857992955184962     
   11380.870343343342        26.859183025823459     
   11380.902249249250        26.860480123626740     
   11380.934155155155        26.861888714274862     
   11380.966061061061        26.863413263448084     
   11380.997966966966        26.865058236826613     
   11381.029872872872        26.866828100090640     
   11381.061778778778        26.868727318920360     
   11381.093684684683        26.870760076347896     
   11381.125590590591        26.872917011160077     
   11381.157496496497        26.875169526912757     
   11381.189402402402        26.877487562231078     
   11381.221308308308        26.879841055740062     
   11381.253214214214        26.882199946064738     
   11381.285120120119        26.884534171830133     
   11381.317026026025        26.886813671661269     
   11381.348931931931        26.889008384183171     
   11381.380837837838        26.891088248020978     
   11381.412743743744        26.893023201799483     
   11381.444649649649        26.894783184143826     
   11381.476555555555        26.896338133679038     
   11381.508461461461        26.897657989030140     
   11381.540367367366        26.898712688822155     
   11381.572273273272        26.899472171680113     
   11381.604179179179        26.899906376229055     
   11381.636085085085        26.899987907578790     
   11381.667990990991        26.899834249305179     
   11381.699896896896        26.899779163837156     
   11381.731802802802        26.900172445441836     
   11381.763708708708        26.901208506813862     
   11381.795614614613        26.902800609033424     
   11381.827520520519        26.904832414084986     
   11381.859426426427        26.907187583953132     
   11381.891332332332        26.909749780622050     
   11381.923238238238        26.912402666076321     
   11381.955144144144        26.915029902300397     
   11381.987050050049        26.917515151278728     
   11382.018955955955        26.919742074995774     
   11382.050861861861        26.921613372886696     
   11382.082767767768        26.923143517393036     
   11382.114673673674        26.924387643387643     
   11382.146579579579        26.925400943957442     
   11382.178485485485        26.926238612189255     
   11382.210391391391        26.926955841169928     
   11382.242297297296        26.927607823986282     
   11382.274203203202        26.928249753725151     
   11382.306109109109        26.928936823473414     
   11382.338015015015        26.929724226317823     
   11382.369920920921        26.930662984846744     
   11382.401826826826        26.931759057771959     
   11382.433732732732        26.932990875191692     
   11382.465638638638        26.934336473061173     
   11382.497544544543        26.935773887335600     
   11382.529450450449        26.937281153970211     
   11382.561356356357        26.938836308920290     
   11382.593262262262        26.940417388140897     
   11382.625168168168        26.942002427587326     
   11382.657074074074        26.943569463214793     
   11382.688979979979        26.945096530978518     
   11382.720885885885        26.946561666833716     
   11382.752791791791        26.947942906735612     
   11382.784697697698        26.949218286639478     
   11382.816603603604        26.950365981880829     
   11382.848509509509        26.951372590755646     
   11382.880415415415        26.952237801843239     
   11382.912321321321        26.952962433833651     
   11382.944227227226        26.953547305416912     
   11382.976133133132        26.953993235283054     
   11383.008039039038        26.954301042122122     
   11383.039944944945        26.954471544624148     
   11383.071850850851        26.954505561479159     
   11383.103756756756        26.954403911377195     
   11383.135662662662        26.954167413008296     
   11383.167568568568        26.953796885062502     
   11383.199474474473        26.953293146229839     
   11383.231380380379        26.952657015200352     
   11383.263286286287        26.951889310664026     
   11383.295192192192        26.950990851310983     
   11383.327098098098        26.949962455864203     
   11383.359004004004        26.948805838479924     
   11383.390909909909        26.947525944124955     
   11383.422815815815        26.946128446182463     
   11383.454721721720        26.944619018035606     
   11383.486627627628        26.943003333067452     
   11383.518533533534        26.941287064661346     
   11383.550439439439        26.939475886200363     
   11383.582345345345        26.937575471067660     
   11383.614251251251        26.935591492646395     
   11383.646157157156        26.933529624319743     
   11383.678063063062        26.931395539470849     
   11383.709968968968        26.929194911482885     
   11383.741874874875        26.926933413738880     
   11383.773780780781        26.924616719622254     
   11383.805686686686        26.922250502516032     
   11383.837592592592        26.919840435803387     
   11383.869498498498        26.917392192867474     
   11383.901404404403        26.914911447091452     
   11383.933310310309        26.912403871858487     
   11383.965216216217        26.909875140551595     
   11383.997122122122        26.907330926554224     
   11384.029028028028        26.904776903249392     
   11384.060933933933        26.902218744020264     
   11384.092839839839        26.899662122249993     
   11384.124745745745        26.897112711321750     
   11384.156651651650        26.894576184618685     
   11384.188557557556        26.892058215523967     
   11384.220463463464        26.889564477420617     
   11384.252369369369        26.887100643692076     
   11384.284275275275        26.884672387721366     
   11384.316181181181        26.882285382891645     
   11384.348087087086        26.879945302586076     
   11384.379992992992        26.877657820187821     
   11384.411898898898        26.875428609080039     
   11384.443804804805        26.873263342645771     
   11384.475710710711        26.871167694268429     
   11384.507616616616        26.869141872166921     
   11384.539522522522        26.867003736377178     
   11384.571428428428        26.864350351314304     
   11384.603334334333        26.860765538402905     
   11384.635240240239        26.855960255629743     
   11384.667146146146        26.850520257646139     
   11384.699052052052        26.845399383167571     
   11384.730957957958        26.841552750643032     
   11384.762863863863        26.839932429701456     
   11384.794769769769        26.840185459129536     
   11384.826675675675        26.838820916898086     
   11384.858581581580        26.834895650708113     
   11384.890487487486        26.829924046427816     
   11384.922393393394        26.825205504421699     
   11384.954299299299        26.820955032545534     
   11384.986205205205        26.817128687903008     
   11385.018111111111        26.813682527598083     
   11385.050017017016        26.810572608734731     
   11385.081922922922        26.807754988416921     
   11385.113828828828        26.805185723748615     
   11385.145734734735        26.802820871833656     
   11385.177640640641        26.800616489776278     
   11385.209546546546        26.798528634680309     
   11385.241452452452        26.796513363649709     
   11385.273358358358        26.794526733788459     
   11385.305264264263        26.792524802200518     
   11385.337170170169        26.790463625989851     
   11385.369076076075        26.788299262260434     
   11385.400981981982        26.785987768116090     
   11385.432887887888        26.783485200661055     
   11385.464793793793        26.780747616999165     
   11385.496699699699        26.777731074234389     
   11385.528605605605        26.774391629470696     
   11385.560511511510        26.770685339812047     
   11385.592417417416        26.766568262362419     
   11385.624323323324        26.761996454225503     
   11385.656229229229        26.756925972505780     
   11385.688135135135        26.751312874306972     
   11385.720041041041        26.745113216733053     
   11385.751946946946        26.738283056887983     
   11385.783852852852        26.730778451875736     
   11385.815758758758        26.722749107065411     
   11385.847664664665        26.715313815119419     
   11385.879570570571        26.709019012350851     
   11385.911476476476        26.703785680821404     
   11385.943382382382        26.699522895119795     
   11385.975288288288        26.696139729834762     
   11386.007194194193        26.693545259555030     
   11386.039100100099        26.691648558869332     
   11386.071006006005        26.690358702366389     
   11386.102911911912        26.689584764634908     
   11386.134817817818        26.689235820263704     
   11386.166723723723        26.689220943841434     
   11386.198629629629        26.689449209956841     
   11386.230535535535        26.689829693198647     
   11386.262441441440        26.690274892377023     
   11386.294347347346        26.690746695053758     
   11386.326253253254        26.691244084942017     
   11386.358159159159        26.691766948151248     
   11386.390065065065        26.692315170790962     
   11386.421970970971        26.692888638970658     
   11386.453876876876        26.693487238799825     
   11386.485782782782        26.694110856387955     
   11386.517688688687        26.694759377844552     
   11386.549594594593        26.695432689279098     
   11386.581500500501        26.696130676801126     
   11386.613406406406        26.696853226520052     
   11386.645312312312        26.697600224545418     
   11386.677218218218        26.698371556986707     
   11386.709124124123        26.699167109953414     
   11386.741030030029        26.699986769555032     
   11386.772935935935        26.700830421901056     
   11386.804841841842        26.701697953101029     
   11386.836747747748        26.702589249264346     
   11386.868653653653        26.703504196500539     
   11386.900559559559        26.704442680919122     
   11386.932465465465        26.705404588629566     
   11386.964371371370        26.706389805741381     
   11386.996277277276        26.707398218364048     
   11387.028183183184        26.708429712607135     
   11387.060089089089        26.709484174579998     
   11387.091994994995        26.710561490392202     
   11387.123900900900        26.711661546153234     
   11387.155806806806        26.712784227972591     
   11387.187712712712        26.713929421959769     
   11387.219618618617        26.715097014224256     
   11387.251524524523        26.716286890875544     
   11387.283430430431        26.717498938023198     
   11387.315336336336        26.718733041776574     
   11387.347242242242        26.719989088245235     
   11387.379148148148        26.721266963538675     
   11387.411054054053        26.722566553766377     
   11387.442959959959        26.723887745037850     
   11387.474865865865        26.725230423462570     
   11387.506771771772        26.726594475150126     
   11387.538677677678        26.727979786209843     
   11387.570583583583        26.729386242751296     
   11387.602489489489        26.730813730883980     
   11387.634395395395        26.732262136717381     
   11387.666301301300        26.733731346361004     
   11387.698207207206        26.735221245924336     
   11387.730113113112        26.736731721516861     
   11387.762019019019        26.738262659248175     
   11387.793924924925        26.739813945227592     
   11387.825830830830        26.741385465564690     
   11387.857736736736        26.742977106368958     
   11387.889642642642        26.744588753749898     
   11387.921548548547        26.746220293817000     
   11387.953454454453        26.747871612679756     
   11387.985360360361        26.749542596447753     
   11388.017266266266        26.751233131230300     
   11388.049172172172        26.752943103136978     
   11388.081078078078        26.754672398277286     
   11388.112983983983        26.756420902760713     
   11388.144889889889        26.758188502696751     
   11388.176795795795        26.759975084194899     
   11388.208701701702        26.761780533364753     
   11388.240607607608        26.763604736315596     
   11388.272513513513        26.765447579157023     
   11388.304419419419        26.767308947998533     
   11388.336325325325        26.769188728949619     
   11388.368231231230        26.771086808379341     
   11388.400137137136        26.773003077017144     
   11388.432043043042        26.774937429210794     
   11388.463948948949        26.776889759417699     
   11388.495854854855        26.778859962094945     
   11388.527760760760        26.780847931699931     
   11388.559666666666        26.782853562689958     
   11388.591572572572        26.784876749522326     
   11388.623478478477        26.786917386654338     
   11388.655384384383        26.788975368543291     
   11388.687290290291        26.791050589646598     
   11388.719196196196        26.793142944421334     
   11388.751102102102        26.795252327324899     
   11388.783008008008        26.797378632814603     
   11388.814913913913        26.799521755347744     
   11388.846819819819        26.801681143334083     
   11388.878725725725        26.803852704301896     
   11388.910631631630        26.806030657836082     
   11388.942537537538        26.808209213141517     
   11388.974443443443        26.810382579422679     
   11389.006349349349        26.812544965884420     
   11389.038255255255        26.814690581731490     
   11389.070161161160        26.816813636168611     
   11389.102067067066        26.818908338400533     
   11389.133972972972        26.820968897631978     
   11389.165878878879        26.822989523067804     
   11389.197784784785        26.824964423912515     
   11389.229690690690        26.826887809370959     
   11389.261596596596        26.828753888647874     
   11389.293502502502        26.830556870947994     
   11389.325408408407        26.832290965476059     
   11389.357314314313        26.833950381436797     
   11389.389220220221        26.835529328035037     
   11389.421126126126        26.837022014475334     
   11389.453032032032        26.838422649962517     
   11389.484937937938        26.839725443701315     
   11389.516843843843        26.840925426184935     
   11389.548749749749        26.842024131592130     
   11389.580655655654        26.843026187940360     
   11389.612561561560        26.843936242111109     
   11389.644467467468        26.844758940985884     
   11389.676373373373        26.845498931446073     
   11389.708279279279        26.846160860373200     
   11389.740185185185        26.846749374648738     
   11389.772091091090        26.847269121154156     
   11389.803996996996        26.847724746770936     
   11389.835902902902        26.848120898380550     
   11389.867808808809        26.848462222864487     
   11389.899714714715        26.848753367104187     
   11389.931620620620        26.848998977981147     
   11389.963526526526        26.849203702376830     
   11389.995432432432        26.849372187172726     
   11390.027338338337        26.849509079250296     
   11390.059244244243        26.849619025491020     
   11390.091150150149        26.849706672776374     
   11390.123056056056        26.849776667987829     
   11390.154961961962        26.849833658006862     
   11390.186867867867        26.849882289714941     
   11390.218773773773        26.849927209993545     
   11390.250679679679        26.849973065724154     
   11390.282585585584        26.850023919557266     
   11390.314491491490        26.850067250532899     
   11390.346397397398        26.850071991339497     
   11390.378303303303        26.850006096345997     
   11390.410209209209        26.849858415630283     
   11390.442115115115        26.849715864561148     
   11390.474021021020        26.849694101639802     
   11390.505926926926        26.849908789069598     
   11390.537832832832        26.850460399973336     
   11390.569738738739        26.851328991527438     
   11390.601644644645        26.852437283441745     
   11390.633550550550        26.853707644450509     
   11390.665456456456        26.855062443287920     
   11390.697362362362        26.856424048688183     
   11390.729268268267        26.857714829385490     
   11390.761174174173        26.858857154114045     
   11390.793080080079        26.859773391608044     
   11390.824985985986        26.860393274313672     
   11390.856891891892        26.860725529750606     
   11390.888797797797        26.860826878162445     
   11390.920703703703        26.860754716161381     
   11390.952609609609        26.860566440359591     
   11390.984515515514        26.860319447369264     
   11391.016421421420        26.860071133802592     
   11391.048327327328        26.859878896271738     
   11391.080233233233        26.859800131388923     
   11391.112139139139        26.859892235766310     
   11391.144045045045        26.860210130335815     
   11391.175950950950        26.860766127552434     
   11391.207856856856        26.861536638088158     
   11391.239762762762        26.862496950619121     
   11391.271668668667        26.863622353821462     
   11391.303574574575        26.864888136371384     
   11391.335480480480        26.866269586944874     
   11391.367386386386        26.867741994218136     
   11391.399292292292        26.869280646867296     
   11391.431198198197        26.870860833568496     
   11391.463104104103        26.872457842997864     
   11391.495010010009        26.874046963831535     
   11391.526915915916        26.875603484745724     
   11391.558821821822        26.877102694416394     
   11391.590727727727        26.878519881519757     
   11391.622633633633        26.879830334731952     
   11391.654539539539        26.881018081782884     
   11391.686445445444        26.882120086348845     
   11391.718351351350        26.883193140055031     
   11391.750257257258        26.884294069356798     
   11391.782163163163        26.885479700709318     
   11391.814069069069        26.886806860567944     
   11391.845974974975        26.888332375387975     
   11391.877880880880        26.890113066598516     
   11391.909786786786        26.892176641983930     
   11391.941692692692        26.894453169681945     
   11391.973598598597        26.896852271948646     
   11392.005504504505        26.899283571040236     
   11392.037410410410        26.901662010378111     
   11392.069316316316        26.903957010170313     
   11392.101222222222        26.906169922305846     
   11392.133128128127        26.908302503445505     
   11392.165034034033        26.910356510250079     
   11392.196939939939        26.912333699380355     
   11392.228845845846        26.914235827497237     
   11392.260751751752        26.916064651261294     
   11392.292657657657        26.917821927333428     
   11392.324563563563        26.919509412374438     
   11392.356469469469        26.921128863045105     
   11392.388375375374        26.922682036006222     
   11392.420281281280        26.924170687918583     
   11392.452187187186        26.925596575442981     
   11392.484093093093        26.926961455240281     
   11392.515998998999        26.928267083971118     
   11392.547904904904        26.929515218296359     
   11392.579810810810        26.930707614876802     
   11392.611716716716        26.931846030373237     
   11392.643622622621        26.932932221446450     
   11392.675528528527        26.933967944757235     
   11392.707434434435        26.934954956966443     
   11392.739340340340        26.935895014734744     
   11392.771246246246        26.936789874722990     
   11392.803152152152        26.937641293591977     
   11392.835058058057        26.938451028002486     
   11392.866963963963        26.939220834615320     
   11392.898869869869        26.939952470091260     
   11392.930775775776        26.940647320895888     
   11392.962681681682        26.941304963409578     
   11392.994587587587        26.941924421639794     
   11393.026493493493        26.942504719458427     
   11393.058399399399        26.943044880737361     
   11393.090305305304        26.943543929348486     
   11393.122211211210        26.944000889163689     
   11393.154117117116        26.944414784054850     
   11393.186023023023        26.944784637893882     
   11393.217928928929        26.945109474552631     
   11393.249834834834        26.945388317902996     
   11393.281740740740        26.945620191816875     
   11393.313646646646        26.945804120166152     
   11393.345552552551        26.945939126822708     
   11393.377458458457        26.946024235658435     
   11393.409364364365        26.946058470545214     
   11393.441270270270        26.946040855354937     
   11393.473176176176        26.945970413959486     
   11393.505082082082        26.945846170230759     
   11393.536987987987        26.945667148040627     
   11393.568893893893        26.945432371260988     
   11393.600799799799        26.945140863763722     
   11393.632705705704        26.944791649420722     
   11393.664611611612        26.944383752103846     
   11393.696517517517        26.943916195685027     
   11393.728423423423        26.943388004036130     
   11393.760329329329        26.942798201029042     
   11393.792235235234        26.942145810535653     
   11393.824141141140        26.941429856427845     
   11393.856047047046        26.940649362577510     
   11393.887952952953        26.939803352856480     
   11393.919858858859        26.938890851136733     
   11393.951764764764        26.937910881290122     
   11393.983670670670        26.936862467188526     
   11394.015576576576        26.935744632703830     
   11394.047482482481        26.934556401707926     
   11394.079388388387        26.933296798072700     
   11394.111294294295        26.931964845669960     
   11394.143200200200        26.930559568371741     
   11394.175106106106        26.929079990049857     
   11394.207012012012        26.927525134576200     
   11394.238917917917        26.925894025822650     
   11394.270823823823        26.924185687661097     
   11394.302729729729        26.922399143963425     
   11394.334635635634        26.920533418601526     
   11394.366541541542        26.918587535447173     
   11394.398447447447        26.916560518372464     
   11394.430353353353        26.914451391249187     
   11394.462259259259        26.912259177949231     
   11394.494165165164        26.909982902344478     
   11394.526071071070        26.907621588306810     
   11394.557976976976        26.905174259708119     
   11394.589882882883        26.902639940420148     
   11394.621788788789        26.900017654315068     
   11394.653694694694        26.897306740044087     
   11394.685600600600        26.894507820632374     
   11394.717506506506        26.891621846638685     
   11394.749412412411        26.888649768621882     
   11394.781318318317        26.885592537140809     
   11394.813224224223        26.882451102754317     
   11394.845130130130        26.879226416021083     
   11394.877036036036        26.875919427500314     
   11394.908941941942        26.872531087750684     
   11394.940847847847        26.869062347331045     
   11394.972753753753        26.865514156800252     
   11395.004659659659        26.861887466717160     
   11395.036565565564        26.858183352307808     
   11395.068471471472        26.854405926481974     
   11395.100377377377        26.850562437592636     
   11395.132283283283        26.846660278217215     
   11395.164189189189        26.842706840933346     
   11395.196095095094        26.838709518318652     
   11395.228001001000        26.834675702950779     
   11395.259906906906        26.830612787407354     
   11395.291812812813        26.826528164265774     
   11395.323718718719        26.822429226104148     
   11395.355624624624        26.818323365499865     
   11395.387530530530        26.814217975030566     
   11395.419436436436        26.810120447273881     
   11395.451342342341        26.806038174807441     
   11395.483248248247        26.801978550208883     
   11395.515154154153        26.797948966055838     
   11395.547060060060        26.793956814925714     
   11395.578965965966        26.790009489396603     
   11395.610871871871        26.786114382045902     
   11395.642777777777        26.782278885451248     
   11395.674683683683        26.778510282923406     
   11395.706589589588        26.774811547474677     
   11395.738495495494        26.771180016430471     
   11395.770401401402        26.767612646783824     
   11395.802307307307        26.764106395528376     
   11395.834213213213        26.760658219657167     
   11395.866119119119        26.757265076163428     
   11395.898025025024        26.753923922040400     
   11395.929930930930        26.750631714281319     
   11395.961836836836        26.747385409879421     
   11395.993742742741        26.744181965827945     
   11396.025648648649        26.741018339119950     
   11396.057554554554        26.737904530425840     
   11396.089460460460        26.734997378484412     
   11396.121366366366        26.732546228180698     
   11396.153272272271        26.730801869087589     
   11396.185178178177        26.730015090777968     
   11396.217084084083        26.730009221236692     
   11396.248989989990        26.728904034179600     
   11396.280895895896        26.726397411897789     
   11396.312801801801        26.722814670338593     
   11396.344707707707        26.718481139093758     
   11396.376613613613        26.713722147755036     
   11396.408519519518        26.708864173779734     
   11396.440425425424        26.704394546742328     
   11396.472331331332        26.701125563932365     
   11396.504237237237        26.699891260944671     
   11396.536143143143        26.700106994417478     
   11396.568049049049        26.700165725956776     
   11396.599954954954        26.699988255554583     
   11396.631860860860        26.699595320507893     
   11396.663766766766        26.699007658113668     
   11396.695672672671        26.698246005668903     
   11396.727578578579        26.697331100470507     
   11396.759484484484        26.696283679815579     
   11396.791390390390        26.695124481001045     
   11396.823296296296        26.693874241323876     
   11396.855202202201        26.692553698081060     
   11396.887108108107        26.691183588569572     
   11396.919014014013        26.689784650086395     
   11396.950919919920        26.688377619928431     
   11396.982825825826        26.686983235392812     
   11397.014731731731        26.685622233776442     
   11397.046637637637        26.684315352376299     
   11397.078543543543        26.683083328489364     
   11397.110449449448        26.681946899412615     
   11397.142355355354        26.680926802443029     
   11397.174261261260        26.680043774877593     
   11397.206167167167        26.679334264058944     
   11397.238073073073        26.678908739372922     
   11397.269978978979        26.678899451407943     
   11397.301884884884        26.679438653760460     
   11397.333790790790        26.680651416745480     
   11397.365696696696        26.682465492414863     
   11397.397602602601        26.684591637613430     
   11397.429508508509        26.686729479365244     
   11397.461414414414        26.688578644693997     
   11397.493320320320        26.689838760623761     
   11397.525226226226        26.690265465976360     
   11397.557132132131        26.690041027126732     
   11397.589038038037        26.689543997121689     
   11397.620943943943        26.689153968903206     
   11397.652849849850        26.689250535413294     
   11397.684755755756        26.690212894302139     
   11397.716661661661        26.692240733911092     
   11397.748567567567        26.695071013596106     
   11397.780473473473        26.698367143863891     
   11397.812379379378        26.701792535221173     
   11397.844285285284        26.705010598174646     
   11397.876191191190        26.707684743231024     
   11397.908097097097        26.709478380897092     
   11397.940003003003        26.710054921679337     
   11397.971908908909        26.709315076632222     
   11398.003814814814        26.708847103588418     
   11398.035720720720        26.710952514112702     
   11398.067626626625        26.716193589235772     
   11398.099532532531        26.721979505957709     
   11398.131438438439        26.726439219838419     
   11398.163344344344        26.729221802907325     
   11398.195250250250        26.730119469532909     
   11398.227156156156        26.730006781235804     
   11398.259062062061        26.730690115965029     
   11398.290967967967        26.732330942977761     
   11398.322873873873        26.734733848167835     
   11398.354779779778        26.737703417429103     
   11398.386685685686        26.741044236655611     
   11398.418591591591        26.744560891740800     
   11398.450497497497        26.748057968578703     
   11398.482403403403        26.751342621174459     
   11398.514309309308        26.754310935480142     
   11398.546215215214        26.756968583732355     
   11398.578121121120        26.759327993706460     
   11398.610027027027        26.761405694953567     
   11398.641932932933        26.763262019608028     
   11398.673838838838        26.764983819764439     
   11398.705744744744        26.766658317539019     
   11398.737650650650        26.768372735047958     
   11398.769556556555        26.770214256010725     
   11398.801462462461        26.772232153944792     
   11398.833368368369        26.774366767447606     
   11398.865274274274        26.776538988921232     
   11398.897180180180        26.778669710768078     
   11398.929086086086        26.780680930017233     
   11398.960991991991        26.782554648575370     
   11398.992897897897        26.784362437924827     
   11399.024803803803        26.786183186188733     
   11399.056709709708        26.788095781490227     
   11399.088615615616        26.790179099880067     
   11399.120521521521        26.792484310441246     
   11399.152427427427        26.794975780268231     
   11399.184333333333        26.797600923457765     
   11399.216239239238        26.800307154106594     
   11399.248145145144        26.803041886311455     
   11399.280051051050        26.805752534169105     
   11399.311956956957        26.808386511776430     
   11399.343862862863        26.810891233229874     
   11399.375768768768        26.813214112626330     
   11399.407674674674        26.815302564062549     
   11399.439580580580        26.817104001635279     
   11399.471486486485        26.818565839441256     
   11399.503392392391        26.819635491577230     
   11399.535298298297        26.820266017837646     
   11399.567204204204        26.820533960032080     
   11399.599110110110        26.820635903975052     
   11399.631016016016        26.820773393404927     
   11399.662921921921        26.821147972060043     
   11399.694827827827        26.821961183678738     
   11399.726733733733        26.823414571999344     
   11399.758639639638        26.825709680760205     
   11399.790545545546        26.829048053699882     
   11399.822451451451        26.833505650884454     
   11399.854357357357        26.838123068868040     
   11399.886263263263        26.841473629948485     
   11399.918169169168        26.843057605583276     
   11399.950075075074        26.843282462730777     
   11399.981980980980        26.842593334052808     
   11400.013886886887        26.841435352211107     
   11400.045792792793        26.840253649867641     
   11400.077698698698        26.839458536634446     
   11400.109604604604        26.839149807979727     
   11400.141510510510        26.839264174889610     
   11400.173416416415        26.839736901979919     
   11400.205322322321        26.840503253866476     
   11400.237228228227        26.841498495165109     
   11400.269134134134        26.842657890491708     
   11400.301040040040        26.843916704461961     
   11400.332945945946        26.845210201691753     
   11400.364851851851        26.846473646796909     
   11400.396757757757        26.847642304393254     
   11400.428663663663        26.848651439096606     
   11400.460569569568        26.849436315522791     
   11400.492475475476        26.849932198287654     
   11400.524381381381        26.850093084697999     
   11400.556287287287        26.850028533480572     
   11400.588193193193        26.849911751022738     
   11400.620099099098        26.849803150922718     
   11400.652005005004        26.849706099183866     
   11400.683910910910        26.849623528128731     
   11400.715816816815        26.849558370079876     
   11400.747722722723        26.849513557359845     
   11400.779628628628        26.849492022291205     
   11400.811534534534        26.849496697196507     
   11400.843440440440        26.849530514398310     
   11400.875346346345        26.849596406219163     
   11400.907252252251        26.849697304981621     
   11400.939158158157        26.849836143008247     
   11400.971064064064        26.850015852621603     
   11401.002969969970        26.850239366144223     
   11401.034875875876        26.850509615898673     
   11401.066781781781        26.850829534207509     
   11401.098687687687        26.851202053393287     
   11401.130593593592        26.851630105778561     
   11401.162499499498        26.852116623685887     
   11401.194405405406        26.852664539437853     
   11401.226311311311        26.853276785356961     
   11401.258217217217        26.853956293765780     
   11401.290123123123        26.854705996986873     
   11401.322029029028        26.855528827342798     
   11401.353934934934        26.856427717156109     
   11401.385840840840        26.857405598749356     
   11401.417746746745        26.858465404445102     
   11401.449652652653        26.859610066565967     
   11401.481558558558        26.860841517021857     
   11401.513464464464        26.862150430740144     
   11401.545370370370        26.863520393272616     
   11401.577276276275        26.864934879557843     
   11401.609182182181        26.866377364534401     
   11401.641088088087        26.867831323140852     
   11401.672993993994        26.869280230315855     
   11401.704899899900        26.870707579924392     
   11401.736805805805        26.872097304560995     
   11401.768711711711        26.873433777456622     
   11401.800617617617        26.874701391150261     
   11401.832523523522        26.875884538180909     
   11401.864429429428        26.876967611087551     
   11401.896335335334        26.877935002409181     
   11401.928241241241        26.878771104684834     
   11401.960147147147        26.879460310453407     
   11401.992053053053        26.879987012253938     
   11402.023958958958        26.880336246099436     
   11402.055864864864        26.880495861714049     
   11402.087770770770        26.880454477686136     
   11402.119676676675        26.880200712622436     
   11402.151582582583        26.879770002006993     
   11402.183488488488        26.880179521727360     
   11402.215394394394        26.882604469143466     
   11402.247300300300        26.886208360506082     
   11402.279206206205        26.889820499916524     
   11402.311112112111        26.892467771494047     
   11402.343018018017        26.894112867348330     
   11402.374923923924        26.894995260024778     
   11402.406829829830        26.895354463836021     
   11402.438735735735        26.895429993094847     
   11402.470641641641        26.895461362113991     
   11402.502547547547        26.895688085206167     
   11402.534453453452        26.896349676684110     
   11402.566359359358        26.897685650860531     
   11402.598265265264        26.899935522048160     
   11402.630171171171        26.903210529039995     
   11402.662077077077        26.907072096315787     
   11402.693982982983        26.910935954289510     
   11402.725888888888        26.914409213414707     
   11402.757794794794        26.917470467802659     
   11402.789700700700        26.920140963635497     
   11402.821606606605        26.922441947095365     
   11402.853512512513        26.924394664364492     
   11402.885418418418        26.926020361624801     
   11402.917324324324        26.927340285058541     
   11402.949230230230        26.928375680847850     
   11402.981136136135        26.929147795174870     
   11403.013042042041        26.929677874221731     
   11403.044947947947        26.929987164170573     
   11403.076853853852        26.930104405841625     
   11403.108759759760        26.930094715372043     
   11403.140665665665        26.930034229128722     
   11403.172571571571        26.929999085912520     
   11403.204477477477        26.930055576606833     
   11403.236383383382        26.930215499636322     
   11403.268289289288        26.930471910351457     
   11403.300195195194        26.930817846918686     
   11403.332101101101        26.931246347504484     
   11403.364007007007        26.931750450275239     
   11403.395912912913        26.932323193397419     
   11403.427818818818        26.932957615037473     
   11403.459724724724        26.933646753361845     
   11403.491630630630        26.934383646536979     
   11403.523536536535        26.935161332729319     
   11403.555442442443        26.935972850105355     
   11403.587348348348        26.936811236831442     
   11403.619254254254        26.937669531074071     
   11403.651160160160        26.938540770999687     
   11403.683066066065        26.939417994774729     
   11403.714971971971        26.940294240565649     
   11403.746877877877        26.941162546538877     
   11403.778783783782        26.942015950860878     
   11403.810689689690        26.942847491698135     
   11403.842595595595        26.943650207216997     
   11403.874501501501        26.944417135583954     
   11403.906407407407        26.945141314965454     
   11403.938313313312        26.945815783527941     
   11403.970219219218        26.946433579437858     
   11404.002125125124        26.946987740861651     
   11404.034031031031        26.947471305965799     
   11404.065936936937        26.947877312916674     
   11404.097842842843        26.948198799880764     
   11404.129748748748        26.948428805024513     
   11404.161654654654        26.948560366514354     
   11404.193560560559        26.948586522516742     
   11404.225466466465        26.948500311198121     
   11404.257372372371        26.948294770724935     
   11404.289278278278        26.947962939263601     
   11404.321184184184        26.947497854980607     
   11404.353090090090        26.946892556042382     
   11404.384995995995        26.946140080615368     
   11404.416901901901        26.945233466866014     
   11404.448807807807        26.944165752960760     
   11404.480713713712        26.942929977066054     
   11404.512619619620        26.941519177348258     
   11404.544525525525        26.939926391973970     
   11404.576431431431        26.938144659109561     
   11404.608337337337        26.936167016921477     
   11404.640243243242        26.933986503576165     
   11404.672149149148        26.931596157240069     
   11404.704055055054        26.928989704939724     
   11404.735960960961        26.926191524298400     
   11404.767866866867        26.923268205739383     
   11404.799772772772        26.920289415504740     
   11404.831678678678        26.917324819836672     
   11404.863584584584        26.914444084977376     
   11404.895490490489        26.911716877169066     
   11404.927396396395        26.909212006479045     
   11404.959302302301        26.906944030228900     
   11404.991208208208        26.904841713438707     
   11405.023114114114        26.902826238749260     
   11405.055020020020        26.900818788800997     
   11405.086925925925        26.898740546234485     
   11405.118831831831        26.896512693690283     
   11405.150737737737        26.894056413808968     
   11405.182643643642        26.891292889231092     
   11405.214549549550        26.888143302597033     
   11405.246455455455        26.884528836547709     
   11405.278361361361        26.880370673723512     
   11405.310267267267        26.875637759145782     
   11405.342173173172        26.870544124851243     
   11405.374079079078        26.865382200515267     
   11405.405984984984        26.860444450814111     
   11405.437890890889        26.855973404745129     
   11405.469796796797        26.851945994165266     
   11405.501702702702        26.848251194876770     
   11405.533608608608        26.844777925927211     
   11405.565514514514        26.841415106364387     
   11405.597420420419        26.838055354125608     
   11405.629326326325        26.834651924078322     
   11405.661232232231        26.831207612576552     
   11405.693138138138        26.827726667325283     
   11405.725044044044        26.824213336030095     
   11405.756949949950        26.820671866395969     
   11405.788855855855        26.817106506128098     
   11405.820761761761        26.813521502931657     
   11405.852667667667        26.809921104511830     
   11405.884573573572        26.806309558573798     
   11405.916479479480        26.802691112822544     
   11405.948385385385        26.799070014963661     
   11405.980291291291        26.795450512702121     
   11406.012197197197        26.791836853743114     
   11406.044103103102        26.788233285791819     
   11406.076009009008        26.784644056553422     
   11406.107914914914        26.781073413733100     
   11406.139820820819        26.777525605036040     
   11406.171726726727        26.774004878167226     
   11406.203632632632        26.770515480832241     
   11406.235538538538        26.767061660736072     
   11406.267444444444        26.763647665583889     
   11406.299350350349        26.760277743080888     
   11406.331256256255        26.756955773988285     
   11406.363162162161        26.753683754164072     
   11406.395068068068        26.750463075916077     
   11406.426973973974        26.747295131280080     
   11406.458879879880        26.744181312291293     
   11406.490785785785        26.741123010985135     
   11406.522691691691        26.738121619397020     
   11406.554597597597        26.735178529562347     
   11406.586503503502        26.732295133516541     
   11406.618409409408        26.729472823294994     
   11406.650315315315        26.726712990932974     
   11406.682221221221        26.724017028466204     
   11406.714127127127        26.721386327929928     
   11406.746033033032        26.718822281359564     
   11406.777938938938        26.716326280790518     
   11406.809844844844        26.713899718258212     
   11406.841750750749        26.711543985798034     
   11406.873656656657        26.709260475445284     
   11406.905562562562        26.707050579235627     
   11406.937468468468        26.704915689204334     
   11406.969374374374        26.702857197386827     
   11407.001280280279        26.700876495818513     
   11407.033186186185        26.698974976534799     
   11407.065092092091        26.697154031571095     
   11407.096997997998        26.695415052962716     
   11407.128903903904        26.693759432745274     
   11407.160809809810        26.692188562954069     
   11407.192715715715        26.690703835624518     
   11407.224621621621        26.689306642792033     
   11407.256527527526        26.687998376492018     
   11407.288433433432        26.686780428759885     
   11407.320339339338        26.685654191631052     
   11407.352245245245        26.684621057140856     
   11407.384151151151        26.683682417324839     
   11407.416057057057        26.682839664218349     
   11407.447962962962        26.682094189856794     
   11407.479868868868        26.681447386275579     
   11407.511774774774        26.680900645510118     
   11407.543680680679        26.680455359595825     
   11407.575586586587        26.680112920568089     
   11407.607492492492        26.679875426410085     
   11407.639398398398        26.679756441451079     
   11407.671304304304        26.679778842901207     
   11407.703210210209        26.679965777374655     
   11407.735116116115        26.680336365766500     
   11407.767022022021        26.680886665836532     
   11407.798927927926        26.681604536718016     
   11407.830833833834        26.682477827685496     
   11407.862739739739        26.683494388013372     
   11407.894645645645        26.684642066976174     
   11407.926551551551        26.685908713848391     
   11407.958457457456        26.687282177904528     
   11407.990363363362        26.688750308419074     
   11408.022269269268        26.690300954666512     
   11408.054175175175        26.691921965921434     
   11408.086081081081        26.693601191458150     
   11408.117986986987        26.695326480551245     
   11408.149892892892        26.697085682475205     
   11408.181798798798        26.698866646504523     
   11408.213704704704        26.700657322098667     
   11408.245610610609        26.702450439980808     
   11408.277516516517        26.704245509840458     
   11408.309422422422        26.706042556420876     
   11408.341328328328        26.707841604465621     
   11408.373234234234        26.709642678718147     
   11408.405140140139        26.711445803921908     
   11408.437046046045        26.713251004820357     
   11408.468951951951        26.715058306156962     
   11408.500857857856        26.716867732675166     
   11408.532763763764        26.718679309118535     
   11408.564669669669        26.720493615048074     
   11408.596575575575        26.722365887766173     
   11408.628481481481        26.724451393555526     
   11408.660387387386        26.726916080390957     
   11408.692293293292        26.729925896247277     
   11408.724199199198        26.733566995204054     
   11408.756105105105        26.737584419828121     
   11408.788011011011        26.741636051693899     
   11408.819916916917        26.745527325511009     
   11408.851822822822        26.749251465953588     
   11408.883728728728        26.752813864420816     
   11408.915634634634        26.756219912311874     
   11408.947540540539        26.759475001025937     
   11408.979446446445        26.762584521962186     
   11409.011352352352        26.765553866519966     
   11409.043258258258        26.768388426098113     
   11409.075164164164        26.771093592095980     
   11409.107070070069        26.773674755912747     
   11409.138975975975        26.776137308947593     
   11409.170881881881        26.778486642599692     
   11409.202787787786        26.780728148268221     
   11409.234693693694        26.782867217352482     
   11409.266599599599        26.784909241251412     
   11409.298505505505        26.786859611364306     
   11409.330411411411        26.788723719090353     
   11409.362317317316        26.790506955828718     
   11409.394223223222        26.792214712978591     
   11409.426129129128        26.793852381939146     
   11409.458035035035        26.795425354109646     
   11409.489940940941        26.796939020889099     
   11409.521846846847        26.798398773676762     
   11409.553752752752        26.799810003871823     
   11409.585658658658        26.801178102873457     
   11409.617564564564        26.802508462080844     
   11409.649470470469        26.803806472893161     
   11409.681376376375        26.805077526709585     
   11409.713282282282        26.806327014929366     
   11409.745188188188        26.807560328951539     
   11409.777094094094        26.808782860175359     
   11409.808999999999        26.809999999999999     
