   8337.3819999999996        26.230000000000000     
   8337.4260300300302        26.227319055111977     
   8337.4700600600590        26.217524636965578     
   8337.5140900900897        26.202755788403607     
   8337.5581201201203        26.185290005823212     
   8337.6021501501491        26.167269439240901     
   8337.6461801801797        26.149474897981090     
   8337.6902102102104        26.131900127322485     
   8337.7342402402392        26.114529304973665     
   8337.7782702702698        26.097346608641050     
   8337.8223003003004        26.080336216033224     
   8337.8663303303292        26.063482304858745     
   8337.9103603603598        26.046769052824075     
   8337.9543903903905        26.030180637637770     
   8337.9984204204193        26.013701237008377     
   8338.0424504504499        25.997315028642387     
   8338.0864804804805        25.981006190248344     
   8338.1305105105093        25.964758899534782     
   8338.1745405405400        25.948557334208214     
   8338.2185705705706        25.932385671977176     
   8338.2626006005994        25.916228090550192     
   8338.3066306306300        25.900068767633783     
   8338.3506606606607        25.883891880936488     
   8338.3946906906895        25.867681608166830     
   8338.4387207207201        25.851422127031331     
   8338.4827507507507        25.835097615238514     
   8338.5267807807795        25.818692250496930     
   8338.5708108108101        25.802190210513071     
   8338.6148408408408        25.785575672995485     
   8338.6588708708714        25.768832815652019     
   8338.7029009009002        25.751945816191245     
   8338.7469309309308        25.734898852319617     
   8338.7909609609615        25.717676101745699     
   8338.8349909909903        25.700261742178068     
   8338.8790210210209        25.682639951323146     
   8338.9230510510515        25.664794906889512     
   8338.9670810810803        25.646710786585775     
   8339.0111111111109        25.628371768118299     
   8339.0551411411416        25.609764673840431     
   8339.0991711711704        25.590925299508818     
   8339.1432012012010        25.571932614236566     
   8339.1872312312316        25.552867065993873     
   8339.2312612612604        25.533809102750944     
   8339.2752912912911        25.514839172475618     
   8339.3193213213217        25.496037590171277     
   8339.3633513513505        25.477460271280410     
   8339.4073813813811        25.459110445374385     
   8339.4514114114118        25.440984477252705     
   8339.4954414414406        25.423078731714838     
   8339.5394714714712        25.405389573558036     
   8339.5835015015018        25.387913367581778     
   8339.6275315315306        25.370646478585506     
   8339.6715615615612        25.353585271366523     
   8339.7155915915919        25.336726110724275     
   8339.7596216216207        25.320065361458191     
   8339.8036516516513        25.303599388365619     
   8339.8476816816819        25.287324556245981     
   8339.8917117117107        25.271237229898674     
   8339.9357417417414        25.255333774121102     
   8339.9797717717720        25.239610553712666     
   8340.0238018018008        25.224063933472735     
   8340.0678318318314        25.208690278198759     
   8340.1118618618621        25.193485952690111     
   8340.1558918918909        25.178447321746148     
   8340.1999219219215        25.163570750164361     
   8340.2439519519521        25.148852602744100     
   8340.2879819819809        25.134289244284702     
   8340.3320120120115        25.119877039583692     
   8340.3760420420422        25.105612353440407     
   8340.4200720720710        25.091491550654165     
   8340.4641021021016        25.077510996022529     
   8340.5081321321322        25.063667054344819     
   8340.5521621621610        25.049956090420324     
   8340.5961921921917        25.036374469046653     
   8340.6402222222223        25.022936994983009     
   8340.6842522522511        25.009970993209112     
   8340.7282822822817        24.997663059294389     
   8340.7723123123124        24.985979949152092     
   8340.8163423423412        24.974886985558381     
   8340.8603723723718        24.964349491288054     
   8340.9044024024024        24.954332789117295     
   8340.9484324324312        24.944802201822203     
   8340.9924624624618        24.935723052177700     
   8341.0364924924925        24.927060662959910     
   8341.0805225225231        24.918780356944541     
   8341.1245525525519        24.910847456907632     
   8341.1685825825825        24.903227285624236     
   8341.2126126126132        24.895885165870403     
   8341.2566426426420        24.888786420422139     
   8341.3006726726726        24.881896372054570     
   8341.3447027027032        24.875183101456184     
   8341.3887327327320        24.868641253739931     
   8341.4327627627626        24.862280318729500     
   8341.4767927927933        24.856109948392465     
   8341.5208228228221        24.850139794696375     
   8341.5648528528527        24.844379509608039     
   8341.6088828828833        24.838838745095014     
   8341.6529129129121        24.833527153124820     
   8341.6969429429428        24.828454385664319     
   8341.7409729729734        24.823630094681043     
   8341.7850030030022        24.819063932142473     
   8341.8290330330328        24.814765550015540     
   8341.8730630630635        24.810744600267743     
   8341.9170930930923        24.807010734866530     
   8341.9611231231229        24.803573605778901     
   8342.0051531531535        24.800442864972318     
   8342.0491831831823        24.797628164414192     
   8342.0932132132129        24.795139156071603     
   8342.1372432432436        24.792985491911967     
   8342.1812732732724        24.791176823902660     
   8342.2253033033030        24.789722780849143     
   8342.2693333333336        24.788628720501613     
   8342.3133633633624        24.787890767604082     
   8342.3573933933931        24.787503842279364     
   8342.4014234234237        24.787462864650344     
   8342.4454534534525        24.787762754839868     
   8342.4894834834831        24.788398432970816     
   8342.5335135135138        24.789364819166046     
   8342.5775435435426        24.790656833548361     
   8342.6215735735732        24.792269396240716     
   8342.6656036036038        24.794197427365933     
   8342.7096336336326        24.796435847046773     
   8342.7536636636632        24.798979575406275     
   8342.7976936936939        24.801823707252474     
   8342.8417237237227        24.804965673256792     
   8342.8857537537533        24.808404569912369     
   8342.9297837837839        24.812139529569290     
   8342.9738138138127        24.816169684577552     
   8343.0178438438434        24.820494167287698     
   8343.0618738738740        24.825112110049751     
   8343.1059039039028        24.830022645213703     
   8343.1499339339334        24.835224905130136     
   8343.1939639639641        24.840718022149062     
   8343.2379939939929        24.846501128620417     
   8343.2820240240235        24.852573356894872     
   8343.3260540540541        24.858933839322390     
   8343.3700840840829        24.865581708252883     
   8343.4141141141135        24.872516096037089     
   8343.4581441441442        24.879736135024931     
   8343.5021741741748        24.887240957566604     
   8343.5462042042036        24.895029696011974     
   8343.5902342342342        24.903101482711868     
   8343.6342642642649        24.911455450016170     
   8343.6782942942937        24.920090730274708     
   8343.7223243243243        24.929006455838383     
   8343.7663543543549        24.938201759057044     
   8343.8103843843837        24.947675772280480     
   8343.8544144144144        24.957427627859666     
   8343.8984444444450        24.967456458144408     
   8343.9424744744738        24.977761395484471     
   8343.9865045045044        24.988341572230894     
   8344.0305345345350        24.999196120733455     
   8344.0745645645638        25.010324173341871     
   8344.1185945945945        25.021724859873974     
   8344.1626246246251        25.033396174224990     
   8344.2066546546539        25.045333188206051     
   8344.2506846846845        25.057530510216548     
   8344.2947147147152        25.069982748654379     
   8344.3387447447440        25.082684511917410     
   8344.3827747747746        25.095630408405089     
   8344.4268048048052        25.108815046515289     
   8344.4708348348340        25.122233034645845     
   8344.5148648648646        25.135878981196260     
   8344.5588948948953        25.149747494564380     
   8344.6029249249241        25.163833183148011     
   8344.6469549549547        25.178130655346713     
   8344.6909849849853        25.192634519558311     
   8344.7350150150141        25.207339384180571     
   8344.7790450450448        25.222239857613118     
   8344.8230750750754        25.237330548253738     
   8344.8671051051042        25.252606064500185     
   8344.9111351351348        25.268061014752121     
   8344.9551651651655        25.283690007407316     
   8344.9991951951943        25.299487650863504     
   8345.0432252252249        25.315448553520390     
   8345.0872552552555        25.331567323775712     
   8345.1312852852843        25.347838570027193     
   8345.1753153153149        25.364256900674576     
   8345.2193453453456        25.380816924115578     
   8345.2633753753744        25.397513248747913     
   8345.3074054054050        25.414340482971340     
   8345.3514354354356        25.431293235183581     
   8345.3954654654644        25.448366113782310     
   8345.4394954954951        25.465553727167343     
   8345.4835255255257        25.482850683736366     
   8345.5275555555545        25.500251591887054     
   8345.5715855855851        25.517751060019236     
   8345.6156156156158        25.535343696530603     
   8345.6596456456446        25.553024109818796     
   8345.7036756756752        25.570786908283690     
   8345.7477057057058        25.588626700322941     
   8345.7917357357346        25.606538094334205     
   8345.8357657657652        25.624515698717353     
   8345.8797957957959        25.642554121870045     
   8345.9238258258247        25.660647972189928     
   8345.9678558558553        25.678791858076888     
   8346.0118858858859        25.696980272654539     
   8346.0559159159166        25.715202758211824     
   8346.0999459459454        25.733442140073294     
   8346.1439759759760        25.751680764727972     
   8346.1880060060066        25.769900978662594     
   8346.2320360360354        25.788085128363932     
   8346.2760660660661        25.806215560320993     
   8346.3200960960967        25.824274621020528     
   8346.3641261261255        25.842244656949308     
   8346.4081561561561        25.860108014596328     
   8346.4521861861867        25.877847040448344     
   8346.4962162162155        25.895444080992149     
   8346.5402462462462        25.912881482716699     
   8346.5842762762768        25.930141592108779     
   8346.6283063063056        25.947206755655188     
   8346.6723363363362        25.964059319844843     
   8346.7163663663669        25.980681919604763     
   8346.7603963963957        25.997060831177652     
   8346.8044264264263        26.013184824552514     
   8346.8484564564569        26.029042718281463     
   8346.8924864864857        26.044623330916661     
   8346.9365165165163        26.059915481012183     
   8346.9805465465470        26.074907987120206     
   8347.0245765765758        26.089589667792900     
   8347.0686066066064        26.103949341584293     
   8347.1126366366370        26.117975827046571     
   8347.1566666666658        26.131657942731970     
   8347.2006966966965        26.144984507194422     
   8347.2447267267271        26.157944338986155     
   8347.2887567567559        26.170526256659453     
   8347.3327867867865        26.182719078768155     
   8347.3768168168172        26.194511623864535     
   8347.4208468468460        26.205892710500933     
   8347.4648768768766        26.216851157231080     
   8347.5089069069072        26.227375782607304     
   8347.5529369369360        26.237455405181993     
   8347.5969669669666        26.247078843508781     
   8347.6409969969973        26.256234916140045     
   8347.6850270270261        26.264912441628226     
   8347.7290570570567        26.273100238526848     
   8347.7730870870873        26.280787125388336     
   8347.8171171171161        26.287961920765213     
   8347.8611471471468        26.294613443210860     
   8347.9051771771774        26.300730511277777     
   8347.9492072072062        26.306301943518541     
   8347.9932372372368        26.311316558486411     
   8348.0372672672675        26.315763174733945     
   8348.0812972972963        26.319630610813793     
   8348.1253273273269        26.322907685279077     
   8348.1693573573575        26.325583216682425     
   8348.2133873873863        26.327646023576559     
   8348.2574174174169        26.329084924514451     
   8348.3014474474476        26.329888738048805     
   8348.3454774774764        26.330047069830631     
   8348.3895075075070        26.329557241363410     
   8348.4335375375376        26.328420946190434     
   8348.4775675675683        26.326639927769349     
   8348.5215975975971        26.324215929557916     
   8348.5656276276277        26.321150695013571     
   8348.6096576576583        26.317445967594068     
   8348.6536876876871        26.313103490757225     
   8348.6977177177178        26.308125007960342     
   8348.7417477477484        26.302512262661228     
   8348.7857777777772        26.296271008177495     
   8348.8298078078078        26.289470593527533     
   8348.8738378378384        26.282231230923838     
   8348.9178678678672        26.274666241165217     
   8348.9618978978979        26.266803424286913     
   8349.0059279279285        26.258620272306484     
   8349.0499579579573        26.250093632602017     
   8349.0939879879879        26.241200352550525     
   8349.1380180180186        26.231917279530080     
   8349.1820480480474        26.222221260918808     
   8349.2260780780780        26.212089144093628     
   8349.2701081081086        26.201497776432660     
   8349.3141381381374        26.190424005314085     
   8349.3581681681680        26.178844678114721     
   8349.4021981981987        26.166736642212726     
   8349.4462282282275        26.154076744986362     
   8349.4902582582581        26.140844680539182     
   8349.5342882882887        26.127050884480020     
   8349.5783183183175        26.112724563223786     
   8349.6223483483482        26.097895191584193     
   8349.6663783783788        26.082592244376730     
   8349.7104084084076        26.066845196416946     
   8349.7544384384382        26.050683522518451     
   8349.7984684684689        26.034136697496784     
   8349.8424984984977        26.017234196167557     
   8349.8865285285283        26.000005493344261     
   8349.9305585585589        25.982480063842502     
   8349.9745885885877        25.964687382477912     
   8350.0186186186183        25.946656924063923     
   8350.0626486486490        25.928418163416175     
   8350.1066786786778        25.910000575350324     
   8350.1507087087084        25.891433634679753     
   8350.1947387387390        25.872746816220115     
   8350.2387687687678        25.853969594787099     
   8350.2827987987985        25.835131445194044     
   8350.3268288288291        25.816261842256630     
   8350.3708588588579        25.797390260790539     
   8350.4148888888885        25.778546175609108     
   8350.4589189189192        25.759759061528023     
   8350.5029489489480        25.741058393362952     
   8350.5469789789786        25.722473645927252     
   8350.5910090090092        25.704034294036596     
   8350.6350390390380        25.685769812506638     
   8350.6790690690686        25.667709676150775     
   8350.7230990990993        25.649883359784660     
   8350.7671291291281        25.632320338223913     
   8350.8111591591587        25.615019590930459     
   8350.8551891891893        25.597812523123199     
   8350.8992192192200        25.580614707218039     
   8350.9432492492488        25.563429226994391     
   8350.9872792792794        25.546260223527863     
   8351.0313093093100        25.529111837896181     
   8351.0753393393388        25.511988211177080     
   8351.1193693693695        25.494893484446173     
   8351.1633993994001        25.477831798781182     
   8351.2074294294289        25.460807295259837     
   8351.2514594594595        25.443824114957760     
   8351.2954894894901        25.426886398952661     
   8351.3395195195189        25.409998288322281     
   8351.3835495495496        25.393163924142236     
   8351.4275795795802        25.376387447490252     
   8351.4716096096090        25.359672999444037     
   8351.5156396396396        25.343024721079235     
   8351.5596696696703        25.326446753473562     
   8351.6036996996991        25.309943237704726     
   8351.6477297297297        25.293518314848377     
   8351.6917597597603        25.277176125982230     
   8351.7357897897891        25.260920812183972     
   8351.7798198198197        25.244756514529286     
   8351.8238498498504        25.228687374095870     
   8351.8678798798792        25.212717531961399     
   8351.9119099099098        25.196851129201583     
   8351.9559399399404        25.181092306894101     
   8351.9999699699692        25.165445206116630     
   8352.0439999999999        25.149913967944890     
   8352.0880300300305        25.134502733456557     
   8352.1320600600593        25.119215643729284     
   8352.1760900900899        25.104056839838833     
   8352.2201201201206        25.089030462862855     
   8352.2641501501494        25.074140653878992     
   8352.3081801801800        25.059391553963035     
   8352.3522102102106        25.044787304192617     
   8352.3962402402394        25.030332045645370     
   8352.4402702702700        25.016030079556877     
   8352.4843003003007        25.001900537696191     
   8352.5283303303295        24.987989184482672     
   8352.5723603603601        24.974344561633171     
   8352.6163903903907        24.961015210866293     
   8352.6604204204195        24.948049673900559     
   8352.7044504504502        24.935496492452906     
   8352.7484804804808        24.923404208241891     
   8352.7925105105096        24.911821362985986     
   8352.8365405405402        24.900796498402237     
   8352.8805705705709        24.890378156209149     
   8352.9246006005997        24.880614878125115     
   8352.9686306306303        24.871555205867331     
   8353.0126606606609        24.863247681154235     
   8353.0566906906897        24.855740845704108     
   8353.1007207207203        24.849083241234354     
   8353.1447507507510        24.843323409463299     
   8353.1887807807798        24.838509892109126     
   8353.2328108108104        24.834691230889455     
   8353.2768408408410        24.831915967522509     
   8353.3208708708717        24.830232643726287     
   8353.3649009009005        24.829689801218805     
   8353.4089309309311        24.830257059913571     
   8353.4529609609617        24.827279649432530     
   8353.4969909909905        24.818998017990278     
   8353.5410210210212        24.810461270862426     
   8353.5850510510518        24.802467670346633     
   8353.6290810810806        24.795016497341607     
   8353.6731111111112        24.788107032745124     
   8353.7171411411418        24.781738557455899     
   8353.7611711711706        24.775910352372577     
   8353.8052012012013        24.770621698393061     
   8353.8492312312319        24.765871876416014     
   8353.8932612612607        24.761660167339997     
   8353.9372912912913        24.757985852063058     
   8353.9813213213220        24.754848211483782     
   8354.0253513513508        24.752246526500670     
   8354.0693813813814        24.750180078011915     
   8354.1134114114120        24.748648146916018     
   8354.1574414414408        24.747650014111422     
   8354.2014714714715        24.747184960496437     
   8354.2455015015021        24.747252266969518     
   8354.2895315315309        24.747851214429037     
   8354.3335615615615        24.748981083773437     
   8354.3775915915921        24.750641155901103     
   8354.4216216216209        24.752830711710338     
   8354.4656516516516        24.755549032099722     
   8354.5096816816822        24.758795397967575     
   8354.5537117117110        24.762569090212128     
   8354.5977417417416        24.766869389732097     
   8354.6417717717723        24.771695577425739     
   8354.6858018018011        24.777046934191215     
   8354.7298318318317        24.782922740927379     
   8354.7738618618623        24.789322278532410     
   8354.8178918918911        24.796244827904413     
   8354.8619219219217        24.803689669942365     
   8354.9059519519524        24.811656085544385     
   8354.9499819819812        24.820143355608518     
   8354.9940120120118        24.829150761033866     
   8355.0380420420424        24.838677582718482     
   8355.0820720720712        24.848723101560353     
   8355.1261021021019        24.859286598458695     
   8355.1701321321325        24.870284756901011     
   8355.2141621621613        24.881342196919583     
   8355.2581921921919        24.892370771205094     
   8355.3022222222226        24.903377141276426     
   8355.3462522522514        24.914367968652464     
   8355.3902822822820        24.925349914853459     
   8355.4343123123126        24.936329641398284     
   8355.4783423423414        24.947313809805834     
   8355.5223723723720        24.958309081596351     
   8355.5664024024027        24.969322118288719     
   8355.6104324324315        24.980359581401814     
   8355.6544624624621        24.991428132455894     
   8355.6984924924927        25.002534432969846     
   8355.7425225225234        25.013685144462997     
   8355.7865525525522        25.024886928454222     
   8355.8305825825828        25.036146446463789     
   8355.8746126126134        25.047470360010582     
   8355.9186426426422        25.058865330613457     
   8355.9626726726729        25.070338019792693     
   8356.0067027027035        25.081895089067160     
   8356.0507327327323        25.093543199955718     
   8356.0947627627629        25.105289013978663     
   8356.1387927927935        25.117139192654854     
   8356.1828228228223        25.129100397503134     
   8356.2268528528530        25.141179290043830     
   8356.2708828828836        25.153382531795785     
   8356.3149129129124        25.165716784277834     
   8356.3589429429430        25.178188709010321     
   8356.4029729729737        25.190804967512086     
   8356.4470030030025        25.203572221301940     
   8356.4910330330331        25.216497131900269     
   8356.5350630630637        25.229586360825884     
   8356.5790930930925        25.242846569597582     
   8356.6231231231232        25.256284419735785     
   8356.6671531531538        25.269906572759297     
   8356.7111831831826        25.283719690186874     
   8356.7552132132132        25.297730433539005     
   8356.7992432432438        25.311945464334450     
   8356.8432732732726        25.326371444091958     
   8356.8873033033033        25.341015034332049     
   8356.9313333333339        25.355882896573476     
   8356.9753633633627        25.370981692334947     
   8357.0193933933933        25.386318083137049     
   8357.0634234234240        25.401898730498495     
   8357.1074534534528        25.417730295937975     
   8357.1514834834834        25.433819440976123     
   8357.1955135135140        25.450172827131638     
   8357.2395435435428        25.466797115923161     
   8357.2835735735734        25.483698902082715     
   8357.3276036036041        25.500873323851373     
   8357.3716336336329        25.518291173238559     
   8357.4156636636635        25.535920128443188     
   8357.4596936936941        25.553727867662012     
   8357.5037237237229        25.571682069091757     
   8357.5477537537536        25.589750410931366     
   8357.5917837837842        25.607900571377581     
   8357.6358138138130        25.626100228627109     
   8357.6798438438436        25.644317060878929     
   8357.7238738738743        25.662518746329752     
   8357.7679039039031        25.680675918547585     
   8357.8119339339337        25.698805543707799     
   8357.8559639639643        25.716961366653287     
   8357.8999939939931        25.735198144811694     
   8357.9440240240237        25.753570635612935     
   8357.9880540540544        25.772133596484661     
   8358.0320840840832        25.790941784854496     
   8358.0761141141138        25.810049958151225     
   8358.1201441441444        25.829444860776263     
   8358.1641741741751        25.848843292071962     
   8358.2082042042039        25.867895087801656     
   8358.2522342342345        25.886253498662956     
   8358.2962642642651        25.903759163205976     
   8358.3402942942939        25.920533527812829     
   8358.3843243243246        25.936721101422719     
   8358.4283543543552        25.952466392972752     
   8358.4723843843840        25.967913911400103     
   8358.5164144144146        25.983208165643848     
   8358.5604444444452        25.998495645558449     
   8358.6044744744740        26.013958459687970     
   8358.6485045045047        26.029809556342062     
   8358.6925345345353        26.046256871460212     
   8358.7365645645641        26.063236058589872     
   8358.7805945945947        26.080305487570250     
   8358.8246246246254        26.096995793885021     
   8358.8686546546542        26.112837613017941     
   8358.9126846846848        26.127361580454693     
   8358.9567147147154        26.140098331678974     
   8359.0007447447442        26.150578641881427     
   8359.0447747747749        26.159024154394078     
   8359.0888048048055        26.167593604291213     
   8359.1328348348343        26.176878179808021     
   8359.1768648648649        26.186743038700655     
   8359.2208948948955        26.197052467778370     
   8359.2649249249243        26.207670753850337     
   8359.3089549549550        26.218462183727063     
   8359.3529849849856        26.229291044217732     
   8359.3970150150144        26.240021622131529     
   8359.4410450450450        26.250518204278961     
   8359.4850750750757        26.260645077469206     
   8359.5291051051045        26.270266528511495     
   8359.5731351351351        26.279246844216253     
   8359.6171651651657        26.287462371642405     
   8359.6611951951945        26.294852305465369     
   8359.7052252252251        26.301376246533003     
   8359.7492552552558        26.306993806437355     
   8359.7932852852846        26.311664596770598     
   8359.8373153153152        26.315348229125487     
   8359.8813453453458        26.318004315094164     
   8359.9253753753746        26.319592466268940     
   8359.9694054054053        26.320089166706818     
   8360.0134354354359        26.319992380073153     
   8360.0574654654647        26.320090624963246     
   8360.1014954954953        26.320322404715391     
   8360.1455255255260        26.320474033982460     
   8360.1895555555548        26.320331827417334     
   8360.2335855855854        26.319684072265694     
   8360.2776156156160        26.318407459258772     
   8360.3216456456448        26.316500799152852     
   8360.3656756756754        26.313971840045493     
   8360.4097057057061        26.310828330034472     
   8360.4537357357349        26.307078017217648     
   8360.4977657657655        26.302728649692437     
   8360.5417957957961        26.297787975556670     
   8360.5858258258249        26.292263742908307     
   8360.6298558558556        26.286163699844593     
   8360.6738858858862        26.279495594463455     
   8360.7179159159168        26.272267174862598     
   8360.7619459459456        26.264486189140062     
   8360.8059759759763        26.256160385392906     
   8360.8500060060069        26.247297511719154     
   8360.8940360360357        26.237905316216914     
   8360.9380660660663        26.227991546983105     
   8360.9820960960969        26.217563971309300     
   8361.0261261261257        26.206633237141475     
   8361.0701561561564        26.195215915736956     
   8361.1141861861870        26.183329307133690     
   8361.1582162162158        26.170990711369697     
   8361.2022462462464        26.158217428481478     
   8361.2462762762771        26.145026758507029     
   8361.2903063063059        26.131436001484428     
   8361.3343363363365        26.117462457450060     
   8361.3783663663671        26.103123426441982     
   8361.4223963963959        26.088436208498322     
   8361.4664264264266        26.073418103655364     
   8361.5104564564572        26.058086411951212     
   8361.5544864864860        26.042458433424034     
   8361.5985165165166        26.026551468110039     
   8361.6425465465472        26.010382816047375     
   8361.6865765765760        25.993969777274234     
   8361.7306066066067        25.977329651826757     
   8361.7746366366373        25.960479739743135     
   8361.8186666666661        25.943437341061575     
   8361.8626966966967        25.926219755818174     
   8361.9067267267274        25.908844284051149     
   8361.9507567567562        25.891325973451657     
   8361.9947867867868        25.873626612530565     
   8362.0388168168174        25.855653909412560     
   8362.0828468468462        25.837313155621224     
   8362.1268768768768        25.818509642677856     
   8362.1709069069075        25.799148669247824     
   8362.2149369369363        25.779235345671694     
   8362.2589669669669        25.759125477124599     
   8362.3029969969975        25.739251849370955     
   8362.3470270270263        25.720047248175142     
   8362.3910570570570        25.701944459299163     
   8362.4350870870876        25.685173875401290     
   8362.4791171171164        25.668829425276478     
   8362.5231471471470        25.651860681089065     
   8362.5671771771777        25.634033055169461     
   8362.6112072072065        25.615276874062218     
   8362.6552372372371        25.595522464309546     
   8362.6992672672677        25.574700152455961     
   8362.7432972972965        25.552735691033988     
   8362.7873273273271        25.529262579595827     
   8362.8313573573578        25.504065019888671     
   8362.8753873873866        25.479130932209827     
   8362.9194174174172        25.456960898906107     
   8362.9634474474478        25.440055502327553     
   8363.0074774774766        25.430915324823317     
   8363.0515075075073        25.429009804659195     
   8363.0955375375379        25.420880947543750     
   8363.1395675675685        25.406103281034373     
   8363.1835975975973        25.386543163221518     
   8363.2276276276280        25.364066952193102     
   8363.2716576576586        25.340541006039437     
   8363.3156876876874        25.317831682851001     
   8363.3597177177180        25.297699651479562     
   8363.4037477477486        25.280495250319124     
   8363.4477777777774        25.265564491578594     
   8363.4918078078081        25.252231844526698     
   8363.5358378378387        25.239821778434042     
   8363.5798678678675        25.227658762571082     
   8363.6238978978981        25.215067266206788     
   8363.6679279279288        25.201371758611600     
   8363.7119579579576        25.185896709056152     
   8363.7559879879882        25.167966586809143     
   8363.8000180180188        25.146905861141107     
   8363.8440480480476        25.122778268696873     
   8363.8880780780783        25.099229492447265     
   8363.9321081081089        25.076921420674612     
   8363.9761381381377        25.055820939118554     
   8364.0201681681683        25.035894933516122     
   8364.0641981981989        25.017110289607000     
   8364.1082282282277        24.999433893130686     
   8364.1522582582584        24.982832629824497     
   8364.1962882882890        24.967273385427958     
   8364.2403183183178        24.952723045680457     
   8364.2843483483484        24.939148496319561     
   8364.3283783783791        24.926516623084673     
   8364.3724084084079        24.914794311715053     
   8364.4164384384385        24.903948447948508     
   8364.4604684684691        24.893945917524327     
   8364.5044984984979        24.884753606181654     
   8364.5485285285285        24.876338399658522     
   8364.5925585585592        24.868667183694100     
   8364.6365885885880        24.861706844027452     
   8364.6806186186186        24.855424266396788     
   8364.7246486486492        24.849786336541186     
   8364.7686786786780        24.844759940199630     
   8364.8127087087087        24.840311963110491     
   8364.8567387387393        24.836409291012771     
   8364.9007687687681        24.833018809645377     
   8364.9447987987987        24.830107404746819     
   8364.9888288288294        24.827641962056031     
   8365.0328588588582        24.825589367311874     
   8365.0768888888888        24.823916506252957     
   8365.1209189189194        24.822590264618160     
   8365.1649489489482        24.821577528146307     
   8365.2089789789788        24.820845182576086     
   8365.2530090090095        24.820360113646341     
   8365.2970390390383        24.820089207095858     
   8365.3410690690689        24.819999341991007     
   8365.3850990990995        24.819936300619474     
   8365.4291291291283        24.819560735422098     
   8365.4731591591590        24.818884132972894     
   8365.5171891891896        24.817946499695633     
   8365.5612192192202        24.816787842014080     
   8365.6052492492490        24.815448166352034     
   8365.6492792792797        24.813967479133158     
   8365.6933093093103        24.812385786781249     
   8365.7373393393391        24.810743095720134     
   8365.7813693693697        24.809079412373436     
   8365.8253993994003        24.807434743164976     
   8365.8694294294291        24.805849094518575     
   8365.9134594594598        24.804362472857861     
   8365.9574894894904        24.803014884606654     
   8366.0015195195192        24.801846336188760     
   8366.0455495495498        24.800896834027832     
   8366.0895795795805        24.800206384547678     
   8366.1336096096093        24.799814994172078     
   8366.1776396396399        24.799762669324739     
   8366.2216696696705        24.800089416429451     
   8366.2656996996993        24.800835241909923     
   8366.3097297297300        24.802040152189981     
   8366.3537597597606        24.803744153693351     
   8366.3977897897894        24.805987252843693     
   8366.4418198198200        24.808809456064949     
   8366.4858498498506        24.812246698945700     
   8366.5298798798794        24.816281210258580     
   8366.5739099099101        24.820857275655261     
   8366.6179399399407        24.825918382489007     
   8366.6619699699695        24.831408018113009     
   8366.7060000000001        24.837269669881149     
   8366.7500300300308        24.843446825146632     
   8366.7940600600596        24.849882971262609     
   8366.8380900900902        24.856521595583033     
   8366.8821201201208        24.863306185461074     
   8366.9261501501496        24.870180228521992     
   8366.9701801801803        24.877103706005489     
   8367.0142102102109        24.884097604596299     
   8367.0582402402397        24.891197012348229     
   8367.1022702702703        24.898437017315970     
   8367.1463003003009        24.905852707553350     
   8367.1903303303297        24.913479171114158     
   8367.2343603603604        24.921351496053131     
   8367.2783903903910        24.929504770424071     
   8367.3224204204198        24.937974082280732     
   8367.3664504504504        24.946794519677923     
   8367.4104804804811        24.955998987132020     
   8367.4545105105099        24.965593088552765     
   8367.4985405405405        24.975563859385364     
   8367.5425705705711        24.985897979710899     
   8367.5866006005999        24.996582129610395     
   8367.6306306306305        25.007602989166202     
   8367.6746606606612        25.018947238459347     
   8367.7186906906900        25.030601557570819     
   8367.7627207207206        25.042552626583046     
   8367.8067507507512        25.054787125577029     
   8367.8507807807800        25.067291734633702     
   8367.8948108108107        25.080053133835577     
   8367.9388408408413        25.093058003263614     
   8367.9828708708719        25.106293022999274     
   8368.0269009009007        25.119744873123466     
   8368.0709309309314        25.133400233718778     
   8368.1149609609620        25.147245784866119     
   8368.1589909909908        25.161268206646383     
   8368.2030210210214        25.175454179142193     
   8368.2470510510520        25.189790382434445     
   8368.2910810810808        25.204263496604003     
   8368.3351111111115        25.218860201733534     
   8368.3791411411421        25.233567177903915     
   8368.4231711711709        25.248371105195996     
   8368.4672012012015        25.263262870089765     
   8368.5112312312322        25.278256793228682     
   8368.5552612612610        25.293375307889583     
   8368.5992912912916        25.308640855213262     
   8368.6433213213222        25.324075876338643     
   8368.6873513513510        25.339702812404621     
   8368.7313813813817        25.355544104552028     
   8368.7754114114123        25.371622187847073     
   8368.8194414414411        25.387951480834612     
   8368.8634714714717        25.404522595367293     
   8368.9075015015023        25.421321744369035     
   8368.9515315315311        25.438335140763726     
   8368.9955615615618        25.455548997477361     
   8369.0395915915924        25.472949527433823     
   8369.0836216216212        25.490522943556975     
   8369.1276516516518        25.508255458772858     
   8369.1716816816825        25.526133286005340     
   8369.2157117117113        25.544142638178254     
   8369.2597417417419        25.562269728217693     
   8369.3037717717725        25.580500769047486     
   8369.3478018018013        25.598821973591477     
   8369.3918318318320        25.617219554775762     
   8369.4358618618626        25.635679725524174     
   8369.4798918918914        25.654188698760539     
   8369.5239219219220        25.672732687410978     
   8369.5679519519526        25.691297904399306     
   8369.6119819819814        25.709870562649350     
   8369.6560120120121        25.728436839583701     
   8369.7000420420427        25.746981891060479     
   8369.7440720720715        25.765489722574252     
   8369.7881021021021        25.783944278244164     
   8369.8321321321328        25.802329502187042     
   8369.8761621621616        25.820629338519733     
   8369.9201921921922        25.838827731361356     
   8369.9642222222228        25.856908624828748     
   8370.0082522522516        25.874855963038783     
   8370.0522822822822        25.892653690110539     
   8370.0963123123129        25.910285750160874     
   8370.1403423423417        25.927736087306677     
   8370.1843723723723        25.944988645666982     
   8370.2284024024029        25.962027369358680     
   8370.2724324324317        25.978836202498670     
   8370.3164624624624        25.995399089205954     
   8370.3604924924930        26.011699973597427     
   8370.4045225225236        26.027722799790695     
   8370.4485525525524        26.043451511902717     
   8370.4925825825831        26.058870054052392     
   8370.5366126126137        26.073962370356668     
   8370.5806426426425        26.088712404932537     
   8370.6246726726731        26.103104101898833     
   8370.6687027027037        26.117121405372536     
   8370.7127327327325        26.130748259470685     
   8370.7567627627632        26.143968608312019     
   8370.8007927927938        26.156766396013563     
   8370.8448228228226        26.169125566692422     
   8370.8888528528532        26.181030867615409     
   8370.9328828828839        26.192471037706799     
   8370.9769129129127        26.203436053614126     
   8371.0209429429433        26.213915892364057     
   8371.0649729729739        26.223900530981894     
   8371.1090030030027        26.233379946493024     
   8371.1530330330334        26.242344115923999     
   8371.1970630630640        26.250783016300176     
   8371.2410930930928        26.258686624647012     
   8371.2851231231234        26.266044917990925     
   8371.3291531531540        26.272847873357335     
   8371.3731831831828        26.279085467771775     
   8371.4172132132135        26.284751818435559     
   8371.4612432432441        26.289867563163540     
   8371.5052732732729        26.294463799320276     
   8371.5493033033035        26.298571649719964     
   8371.5933333333342        26.302222237176217     
   8371.6373633633630        26.305446684502741     
   8371.6813933933936        26.308276114513603     
   8371.7254234234242        26.310741650022489     
   8371.7694534534530        26.312874413843133     
   8371.8134834834837        26.314705528789535     
   8371.8575135135143        26.316266117675408     
   8371.9015435435431        26.317587303314522     
   8371.9455735735737        26.318700208520806     
   8371.9896036036043        26.319635956108023     
   8372.0336336336331        26.320411294088224     
   8372.0776636636638        26.320789156616733     
   8372.1216936936944        26.320315174447526     
   8372.1657237237232        26.318577323998291     
   8372.2097537537538        26.315603090890747     
   8372.2537837837845        26.311650513039339     
   8372.2978138138133        26.306969296011591     
   8372.3418438438439        26.301671930341428     
   8372.3858738738745        26.295773755725552     
   8372.4299039039033        26.289288057029058     
   8372.4739339339339        26.282228119116212     
   8372.5179639639646        26.274607226852073     
   8372.5619939939934        26.266438665101809     
   8372.6060240240240        26.257735718729538     
   8372.6500540540546        26.248511672600401     
   8372.6940840840834        26.238779811579619     
   8372.7381141141141        26.228553420531185     
   8372.7821441441447        26.217845784320311     
   8372.8261741741735        26.206670187812261     
   8372.8702042042041        26.195039915870932     
   8372.9142342342348        26.182968253361576     
   8372.9582642642654        26.170468485149001     
   8373.0022942942942        26.157553896098555     
   8373.0463243243248        26.144237771073978     
   8373.0903543543554        26.130533394940610     
   8373.1343843843842        26.116454052563832     
   8373.1784144144149        26.102013028807299     
   8373.2224444444455        26.087223608536391     
   8373.2664744744743        26.072099076616539     
   8373.3105045045049        26.056652717911312     
   8373.3545345345356        26.040897817286123     
   8373.3985645645644        26.024847659606458     
   8373.4425945945950        26.008515529735789     
   8373.4866246246256        25.991914712539586     
   8373.5306546546544        25.975058492883360     
   8373.5746846846851        25.957960155630516     
   8373.6187147147157        25.940632985646559     
   8373.6627447447445        25.923090267797026     
   8373.7067747747751        25.905345286945270     
   8373.7508048048057        25.887411327956819     
   8373.7948348348345        25.869301675697237     
   8373.8388648648652        25.851029615029827     
   8373.8828948948958        25.832608430820144     
   8373.9269249249246        25.814051407933761     
   8373.9709549549552        25.795371831233961     
   8374.0149849849859        25.776582985586305     
   8374.0590150150147        25.757698155856389     
   8374.1030450450453        25.738730626907454     
   8374.1470750750759        25.719693683605087     
   8374.1911051051047        25.700600610814888     
   8374.2351351351354        25.681464693400084     
   8374.2791651651660        25.662299216226266     
   8374.3231951951948        25.643117464159040     
   8374.3672252252254        25.623932722061625     
   8374.4112552552560        25.604758274799618     
   8374.4552852852848        25.585607407238619     
   8374.4993153153155        25.566493404241854     
   8374.5433453453461        25.547429550674920     
   8374.5873753753749        25.528429131403410     
   8374.6314054054055        25.509505431290556     
   8374.6754354354362        25.490671735201957     
   8374.7194654654650        25.471941328003183     
   8374.7634954954956        25.453327494557502     
   8374.8075255255262        25.434843519730496     
   8374.8515555555550        25.416502688387723     
   8374.8955855855856        25.398318285392474     
   8374.9396156156163        25.380303595610322     
   8374.9836456456451        25.362471813654846     
   8375.0276756756757        25.344833067298541     
   8375.0717057057063        25.327393738597522     
   8375.1157357357351        25.310159981875778     
   8375.1597657657658        25.293137951455179     
   8375.2037957957964        25.276333801659732     
   8375.2478258258270        25.259753686812719     
   8375.2918558558558        25.243403761238099     
   8375.3358858858865        25.227290179257821     
   8375.3799159159171        25.211419095195843     
   8375.4239459459459        25.195796663376100     
   8375.4679759759765        25.180429038120586     
   8375.5120060060071        25.165322373753245     
   8375.5560360360359        25.150482824597969     
   8375.6000660660666        25.135916544976823     
   8375.6440960960972        25.121629689213712     
   8375.6881261261260        25.107628411632497     
   8375.7321561561566        25.093918866555317     
   8375.7761861861873        25.080507208306038     
   8375.8202162162161        25.067399591208485     
   8375.8642462462467        25.054602169584861     
   8375.9082762762773        25.042121097759008     
   8375.9523063063061        25.029962530054718     
   8375.9963363363368        25.018132620794255     
   8376.0403663663674        25.006637524301428     
   8376.0843963963962        24.995483394899981     
   8376.1284264264268        24.984676386912280     
   8376.1724564564574        24.974222654662078     
   8376.2164864864862        24.964128352473079     
   8376.2605165165169        24.954399634667734     
   8376.3045465465475        24.945040003637999     
   8376.3485765765763        24.936000883692561     
   8376.3926066066069        24.927186140086416     
   8376.4366366366376        24.918498006643155     
   8376.4806666666664        24.909873675102805     
   8376.5246966966970        24.901334397455834     
   8376.5687267267276        24.892913803048721     
   8376.6127567567564        24.884645521227920     
   8376.6567867867871        24.876563181338870     
   8376.7008168168177        24.868700412728032     
   8376.7448468468465        24.861090844741835     
   8376.7888768768771        24.853768106725770     
   8376.8329069069077        24.846765828026268     
   8376.8769369369365        24.840117637989721     
   8376.9209669669672        24.833857165961696     
   8376.9649969969978        24.828018041288594     
   8377.0090270270266        24.822633893316745     
   8377.0530570570572        24.817738351391824     
   8377.0970870870879        24.813365044860181     
   8377.1411171171167        24.809547603068079     
   8377.1851471471473        24.806319655361321     
   8377.2291771771779        24.803714831086200     
   8377.2732072072067        24.801766759588894     
   8377.3172372372374        24.800509070215362     
   8377.3612672672680        24.799975183107620     
   8377.4052972972968        24.800027847509114     
   8377.4493273273274        24.800050888878062     
   8377.4933573573580        24.799432500748654     
   8377.5373873873868        24.798158351710711     
   8377.5814174174175        24.796463157989010     
   8377.6254474474481        24.794582460511272     
   8377.6694774774769        24.792751800205245     
   8377.7135075075075        24.791206717998463     
   8377.7575375375382        24.790182754818691     
   8377.8015675675688        24.789983005713516     
   8377.8455975975976        24.791323347774348     
   8377.8896276276282        24.793828478396556     
   8377.9336576576588        24.796694849261549     
   8377.9776876876876        24.799118898406242     
   8378.0217177177183        24.800320063527405     
   8378.0657477477489        24.800292260910396     
   8378.1097777777777        24.799970665760050     
   8378.1538078078083        24.800093324196549     
   8378.1978378378390        24.800752597345998     
   8378.2418678678678        24.801939767822454     
   8378.2858978978984        24.803646118240131     
   8378.3299279279290        24.805862931213102     
   8378.3739579579578        24.808581489355362     
   8378.4179879879885        24.811793075281258     
   8378.4620180180191        24.815488971604793     
   8378.5060480480479        24.819660460939907     
   8378.5500780780785        24.824298825901057     
   8378.5941081081091        24.829395349102199     
   8378.6381381381379        24.834941313157209     
   8378.6821681681686        24.840928000680663     
   8378.7261981981992        24.847346694286450     
   8378.7702282282280        24.854188676588407     
   8378.8142582582586        24.861445230201198     
   8378.8582882882893        24.869107637738679     
   8378.9023183183181        24.877167181814617     
   8378.9463483483487        24.885615145043793     
   8378.9903783783793        24.894442810040005     
   8379.0344084084081        24.903641459416974     
   8379.0784384384388        24.913202375789581     
   8379.1224684684694        24.923116841771563     
   8379.1664984984982        24.933376139976609     
   8379.2105285285288        24.943971553019679     
   8379.2545585585594        24.954894363514477     
   8379.2985885885882        24.966135854074643     
   8379.3426186186189        24.977687307315222     
   8379.3866486486495        24.989540005849879     
   8379.4306786786783        25.001685232292211     
   8379.4747087087089        25.014114269257341     
   8379.5187387387396        25.026818399358891     
   8379.5627687687684        25.039788905210436     
   8379.6067987987990        25.053017069427160     
   8379.6508288288296        25.066494174622648     
   8379.6948588588584        25.080211503410450     
   8379.7388888888891        25.094160338405807     
   8379.7829189189197        25.108331962222277     
   8379.8269489489485        25.122717657473380     
   8379.8709789789791        25.137296239507414     
   8379.9150090090097        25.151758671512379     
   8379.9590390390385        25.165520453440575     
   8380.0030690690692        25.178462224544845     
   8380.0470990990998        25.191069587576905     
   8380.0911291291286        25.203864598009741     
   8380.1351591591592        25.217177428797847     
   8380.1791891891899        25.231011402339881     
   8380.2232192192205        25.245337979202226     
   8380.2672492492493        25.260128619950642     
   8380.3112792792799        25.275354785152714     
   8380.3553093093105        25.290987935374226     
   8380.3993393393393        25.306999531180878     
   8380.4433693693700        25.323361033140380     
   8380.4873993994006        25.340043901818436     
   8380.5314294294294        25.357019597780724     
   8380.5754594594600        25.374259581595020     
   8380.6194894894907        25.391735313827006     
   8380.6635195195195        25.409418255042318     
   8380.7075495495501        25.427279865808799     
   8380.7515795795807        25.445291606692091     
   8380.7956096096095        25.463424938257820     
   8380.8396396396402        25.481651321073862     
   8380.8836696696708        25.499942215705843     
   8380.9276996996996        25.518269082719385     
   8380.9717297297302        25.536603382682369     
   8381.0157597597608        25.554916576160423     
   8381.0597897897896        25.573182381695094     
   8381.1038198198203        25.591396119988282     
   8381.1478498498509        25.609565118737777     
   8381.1918798798797        25.627696834533459     
   8381.2359099099103        25.645798723967431     
   8381.2799399399410        25.663878243629558     
   8381.3239699699698        25.681942850109714     
   8381.3680000000004        25.699999999999999     
