   89653.104000000007        23.870000000000001     
   89653.126882882891        23.872640476301239     
   89653.149765765775        23.875241588715056     
   89653.172648648659        23.877763973354043     
   89653.195531531543        23.880168266330770     
   89653.218414414427        23.882415103757829     
   89653.241297297311        23.884465121747795     
   89653.264180180180        23.886278956412180     
   89653.287063063064        23.887817243865900     
   89653.309945945948        23.889040620220300     
   89653.332828828832        23.889909721587959     
   89653.355711711716        23.890399198731238     
   89653.378594594600        23.890569051396483     
   89653.401477477484        23.890511407900988     
   89653.424360360368        23.890318454915704     
   89653.447243243252        23.890082379111604     
   89653.470126126136        23.889891233475375     
   89653.493009009020        23.889775271229620     
   89653.515891891904        23.889722236809760     
   89653.538774774788        23.889718889964890     
   89653.561657657658        23.889751990444040     
   89653.584540540542        23.889808297996350     
   89653.607423423426        23.889874572370882     
   89653.630306306310        23.889937573316715     
   89653.653189189194        23.889984060582933     
   89653.676072072078        23.889999962920307     
   89653.698954954962        23.889932066561439     
   89653.721837837846        23.889754322175339     
   89653.744720720730        23.889469794923677     
   89653.767603603614        23.889081549968147     
   89653.790486486498        23.888592652470411     
   89653.813369369382        23.888006167592160     
   89653.836252252266        23.887325160495070     
   89653.859135135135        23.886552696341340     
   89653.882018018019        23.885691840291663     
   89653.904900900903        23.884745657508191     
   89653.927783783787        23.883717213152593     
   89653.950666666671        23.882609572386549     
   89653.973549549555        23.881425800371751     
   89653.996432432439        23.880168962269860     
   89654.019315315323        23.878842123242570     
   89654.042198198207        23.877448348451555     
   89654.065081081091        23.875990703058491     
   89654.087963963975        23.874472252225068     
   89654.110846846859        23.872896061112954     
   89654.133729729743        23.871265194883840     
   89654.156612612613        23.869582724765216     
   89654.179495495497        23.867852491402928     
   89654.202378378381        23.866079849311095     
   89654.225261261265        23.864270329693813     
   89654.248144144149        23.862429463755181     
   89654.271027027033        23.860562782699290     
   89654.293909909917        23.858675817730237     
   89654.316792792801        23.856774100052114     
   89654.339675675685        23.854863160869026     
   89654.362558558569        23.852948531385060     
   89654.385441441453        23.851035742804310     
   89654.408324324337        23.849130326330879     
   89654.431207207221        23.847237813168856     
   89654.454090090090        23.845363734523524     
   89654.476972972974        23.843513621596593     
   89654.499855855858        23.841693005593349     
   89654.522738738742        23.839907417717896     
   89654.545621621626        23.838162389174332     
   89654.568504504510        23.836463451166743     
   89654.591387387394        23.834816134899228     
   89654.614270270278        23.833225971575882     
   89654.637153153162        23.831698492400804     
   89654.660036036046        23.830239228578083     
   89654.682918918930        23.828853711311819     
   89654.705801801814        23.827547471806106     
   89654.728684684698        23.826326041265041     
   89654.751567567568        23.825194950893405     
   89654.774450450452        23.824159731893857     
   89654.797333333336        23.823225915471237     
   89654.820216216220        23.822399032829640     
   89654.843099099104        23.821684615173169     
   89654.865981981988        23.821088193705904     
   89654.888864864872        23.820615299631960     
   89654.911747747756        23.820271464155415     
   89654.934630630640        23.820062218480373     
   89654.957513513524        23.819992133697220     
   89654.980396396408        23.820006050247059     
   89655.003279279292        23.819959279867131     
   89655.026162162176        23.819782606766083     
   89655.049045045045        23.819482878909046     
   89655.071927927929        23.819069710669538     
   89655.094810810813        23.818552716421614     
   89655.117693693697        23.817941510539178     
   89655.140576576581        23.817245707396133     
   89655.163459459465        23.816474921366385     
   89655.186342342349        23.815638766823835     
   89655.209225225233        23.814746858142382     
   89655.232108108117        23.813808809695935     
   89655.254990991001        23.812834235858396     
   89655.277873873885        23.811832751003671     
   89655.300756756769        23.810813969505666     
   89655.323639639653        23.809787505738278     
   89655.346522522523        23.808762974076060     
   89655.369405405407        23.807749988891615     
   89655.392288288291        23.806758164559490     
   89655.415171171175        23.805797115453601     
   89655.438054054059        23.804876455947834     
   89655.460936936943        23.804005800416107     
   89655.483819819827        23.803194763232320     
   89655.506702702711        23.802452958770377     
   89655.529585585595        23.801790001404179     
   89655.552468468479        23.801215505507631     
   89655.575351351363        23.800739085454637     
   89655.598234234247        23.800370355619101     
   89655.621117117131        23.800118930374925     
   89655.644000000000        23.799994412917790     
   89655.666882882884        23.799984924015291     
   89655.689765765768        23.800012348863067     
   89655.712648648652        23.799985991802416     
   89655.735531531536        23.799844511887446     
   89655.758414414420        23.799591487084619     
   89655.781297297304        23.799239190835475     
   89655.804180180188        23.798799896581567     
   89655.827063063072        23.798285877764446     
   89655.849945945956        23.797709407825661     
   89655.872828828840        23.797082760206756     
   89655.895711711724        23.796418208349287     
   89655.918594594608        23.795728025694803     
   89655.941477477478        23.795024485685303     
   89655.964360360362        23.794319861761430     
   89655.987243243246        23.793626427365187     
   89656.010126126130        23.792956455938114     
   89656.033009009014        23.792322220921768     
   89656.055891891898        23.791735995757694     
   89656.078774774782        23.791210053887443     
   89656.101657657666        23.790756668752564     
   89656.124540540550        23.790388113794613     
   89656.147423423434        23.790116662455130     
   89656.170306306318        23.789954210362207     
   89656.193189189202        23.789894162746236     
   89656.216072072086        23.789903439386450     
   89656.238954954955        23.789946918229084     
   89656.261837837839        23.789989477220448     
   89656.284720720723        23.789997835927849     
   89656.307603603607        23.790034230286416     
   89656.330486486491        23.790144797399194     
   89656.353369369375        23.790248518305511     
   89656.376252252259        23.790260625097176     
   89656.399135135143        23.790096349865991     
   89656.422018018027        23.789676701713752     
   89656.444900900911        23.788982329369993     
   89656.467783783795        23.788029065744535     
   89656.490666666679        23.786833198497241     
   89656.513549549563        23.785411015287984     
   89656.536432432433        23.783778803777722     
   89656.559315315317        23.781952851624247     
   89656.582198198201        23.779949446488395     
   89656.605081081085        23.777784876030033     
   89656.627963963969        23.775475427909029     
   89656.650846846853        23.773037389785244     
   89656.673729729737        23.770487049318550     
   89656.696612612621        23.767845384365572     
   89656.719495495505        23.765166584292821     
   89656.742378378389        23.762519174196576     
   89656.765261261273        23.759971735811661     
   89656.788144144157        23.757590766036255     
   89656.811027027041        23.755434703181159     
   89656.833909909910        23.753560038753715     
   89656.856792792794        23.752023264257744     
   89656.879675675678        23.750880871200774     
   89656.902558558562        23.750189351089048     
   89656.925441441446        23.750002788042227     
   89656.948324324330        23.750045362225656     
   89656.971207207214        23.749474422004798     
   89656.994090090098        23.748085874664682     
   89657.016972972982        23.746001290056359     
   89657.039855855866        23.743343860212931     
   89657.062738738750        23.740236777167510     
   89657.085621621634        23.736803232953193     
   89657.108504504518        23.733166419603080     
   89657.131387387388        23.729449462217268     
   89657.154270270272        23.725744532061452     
   89657.177153153156        23.722063774742598     
   89657.200036036040        23.718406575475850     
   89657.222918918924        23.714772319476335     
   89657.245801801808        23.711160391959190     
   89657.268684684692        23.707570178139548     
   89657.291567567576        23.704001063232539     
   89657.314450450460        23.700452432453311     
   89657.337333333344        23.696923671016989     
   89657.360216216228        23.693414164138709     
   89657.383099099112        23.689923297033602     
   89657.405981981996        23.686450454916809     
   89657.428864864865        23.682995023005653     
   89657.451747747749        23.679556386510868     
   89657.474630630633        23.676133930649804     
   89657.497513513517        23.672727040637589     
   89657.520396396401        23.669335101689356     
   89657.543279279285        23.665957499020241     
   89657.566162162169        23.662593617845378     
   89657.589045045053        23.659242843379904     
   89657.611927927937        23.655904560838948     
   89657.634810810821        23.652578155437652     
   89657.657693693705        23.649263012391145     
   89657.680576576589        23.645958516914565     
   89657.703459459473        23.642664054223044     
   89657.726342342343        23.639379009533805     
   89657.749225225227        23.636102768057800     
   89657.772108108111        23.632834715012258     
   89657.794990990995        23.629574237060790     
   89657.817873873879        23.626321652743414     
   89657.840756756763        23.623079812981143     
   89657.863639639647        23.619851994777861     
   89657.886522522531        23.616641475137438     
   89657.909405405415        23.613451531063752     
   89657.932288288299        23.610285439560691     
   89657.955171171183        23.607146477632121     
   89657.978054054067        23.604037922281918     
   89658.000936936951        23.600963050513972     
   89658.023819819820        23.597925139334070     
   89658.046702702704        23.594927465742224     
   89658.069585585588        23.591973306744265     
   89658.092468468472        23.589065939344056     
   89658.115351351356        23.586208640545486     
   89658.138234234240        23.583404687352427     
   89658.161117117124        23.580657356768761     
   89658.184000000008        23.577969925798357     
   89658.206882882892        23.575345671445099     
   89658.229765765776        23.572787870712865     
   89658.252648648660        23.570299800605525     
   89658.275531531544        23.567884738126970     
   89658.298414414428        23.565545960281064     
   89658.321297297298        23.563286744073103     
   89658.344180180182        23.561110366504089     
   89658.367063063066        23.559020104579353     
   89658.389945945950        23.557019235302789     
   89658.412828828834        23.555111035678259     
   89658.435711711718        23.553298782709646     
   89658.458594594602        23.551585753400825     
   89658.481477477486        23.549975224755677     
   89658.504360360370        23.548470473778085     
   89658.527243243254        23.547074777471913     
   89658.550126126138        23.545791412841051     
   89658.573009009022        23.544623656889367     
   89658.595891891906        23.543574786620741     
   89658.618774774775        23.542648079039605     
   89658.641657657659        23.541846811148652     
   89658.664540540543        23.541174259952385     
   89658.687423423427        23.540633702454691     
   89658.710306306311        23.540228415659438     
   89658.733189189195        23.539961673532730     
   89658.756072072079        23.539835942349313     
   89658.778954954963        23.539851798407554     
   89658.801837837847        23.540009548075744     
   89658.824720720731        23.540309497722177     
   89658.847603603615        23.540751953715137     
   89658.870486486499        23.541337222422918     
   89658.893369369369        23.542065610213296     
   89658.916252252253        23.542937423455491     
   89658.939135135137        23.543952968517377     
   89658.962018018021        23.545112551767243     
   89658.984900900905        23.546416479573377     
   89659.007783783789        23.547865058304069     
   89659.030666666673        23.549458594327611     
   89659.053549549557        23.551197202689835     
   89659.076432432441        23.553078875001823     
   89659.099315315325        23.555100279260071     
   89659.122198198209        23.557258063392474     
   89659.145081081093        23.559548875326929     
   89659.167963963977        23.561969362991341     
   89659.190846846846        23.564516174311940     
   89659.213729729730        23.567185957219870     
   89659.236612612614        23.569975359641447     
   89659.259495495498        23.572881029504572     
   89659.282378378382        23.575899614737143     
   89659.305261261266        23.579027763267060     
   89659.328144144150        23.582262123022218     
   89659.351027027034        23.585599341930518     
   89659.373909909918        23.589036067919857     
   89659.396792792802        23.592568948918132     
   89659.419675675686        23.596194632853241     
   89659.442558558570        23.599909767653088     
   89659.465441441454        23.603711001245564     
   89659.488324324324        23.607594981556076     
   89659.511207207208        23.611558356517463     
   89659.534090090092        23.615597774055182     
   89659.556972972976        23.619709882097126     
   89659.579855855860        23.623891328571197     
   89659.602738738744        23.628138761405296     
   89659.625621621628        23.632448828527316     
   89659.648504504512        23.636818177865155     
   89659.671387387396        23.641243457346715     
   89659.694270270280        23.645721314899895     
   89659.717153153164        23.650248398452590     
   89659.740036036048        23.654821355932697     
   89659.762918918932        23.659436835268121     
   89659.785801801801        23.664091484383782     
   89659.808684684685        23.668781951213504     
   89659.831567567569        23.673504883682234     
   89659.854450450453        23.678256929717875     
   89659.877333333337        23.683034737248320     
   89659.900216216221        23.687834954201474     
   89659.923099099105        23.692654228505234     
   89659.945981981989        23.697489208087489     
   89659.968864864873        23.702336540876146     
   89659.991747747757        23.707192874799102     
   89660.014630630641        23.712054857784256     
   89660.037513513525        23.716919137759504     
   89660.060396396409        23.721782362652746     
   89660.083279279279        23.726641180388796     
   89660.106162162163        23.731492238901723     
   89660.129045045047        23.736332186116346     
   89660.151927927931        23.741157669960558     
   89660.174810810815        23.745965338362254     
   89660.197693693699        23.750751839249340     
   89660.220576576583        23.755513820549705     
   89660.243459459467        23.760247930191255     
   89660.266342342351        23.764950816101887     
   89660.289225225235        23.769619126209495     
   89660.312108108119        23.774249508441983     
   89660.334990991003        23.778838610727249     
   89660.357873873887        23.783383080993183     
   89660.380756756756        23.787879567164850     
   89660.403639639640        23.792324717175866     
   89660.426522522524        23.796715178951253     
   89660.449405405408        23.801047600418908     
   89660.472288288292        23.805318629506729     
   89660.495171171176        23.809524914142621     
   89660.518054054060        23.813663102254477     
   89660.540936936944        23.817729841770195     
   89660.563819819828        23.821721780617672     
   89660.586702702713        23.825635566724813     
   89660.609585585597        23.829467848019508     
   89660.632468468481        23.833215272429666     
   89660.655351351365        23.836874487883172     
   89660.678234234234        23.840442142305694     
   89660.701117117118        23.843914883629665     
   89660.724000000002        23.847289359780692     
   89660.746882882886        23.850562218686669     
   89660.769765765770        23.853730108275499     
   89660.792648648654        23.856789676475071     
   89660.815531531538        23.859737571213287     
   89660.838414414422        23.862570440418047     
   89660.861297297306        23.865284932017250     
   89660.884180180190        23.867877693938791     
   89660.907063063074        23.870345374110574     
   89660.929945945958        23.872684620460493     
   89660.952828828842        23.874892080916446     
   89660.975711711711        23.876964403405061     
   89660.998594594595        23.878898235856870     
   89661.021477477479        23.880690226198411     
   89661.044360360363        23.882337022357582     
   89661.067243243248        23.883835272262285     
   89661.090126126132        23.885181623840413     
   89661.113009009016        23.886372725019868     
   89661.135891891900        23.887405223728546     
   89661.158774774784        23.888275767894353     
   89661.181657657668        23.888981005445174     
   89661.204540540552        23.889517584308916     
   89661.227423423436        23.889882152413477     
   89661.250306306320        23.890072674128692     
   89661.273189189189        23.890118248432859     
   89661.296072072073        23.890079592281225     
   89661.318954954957        23.890018835751778     
   89661.341837837841        23.889996007104255     
   89661.364720720725        23.890026509114172     
   89661.387603603609        23.890083090978720     
   89661.410486486493        23.890136794710465     
   89661.433369369377        23.890158662321973     
   89661.456252252261        23.890119735825827     
   89661.479135135145        23.889991057918728     
   89661.502018018029        23.889750149219161     
   89661.524900900913        23.889396867801874     
   89661.547783783797        23.888935882909230     
   89661.570666666667        23.888371863783981     
   89661.593549549551        23.887709479667780     
   89661.616432432435        23.886953399803318     
   89661.639315315319        23.886108293432965     
   89661.662198198203        23.885178829799088     
   89661.685081081087        23.884169678144048     
   89661.707963963971        23.883085507710216     
   89661.730846846855        23.881930987739963     
   89661.753729729739        23.880710787475650     
   89661.776612612623        23.879429576159644     
   89661.799495495507        23.878092023034316     
   89661.822378378391        23.876702797342030     
   89661.845261261275        23.875266568325152     
   89661.868144144144        23.873788005227006     
   89661.891027027028        23.872271777288070     
   89661.913909909912        23.870722553751648     
   89661.936792792796        23.869145003860094     
   89661.959675675680        23.867543796855784     
   89661.982558558564        23.865923601981081     
   89662.005441441448        23.864289088478355     
   89662.028324324332        23.862644925589969     
   89662.051207207216        23.860995782558295     
   89662.074090090100        23.859346328625698     
   89662.096972972984        23.857701233034540     
   89662.119855855868        23.856065165027193     
   89662.142738738752        23.854442793846026     
   89662.165621621622        23.852838788734417     
   89662.188504504506        23.851257818932687     
   89662.211387387390        23.849704539232729     
   89662.234270270274        23.848180191960360     
   89662.257153153158        23.846678226940472     
   89662.280036036042        23.845191011335757     
   89662.302918918926        23.843710912308886     
   89662.325801801810        23.842230297022539     
   89662.348684684694        23.840741532639406     
   89662.371567567578        23.839237439528773     
   89662.394450450462        23.837720996906040     
   89662.417333333346        23.836205197806127     
   89662.440216216230        23.834703459463420     
   89662.463099099099        23.833229199113234     
   89662.485981981983        23.831795833988060     
   89662.508864864867        23.830416781323237     
   89662.531747747751        23.829103647431793     
   89662.554630630635        23.827848549808579     
   89662.577513513519        23.826631737038891     
   89662.600396396403        23.825433289265860     
   89662.623279279287        23.824233286632612     
   89662.646162162171        23.823011809282271     
   89662.669045045055        23.821748937357960     
   89662.691927927939        23.820424751002804     
   89662.714810810823        23.819021511755956     
   89662.737693693707        23.817544729254958     
   89662.760576576577        23.816013966957499     
   89662.783459459461        23.814448983532817     
   89662.806342342345        23.812869537653082     
   89662.829225225229        23.811295387989496     
   89662.852108108113        23.809746293213273     
   89662.874990990997        23.808242011995613     
   89662.897873873881        23.806802303007728     
   89662.920756756765        23.805446924920830     
   89662.943639639649        23.804195636406114     
   89662.966522522533        23.803068196134795     
   89662.989405405417        23.802084362778078     
   89663.012288288301        23.801263895007168     
   89663.035171171185        23.800626551493281     
   89663.058054054054        23.800192090907821     
   89663.080936936938        23.799980132540835     
   89663.103819819822        23.799966788128309     
   89663.126702702706        23.800024985439926     
   89663.149585585590        23.800074776379400     
   89663.172468468474        23.800112632460227     
   89663.195351351358        23.800139661063199     
   89663.218234234242        23.800156969569102     
   89663.241117117126        23.800165665358719     
   89663.264000000010        23.800166855812847     
   89663.286882882894        23.800161648312269     
   89663.309765765778        23.800151150237774     
   89663.332648648662        23.800136468970145     
   89663.355531531532        23.800118711890192     
   89663.378414414416        23.800098986378671     
   89663.401297297300        23.800078399816382     
   89663.424180180184        23.800058059584117     
   89663.447063063068        23.800039073062660     
   89663.469945945952        23.800022547632803     
   89663.492828828836        23.800009590675327     
   89663.515711711720        23.800001309571027     
   89663.538594594604        23.799998571792166     
   89663.561477477488        23.799999974509099     
   89663.584360360372        23.800002863919357     
   89663.607243243256        23.800004573166468     
   89663.630126126140        23.800002435393978     
   89663.653009009009        23.799994587962516     
   89663.675891891893        23.799990638727603     
   89663.698774774777        23.800008630789417     
   89663.721657657661        23.800057591318179     
   89663.744540540545        23.800130751376219     
   89663.767423423429        23.800219790758231     
   89663.790306306313        23.800316389258928     
   89663.813189189197        23.800412226672989     
   89663.836072072081        23.800498982795141     
   89663.858954954965        23.800568337420064     
   89663.881837837849        23.800611970342469     
   89663.904720720733        23.800621561357055     
   89663.927603603617        23.800588790258526     
   89663.950486486487        23.800505336841649     
   89663.973369369371        23.800362880901027     
   89663.996252252255        23.800153102231391     
   89664.019135135139        23.799867680627447     
   89664.042018018023        23.799498295883893     
   89664.064900900907        23.799036627795434     
   89664.087783783791        23.798474356156767     
   89664.110666666675        23.797803160762598     
   89664.133549549559        23.797014721407617     
   89664.156432432443        23.796100717886535     
   89664.179315315327        23.795052829994052     
   89664.202198198211        23.793862737524865     
   89664.225081081095        23.792522120273677     
   89664.247963963964        23.791022658036194     
   89664.270846846848        23.789356030605216     
   89664.293729729732        23.787513917776344     
   89664.316612612616        23.785487999344276     
   89664.339495495500        23.783269955103716     
   89664.362378378384        23.780851464849370     
   89664.385261261268        23.778226705007889     
   89664.408144144152        23.775418847725014     
   89664.431027027036        23.772469758951782     
   89664.453909909920        23.769421615614174     
   89664.476792792804        23.766316594638180     
   89664.499675675688        23.763196872949774     
   89664.522558558572        23.760104627474945     
   89664.545441441442        23.757082035141565     
   89664.568324324326        23.754171272871751     
   89664.591207207210        23.751414517593425     
   89664.614090090094        23.748853946232579     
   89664.636972972978        23.746531735715187     
   89664.659855855862        23.744490062967245     
   89664.682738738746        23.742771104914720     
   89664.705621621630        23.741417038483604     
   89664.728504504514        23.740470040599877     
   89664.751387387398        23.739972288189520     
   89664.774270270282        23.739965958178519     
   89664.797153153166        23.740396786887732     
   89664.820036036050        23.740657138768526     
   89664.842918918919        23.739942383818047     
   89664.865801801803        23.737687477149890     
   89664.888684684687        23.734177975221414     
   89664.911567567571        23.729887927822965     
   89664.934450450455        23.725270207918847     
   89664.957333333339        23.720699051251692     
   89664.980216216223        23.716530444482530     
   89665.003099099107        23.713120374272389     
   89665.025981981991        23.710824827282298     
   89665.048864864875        23.709999538979559     
   89665.071747747759        23.709269393866162     
   89665.094630630643        23.707069329707053     
   89665.117513513527        23.703755548725056     
   89665.140396396397        23.699688033236619     
   89665.163279279281        23.695226765550071     
   89665.186162162165        23.690731727981497     
   89665.209045045049        23.686518576383321     
   89665.231927927933        23.682607309363387     
   89665.254810810817        23.678896953840606     
   89665.277693693701        23.675286174009369     
   89665.300576576585        23.671673634064071     
   89665.323459459469        23.667961697754240     
   89665.346342342353        23.664122368598900     
   89665.369225225237        23.660189655011862     
   89665.392108108121        23.656199731529554     
   89665.414990991005        23.652188772688408     
   89665.437873873874        23.648192953027383     
   89665.460756756758        23.644248447077800     
   89665.483639639642        23.640391429378649     
   89665.506522522526        23.636652913318986     
   89665.529405405410        23.633035727016434     
   89665.552288288294        23.629533125171427     
   89665.575171171178        23.626138354632243     
   89665.598054054062        23.622844662247147     
   89665.620936936946        23.619645294864423     
   89665.643819819830        23.616533499332338     
   89665.666702702714        23.613502522499175     
   89665.689585585598        23.610545611213208     
   89665.712468468482        23.607656012322707     
   89665.735351351352        23.604826972677735     
   89665.758234234236        23.602051739122970     
   89665.781117117120        23.599323558508505     
   89665.804000000004        23.596635677682617     
   89665.826882882888        23.593981343493578     
   89665.849765765772        23.591353802789666     
   89665.872648648656        23.588746302419157     
   89665.895531531540        23.586152089230321     
   89665.918414414424        23.583564410071439     
   89665.941297297308        23.580976511790784     
   89665.964180180192        23.578381641236632     
   89665.987063063076        23.575773045257257     
   89666.009945945960        23.573143970700940     
   89666.032828828829        23.570487664417644     
   89666.055711711713        23.567800071493224     
   89666.078594594597        23.565095982189113     
   89666.101477477481        23.562398222457471     
   89666.124360360365        23.559729648139633     
   89666.147243243249        23.557113115076952     
   89666.170126126133        23.554571479110759     
   89666.193009009017        23.552127596082411     
   89666.215891891901        23.549804321833246     
   89666.238774774785        23.547624512204614     
   89666.261657657669        23.545611023037850     
   89666.284540540553        23.543786710174302     
   89666.307423423437        23.542174429455322     
   89666.330306306307        23.540797036723042     
   89666.353189189191        23.539677210147158     
   89666.376072072075        23.538825334963494     
   89666.398954954959        23.538231739041674     
   89666.421837837843        23.537884902048638     
   89666.444720720727        23.537773303651335     
   89666.467603603611        23.537885423516705     
   89666.490486486495        23.538209741311704     
   89666.513369369379        23.538734736703269     
   89666.536252252263        23.539448889358351     
   89666.559135135147        23.540340678943892     
   89666.582018018031        23.541398585126831     
   89666.604900900915        23.542611087574123     
   89666.627783783784        23.543966665951807     
   89666.650666666668        23.545453799928552     
   89666.673549549552        23.547060969170492     
   89666.696432432436        23.548776653344564     
   89666.719315315320        23.550589385122770     
   89666.742198198204        23.552491213888786     
   89666.765081081088        23.554479842703152     
   89666.787963963972        23.556553485461055     
   89666.810846846856        23.558710356057681     
   89666.833729729740        23.560948668388217     
   89666.856612612624        23.563266636347848     
   89666.879495495508        23.565662473831757     
   89666.902378378392        23.568134394735132     
   89666.925261261262        23.570680612951513     
   89666.948144144146        23.573299342379322     
   89666.971027027030        23.575988796912149     
   89666.993909909914        23.578747190445185     
   89667.016792792798        23.581572736873614     
   89667.039675675682        23.584463650092616     
   89667.062558558566        23.587418143997379     
   89667.085441441450        23.590434432483089     
   89667.108324324334        23.593510729444930     
   89667.131207207218        23.596645248778081     
   89667.154090090102        23.599836204377738     
   89667.176972972986        23.603081810139081     
   89667.199855855870        23.606380279957296     
   89667.222738738739        23.609729827725420     
   89667.245621621623        23.613128667342899     
   89667.268504504507        23.616575012702807     
   89667.291387387391        23.620067077700327     
   89667.314270270275        23.623603076230648     
   89667.337153153159        23.627181222188945     
   89667.360036036043        23.630799735324729     
   89667.382918918927        23.634457809452606     
   89667.405801801811        23.638156693200436     
   89667.428684684695        23.641897895747782     
   89667.451567567579        23.645682926274208     
   89667.474450450463        23.649513293959281     
   89667.497333333347        23.653390507982550     
   89667.520216216217        23.657316077521084     
   89667.543099099101        23.661291511759430     
   89667.565981981985        23.665318319874672     
   89667.588864864869        23.669398011046368     
   89667.611747747753        23.673532094454089     
   89667.634630630637        23.677722079277395     
   89667.657513513521        23.681969474695851     
   89667.680396396405        23.686275789889017     
   89667.703279279289        23.690642534036460     
   89667.726162162173        23.695071216317743     
   89667.749045045057        23.699563345912427     
   89667.771927927941        23.704120432000074     
   89667.794810810825        23.708743983760257     
   89667.817693693694        23.713435510369521     
   89667.840576576578        23.718196521013404     
   89667.863459459462        23.723028524868507     
   89667.886342342346        23.727933031114389     
   89667.909225225230        23.732911548930623     
   89667.932108108114        23.737965587496760     
   89667.954990990998        23.743096655992368     
   89667.977873873882        23.748306263597016     
   89668.000756756766        23.753595919490259     
   89668.023639639650        23.758967132851662     
   89668.046522522534        23.764417336698930     
   89668.069405405418        23.769914736128651     
   89668.092288288302        23.775414779316709     
   89668.115171171172        23.780872861259233     
   89668.138054054056        23.786244376962777     
   89668.160936936940        23.791484721423430     
   89668.183819819824        23.796549289640772     
   89668.206702702708        23.801393744200848     
   89668.229585585592        23.805995689365069     
   89668.252468468476        23.810370640832208     
   89668.275351351360        23.814537878428439     
   89668.298234234244        23.818516681979943     
   89668.321117117128        23.822326331312901     
   89668.344000000012        23.825986106253495     
   89668.366882882896        23.829515286627906     
   89668.389765765780        23.832933152262310     
   89668.412648648649        23.836258982980798     
   89668.435531531533        23.839512058613767     
   89668.458414414417        23.842708936702238     
   89668.481297297301        23.845848912635351     
   89668.504180180185        23.848924536685324     
   89668.527063063069        23.851928343601436     
   89668.549945945953        23.854852868132980     
   89668.572828828837        23.857690645029244     
   89668.595711711721        23.860434209039514     
   89668.618594594605        23.863076094913072     
   89668.641477477489        23.865608837399211     
   89668.664360360373        23.868024971247216     
   89668.687243243257        23.870317036399026     
   89668.710126126127        23.872480266439169     
   89668.733009009011        23.874516986014434     
   89668.755891891895        23.876430672826807     
   89668.778774774779        23.878224804579677     
   89668.801657657663        23.879902858976433     
   89668.824540540547        23.881468313720472     
   89668.847423423431        23.882924646515185     
   89668.870306306315        23.884275335063958     
   89668.893189189199        23.885523857070194     
   89668.916072072083        23.886673690237274     
   89668.938954954967        23.887728312268599     
   89668.961837837851        23.888691200867552     
   89668.984720720735        23.889565833737535     
   89669.007603603604        23.890355639746282     
   89669.030486486488        23.891062705016125     
   89669.053369369372        23.891687638288776     
   89669.076252252256        23.892230972467747     
   89669.099135135140        23.892693240456563     
   89669.122018018024        23.893074975158747     
   89669.144900900908        23.893376709477810     
   89669.167783783792        23.893598976317275     
   89669.190666666676        23.893742308580666     
   89669.213549549560        23.893807239171501     
   89669.236432432444        23.893794300993292     
   89669.259315315328        23.893704026949578     
   89669.282198198212        23.893536949943858     
   89669.305081081082        23.893293602879844     
   89669.327963963966        23.892974518660736     
   89669.350846846850        23.892580230190191     
   89669.373729729734        23.892111270371728     
   89669.396612612618        23.891568172108869     
   89669.419495495502        23.890951468305129     
   89669.442378378386        23.890261691864033     
   89669.465261261270        23.889499375689098     
   89669.488144144154        23.888665052683841     
   89669.511027027038        23.887759255751785     
   89669.533909909922        23.886782517796451     
   89669.556792792806        23.885735371721356     
   89669.579675675690        23.884618350430021     
   89669.602558558559        23.883431986826746     
   89669.625441441443        23.882176813813537     
   89669.648324324327        23.880853364294644     
   89669.671207207211        23.879462171173593     
   89669.694090090095        23.878003767353906     
   89669.716972972979        23.876478685739094     
   89669.739855855863        23.874887459232678     
   89669.762738738747        23.873230620738184     
   89669.785621621631        23.871508703159126     
   89669.808504504515        23.869722263443020     
   89669.831387387399        23.867882026341931     
   89669.854270270283        23.866024621103815     
   89669.877153153167        23.864190742148686     
   89669.900036036037        23.862421083897662     
   89669.922918918921        23.860756340768496     
   89669.945801801805        23.859235376526975     
   89669.968684684689        23.857857907321403     
   89669.991567567573        23.856586077462428     
   89670.014450450457        23.855380515927855     
   89670.037333333341        23.854201851695482     
   89670.060216216225        23.853010713743117     
   89670.083099099109        23.851767731048554     
   89670.105981981993        23.850433532589598     
   89670.128864864877        23.848971895089928     
   89670.151747747761        23.847379863853803     
   89670.174630630645        23.845674468091268     
   89670.197513513514        23.843873009493116     
   89670.220396396398        23.841992789746669     
   89670.243279279282        23.840051110542667     
   89670.266162162166        23.838065273570727     
   89670.289045045050        23.836052580520477     
   89670.311927927934        23.834030333081536     
   89670.334810810818        23.832015832943526     
   89670.357693693702        23.830026381796074     
   89670.380576576586        23.828076849054458     
   89670.403459459470        23.826171976347432     
   89670.426342342354        23.824313869634075     
   89670.449225225238        23.822504634867386     
   89670.472108108108        23.820746378001466     
   89670.494990990992        23.819041204987087     
   89670.517873873876        23.817391221778387     
   89670.540756756760        23.815798534328358     
   89670.563639639644        23.814265248590011     
   89670.586522522528        23.812793470516347     
   89670.609405405412        23.811385306060366     
   89670.632288288296        23.810042861175074     
   89670.655171171180        23.808768241813461     
   89670.678054054064        23.807563553928546     
   89670.700936936948        23.806430903473320     
   89670.723819819832        23.805372396400788     
   89670.746702702716        23.804390138663955     
   89670.769585585585        23.803486236216365     
   89670.792468468469        23.802662795009880     
   89670.815351351353        23.801921920998094     
   89670.838234234237        23.801265720134012     
   89670.861117117121        23.800696298370632     
   89670.884000000005        23.800215761660965     
   89670.906882882889        23.799826041453937     
   89670.929765765773        23.799524555225659     
   89670.952648648657        23.799303909642376     
   89670.975531531541        23.799156477423381     
   89670.998414414425        23.799074631287944     
   89671.021297297310        23.799050743955352     
   89671.044180180194        23.799077188144892     
   89671.067063063063        23.799146336575788     
   89671.089945945947        23.799250561967412     
   89671.112828828831        23.799382237039012     
   89671.135711711715        23.799533734509875     
   89671.158594594599        23.799697427099286     
   89671.181477477483        23.799865687526520     
   89671.204360360367        23.800030869412264     
   89671.227243243251        23.800180744648976     
   89671.250126126135        23.800292587737708     
   89671.273009009019        23.800342209200352     
   89671.295891891903        23.800305419558811     
   89671.318774774787        23.800158029334980     
   89671.341657657671        23.799876250425019     
   89671.364540540540        23.799454096106452     
   89671.387423423424        23.798910062844119     
   89671.410306306308        23.798264427537042     
   89671.433189189192        23.797537467084002     
   89671.456072072076        23.796749458383793     
   89671.478954954960        23.795920678335211     
   89671.501837837845        23.795071403837042     
   89671.524720720729        23.794221911788078     
   89671.547603603613        23.793392479087110     
   89671.570486486497        23.792603382632926     
   89671.593369369381        23.791874899324320     
   89671.616252252265        23.791227306060087     
   89671.639135135149        23.790680879739007     
   89671.662018018018        23.790255897260106     
   89671.684900900902        23.789972618206317     
   89671.707783783786        23.789839213161603     
   89671.730666666670        23.789830624604413     
   89671.753549549554        23.789916135915369     
   89671.776432432438        23.790065030475105     
   89671.799315315322        23.790246591664236     
   89671.822198198206        23.790430102863390     
   89671.845081081090        23.790584847453196     
   89671.867963963974        23.790680108814279     
   89671.890846846858        23.790685170327254     
   89671.913729729742        23.790569315372757     
   89671.936612612626        23.790301827331405     
   89671.959495495496        23.789852178797126     
   89671.982378378380        23.789206591936125     
   89672.005261261264        23.788380947821114     
   89672.028144144148        23.787394165912154     
   89672.051027027032        23.786265165669271     
   89672.073909909916        23.785012866552524     
   89672.096792792800        23.783656188021951     
   89672.119675675684        23.782214049537608     
   89672.142558558568        23.780705370559524     
   89672.165441441452        23.779148668095726     
   89672.188324324336        23.777554857605391     
   89672.211207207220        23.775928072445591     
   89672.234090090104        23.774272208079466     
   89672.256972972973        23.772591159971228     
   89672.279855855857        23.770888823581874     
   89672.302738738741        23.769169094375599     
   89672.325621621625        23.767435867815532     
   89672.348504504509        23.765693039364816     
   89672.371387387393        23.763944504486581     
   89672.394270270277        23.762194158643965     
   89672.417153153161        23.760445897300098     
   89672.440036036045        23.758702339725172     
   89672.462918918929        23.756954790949781     
   89672.485801801813        23.755188641609998     
   89672.508684684697        23.753389230750653     
   89672.531567567581        23.751541897416594     
   89672.554450450451        23.749631980653902     
   89672.577333333335        23.747644819504998     
   89672.600216216219        23.745565753015910     
   89672.623099099103        23.743380120231478     
   89672.645981981987        23.741073260196551     
   89672.668864864871        23.738630511955964     
   89672.691747747755        23.736037214554564     
   89672.714630630639        23.733278707037179     
   89672.737513513523        23.730340328448669     
   89672.760396396407        23.727207417833863     
   89672.783279279291        23.723865314237603     
   89672.806162162175        23.720299356704732     
   89672.829045045059        23.716494884280095     
   89672.851927927928        23.712437236011191     
   89672.874810810812        23.708112661036395     
   89672.897693693696        23.703537447616245     
   89672.920576576580        23.698764069855059     
   89672.943459459464        23.693847154674032     
   89672.966342342348        23.688841328994364     
   89672.989225225232        23.683801219737248     
   89673.012108108116        23.678781453823881     
   89673.034990991000        23.673836658175457     
   89673.057873873884        23.669021459713179     
   89673.080756756768        23.664390485358233     
   89673.103639639652        23.659998362031814     
   89673.126522522536        23.655899716655131     
   89673.149405405406        23.652149176151632     
   89673.172288288290        23.648801367437720     
   89673.195171171174        23.645910917437085     
   89673.218054054058        23.643532453070929     
   89673.240936936942        23.641720601260449     
   89673.263819819826        23.640529988926833     
   89673.286702702710        23.640015242991282     
   89673.309585585594        23.640076672342314     
   89673.332468468478        23.639683879215852     
   89673.355351351362        23.638157860089652     
   89673.378234234246        23.635620056007909     
   89673.401117117130        23.632234108614089     
   89673.424000000014        23.628163659551646     
   89673.446882882883        23.623572350467086     
   89673.469765765767        23.618623822997939     
   89673.492648648651        23.613481718790442     
   89673.515531531535        23.608309679488045     
   89673.538414414419        23.603271346734214     
   89673.561297297303        23.598529316505079     
   89673.584180180187        23.594176394502909     
   89673.607063063071        23.590192950222502     
   89673.629945945955        23.586549165443689     
   89673.652828828839        23.583215221946286     
   89673.675711711723        23.580161301510124     
   89673.698594594607        23.577357585915031     
   89673.721477477491        23.574774256940820     
   89673.744360360361        23.572381496368799     
   89673.767243243245        23.570149485975755     
   89673.790126126129        23.568048407543092     
   89673.813009009013        23.566048442850636     
   89673.835891891897        23.564119773678215     
   89673.858774774781        23.562232581805645     
   89673.881657657665        23.560357049012762     
   89673.904540540549        23.558467689753538     
   89673.927423423433        23.556570007773271     
   89673.950306306317        23.554683002562893     
   89673.973189189201        23.552825729275607     
   89673.996072072085        23.551017243064621     
   89674.018954954969        23.549276599083136     
   89674.041837837838        23.547622852485386     
   89674.064720720722        23.546075058422453     
   89674.087603603606        23.544652272048637     
   89674.110486486490        23.543373548517135     
   89674.133369369374        23.542257942981156     
   89674.156252252258        23.541324510593906     
   89674.179135135142        23.540592306508593     
   89674.202018018026        23.540080385878422     
   89674.224900900910        23.539801110055620     
   89674.247783783794        23.539714454704736     
   89674.270666666678        23.539755725141461     
   89674.293549549562        23.539860082385403     
   89674.316432432446        23.539962687456153     
   89674.339315315316        23.539999021605244     
   89674.362198198200        23.539983461714240     
   89674.385081081084        23.540101230935420     
   89674.407963963968        23.540432549338114     
   89674.430846846852        23.540971708166015     
   89674.453729729736        23.541711486862692     
   89674.476612612620        23.542644664871681     
   89674.499495495504        23.543764021636537     
   89674.522378378388        23.545062336600807     
   89674.545261261272        23.546532389208039     
   89674.568144144156        23.548166958901788     
   89674.591027027040        23.549958825125593     
   89674.613909909924        23.551900767323009     
   89674.636792792793        23.553985564936212     
   89674.659675675677        23.556205997411418     
   89674.682558558561        23.558554844190880     
   89674.705441441445        23.561024884718158     
   89674.728324324329        23.563608898436794     
   89674.751207207213        23.566299664790343     
   89674.774090090097        23.569089963222346     
   89674.796972972981        23.571972573176364     
   89674.819855855865        23.574940274095937     
   89674.842738738749        23.577985845424614     
   89674.865621621633        23.581102066605951     
   89674.888504504517        23.584281717083492     
   89674.911387387401        23.587517576300783     
   89674.934270270271        23.590802423699277     
   89674.957153153155        23.594129038726702     
   89674.980036036039        23.597490200824531     
   89675.002918918923        23.600878728607249     
   89675.025801801807        23.604291797320791     
   89675.048684684691        23.607734844859710     
   89675.071567567575        23.611214231304967     
   89675.094450450459        23.614736316737513     
   89675.117333333343        23.618307461238317     
   89675.140216216227        23.621934024888319     
   89675.163099099111        23.625622367768486     
   89675.185981981995        23.629378849959771     
   89675.208864864879        23.633209831543130     
   89675.231747747748        23.637121672597004     
   89675.254630630632        23.641120733207323     
   89675.277513513516        23.645213373452581     
   89675.300396396400        23.649405953413734     
   89675.323279279284        23.653704833171737     
   89675.346162162168        23.658116372807552     
   89675.369045045052        23.662646932402126     
   89675.391927927936        23.667302872036419     
   89675.414810810820        23.672090551791392     
   89675.437693693704        23.677016331747996     
   89675.460576576588        23.682086571987188     
   89675.483459459472        23.687307632589928     
   89675.506342342356        23.692685111415830     
   89675.529225225226        23.698206713513358     
   89675.552108108110        23.703842047842659     
   89675.574990990994        23.709559920472174     
   89675.597873873878        23.715329137473809     
   89675.620756756762        23.721118504919485     
   89675.643639639646        23.726896828881102     
   89675.666522522530        23.732632915430564     
   89675.689405405414        23.738295570639796     
   89675.712288288298        23.743853600580699     
   89675.735171171182        23.749275811325177     
   89675.758054054066        23.754531008945147     
   89675.780936936950        23.759587999512512     
   89675.803819819834        23.764415589099190     
   89675.826702702703        23.768982583774271     
   89675.849585585587        23.773257789615485     
   89675.872468468471        23.777210012691757     
   89675.895351351355        23.780808374777703     
   89675.918234234239        23.784067102579726     
   89675.941117117123        23.787092007108242     
   89675.964000000007        23.789999999999999     
