   83223.985000000001        23.960000000000001     
   83224.023470470478        23.952620284605850     
   83224.061940940941        23.945188801814872     
   83224.100411411418        23.937653784221808     
   83224.138881881881        23.929963464432760     
   83224.177352352359        23.922066075042252     
   83224.215822822822        23.913909848656665     
   83224.254293293299        23.905443017870184     
   83224.292763763762        23.896613815289609     
   83224.331234234240        23.887370473508621     
   83224.369704704703        23.877661225134602     
   83224.408175175180        23.867434302760575     
   83224.446645645643        23.856637938994663     
   83224.485116116120        23.845220366429061     
   83224.523586586583        23.833140827724996     
   83224.562057057061        23.820551624248051     
   83224.600527527524        23.807769634046881     
   83224.638997998001        23.795117003257321     
   83224.677468468464        23.782915878034295     
   83224.715938938942        23.771423043252835     
   83224.754409409405        23.760330625887072     
   83224.792879879882        23.749041796258137     
   83224.831350350345        23.736959446495561     
   83224.869820820822        23.723753435507938     
   83224.908291291285        23.709622113197607     
   83224.946761761763        23.694825969240821     
   83224.985232232226        23.679625493335593     
   83225.023702702703        23.664281175157374     
   83225.062173173181        23.649053504398886     
   83225.100643643644        23.634202970752678     
   83225.139114114121        23.619990063894463     
   83225.177584584584        23.606675273521819     
   83225.216055055062        23.594519089311618     
   83225.254525525525        23.583782000959879     
   83225.292995996002        23.574724498145429     
   83225.331466466465        23.567607070561941     
   83225.369936936942        23.562690207890984     
   83225.408407407405        23.560234399823088     
   83225.446877877883        23.558939469848529     
   83225.485348348346        23.551303239421429     
   83225.523818818823        23.538650764996788     
   83225.562289289286        23.523774938558159     
   83225.600759759764        23.509264386265539     
   83225.639230230227        23.495915439312931     
   83225.677700700704        23.483595436800094     
   83225.716171171167        23.472163854761547     
   83225.754641641644        23.461480169213765     
   83225.793112112107        23.451403856190034     
   83225.831582582585        23.441794391707852     
   83225.870053053048        23.432511251799685     
   83225.908523523525        23.423413912483646     
   83225.946993993988        23.414361849791803     
   83225.985464464466        23.405214539742445     
   83226.023934934929        23.395834393707066     
   83226.062405405406        23.386174874826008     
   83226.100875875884        23.376295885408517     
   83226.139346346346        23.366263364118876     
   83226.177816816824        23.356143249609921     
   83226.216287287287        23.346001480549717     
   83226.254757757764        23.335903995591021     
   83226.293228228227        23.325916733401883     
   83226.331698698705        23.316105632635185     
   83226.370169169168        23.306536631958746     
   83226.408639639645        23.297275670025769     
   83226.447110110108        23.288388502502727     
   83226.485580580586        23.279893404075693     
   83226.524051051048        23.271698092440140     
   83226.562521521526        23.263694582827203     
   83226.600991991989        23.255774890480339     
   83226.639462462466        23.247831268755711     
   83226.677932932929        23.239779380171193     
   83226.716403403407        23.231577700871263     
   83226.754873873870        23.223189275260026     
   83226.793344344347        23.214577147729003     
   83226.831814814810        23.205704362682596     
   83226.870285285288        23.196533964511964     
   83226.908755755750        23.187028997621933     
   83226.947226226228        23.177152506403189     
   83226.985696696691        23.166867535261087     
   83227.024167167168        23.156137128585723     
   83227.062637637631        23.144924330783098     
   83227.101108108109        23.133213665384432     
   83227.139578578586        23.121345634707787     
   83227.178049049049        23.109874566665273     
   83227.216519519527        23.098915947429560     
   83227.254989989990        23.088427935881668     
   83227.293460460467        23.078368517796626     
   83227.331930930930        23.068695678965049     
   83227.370401401407        23.059367405162600     
   83227.408871871870        23.050341682179329     
   83227.447342342348        23.041576495791386     
   83227.485812812811        23.033029831788404     
   83227.524283283288        23.024659675946893     
   83227.562753753751        23.016424014056184     
   83227.601224224229        23.008280831893025     
   83227.639694694692        23.000188115246573     
   83227.678165165169        22.992103849893688     
   83227.716635635632        22.983986021623476     
   83227.755106106109        22.975792616212782     
   83227.793576576572        22.967481619450798     
   83227.832047047050        22.959011017114214     
   83227.870517517513        22.950338794992440     
   83227.908987987990        22.941435174689275     
   83227.947458458453        22.932325324813164     
   83227.985928928931        22.923049831286896     
   83228.024399399394        22.913649280834960     
   83228.062869869871        22.904164260167740     
   83228.101340340334        22.894635356009879     
   83228.139810810811        22.885103155071661     
   83228.178281281289        22.875608244074190     
   83228.216751751752        22.866191209738510     
   83228.255222222229        22.856892638774994     
   83228.293692692692        22.847753117908141     
   83228.332163163170        22.838813232864243     
   83228.370633633633        22.830112979253013     
   83228.409104104110        22.821690765122398     
   83228.447574574573        22.813577813438602     
   83228.486045045051        22.805753327288656     
   83228.524515515513        22.798172849318981     
   83228.562985985991        22.790791802962445     
   83228.601456456454        22.783565611663281     
   83228.639926926931        22.776449698854634     
   83228.678397397394        22.769399487980518     
   83228.716867867872        22.762370402474225     
   83228.755338338335        22.755317865779705     
   83228.793808808812        22.748197301330240     
   83228.832279279275        22.740964132569850     
   83228.870749749753        22.733573782931682     
   83228.909220220216        22.725993689779639     
   83228.947690690693        22.718437023253696     
   83228.986161161156        22.711346806488766     
   83229.024631631633        22.705105456225560     
   83229.063102102096        22.699575939315622     
   83229.101572572574        22.694385937019199     
   83229.140043043037        22.689162387417358     
   83229.178513513514        22.683698629120457     
   83229.216983983992        22.678207199191995     
   83229.255454454455        22.672965615479143     
   83229.293924924932        22.668248210536781     
   83229.332395395395        22.664196202364696     
   83229.370865865872        22.660772315568185     
   83229.409336336335        22.657926768186442     
   83229.447806806813        22.655609778253890     
   83229.486277277276        22.653771563808881     
   83229.524747747753        22.652362342886605     
   83229.563218218216        22.651332333524728     
   83229.601688688694        22.650631753759043     
   83229.640159159157        22.650210821626690     
   83229.678629629634        22.650019755163921     
   83229.717100100097        22.650012392359201     
   83229.755570570574        22.650179367729507     
   83229.794041041037        22.650532765156871     
   83229.832511511515        22.651084935894488     
   83229.870981981978        22.651848231194851     
   83229.909452452455        22.652835002311477     
   83229.947922922918        22.654057600496529     
   83229.986393393396        22.655528377003865     
   83230.024863863859        22.657259683085293     
   83230.063334334336        22.659263869995048     
   83230.101804804799        22.661553288984535     
   83230.140275275277        22.664140291308414     
   83230.178745745739        22.667037228217644     
   83230.217216216217        22.670256450967344     
   83230.255686686694        22.673810310809415     
   83230.294157157157        22.677711158995244     
   83230.332627627635        22.681971346780699     
   83230.371098098098        22.686603225415489     
   83230.409568568575        22.691619146156039     
   83230.448039039038        22.697031460251480     
   83230.486509509516        22.702852225951379     
   83230.524979979979        22.709086125599470     
   83230.563450450456        22.715730093551823     
   83230.601920920919        22.722780696670906     
   83230.640391391396        22.730234501829536     
   83230.678861861859        22.738088075889571     
   83230.717332332337        22.746337985724438     
   83230.755802802800        22.754980798195390     
   83230.794273273277        22.764013080176454     
   83230.832743743740        22.773431398528288     
   83230.871214214218        22.783232320125514     
   83230.909684684681        22.793412411828193     
   83230.948155155158        22.803968240511530     
   83230.986625625621        22.814896373035022     
   83231.025096096098        22.826193376274436     
   83231.063566566561        22.837855817088702     
   83231.102037037039        22.849880262354148     
   83231.140507507502        22.862263278929163     
   83231.178977977979        22.875001352256394     
   83231.217448448442        22.888087593062600     
   83231.255918918920        22.901510603385070     
   83231.294389389397        22.915258671025740     
   83231.332859859860        22.929320083786038     
   83231.371330330338        22.943683129483425     
   83231.409800800800        22.958336095913857     
   83231.448271271278        22.973267270895235     
   83231.486741741741        22.988464942223089     
   83231.525212212218        23.003917397715732     
   83231.563682682681        23.019612925168300     
   83231.602153153159        23.035539812399481     
   83231.640623623622        23.051686347204047     
   83231.679094094099        23.068040817401037     
   83231.717564564562        23.084591510784900     
   83231.756035035040        23.101326715237814     
   83231.794505505502        23.118234879088728     
   83231.832975975980        23.135304958023742     
   83231.871446446443        23.152526007720549     
   83231.909916916920        23.169887083882770     
   83231.948387387383        23.187377242187875     
   83231.986857857861        23.204985538339688     
   83232.025328328324        23.222701028015504     
   83232.063798798801        23.240512766919309     
   83232.102269269264        23.258409810728232     
   83232.140739739742        23.276381215146419     
   83232.179210210204        23.294416035850865     
   83232.217680680682        23.312503328545823     
   83232.256151151145        23.330632148908201     
   83232.294621621622        23.348791552642322     
   83232.333092092100        23.366970595431919     
   83232.371562562563        23.385158332960710     
   83232.410033033040        23.403343820933053     
   83232.448503503503        23.421516115025792     
   83232.486973973981        23.439664270943268     
   83232.525444444444        23.457777344362363     
   83232.563914914921        23.475844390987369     
   83232.602385385384        23.493854466495229     
   83232.640855855861        23.511796626590151     
   83232.679326326324        23.529659926949176     
   83232.717796796802        23.547433423276413     
   83232.756267267265        23.565106171249013     
   83232.794737737742        23.582667226570955     
   83232.833208208205        23.600105644919545     
   83232.871678678683        23.617410481998572     
   83232.910149149146        23.634570793485555     
   83232.948619619623        23.651575635084072     
   83232.987090090086        23.668414062471854     
   83233.025560560563        23.685075131352246     
   83233.064031031026        23.701547897403241     
   83233.102501501504        23.717821416327901     
   83233.140971971967        23.733884743804513     
   83233.179442442444        23.749726935535826     
   83233.217912912907        23.765337047200465     
   83233.256383383385        23.780704134500830     
   83233.294853853848        23.795817253115903     
   83233.333324324325        23.810665458747710     
   83233.371794794803        23.825237807081081     
   83233.410265265265        23.839523353801262     
   83233.448735735743        23.853510861467040     
   83233.487206206206        23.867154678996283     
   83233.525676676683        23.880342879867591     
   83233.564147147146        23.892956000614056     
   83233.602617617624        23.904874577788252     
   83233.641088088087        23.915984345691069     
   83233.679558558564        23.926267342399637     
   83233.718029029027        23.935790532002400     
   83233.756499499505        23.944623789541563     
   83233.794969969967        23.952836990045419     
   83233.833440440445        23.960500008555201     
   83233.871910910908        23.967682720100072     
   83233.910381381385        23.974454999720475     
   83233.948851851848        23.980886722446265     
   83233.987322322326        23.987047763317317     
   83234.025792792789        23.993007997363939     
   83234.064263263266        23.998837299625652     
   83234.102733733729        24.004562998719415     
   83234.141204204207        24.009896857122015     
   83234.179674674670        24.014481656797983     
   83234.218145145147        24.018269763363367     
   83234.256615615610        24.021296071494714     
   83234.295086086087        24.023595476560743     
   83234.333556556550        24.025202873926155     
   83234.372027027028        24.026153158958593     
   83234.410497497505        24.026481227023780     
   83234.448967967968        24.026221973488362     
   83234.487438438446        24.025410293718590     
   83234.525908908909        24.024081083081498     
   83234.564379379386        24.022269236942520     
   83234.602849849849        24.020009650669451     
   83234.641320320326        24.017332775832028     
   83234.679790790789        24.014251079469126     
   83234.718261261267        24.010772479528033     
   83234.756731731730        24.006904893960719     
   83234.795202202207        24.002656240713605     
   83234.833672672670        23.998034437739243     
   83234.872143143148        23.993047402983482     
   83234.910613613611        23.987703054399436     
   83234.949084084088        23.982009309932401     
   83234.987554554551        23.975974087536034     
   83235.026025025029        23.969605305155110     
   83235.064495495491        23.962910880743785     
   83235.102965965969        23.955898732246347     
   83235.141436436432        23.948576777617426     
   83235.179906906909        23.940952934800841     
   83235.218377377372        23.933035121751701     
   83235.256847847850        23.924831256413349     
   83235.295318318313        23.916349256741345     
   83235.333788788790        23.907597040678606     
   83235.372259259253        23.898582526181102     
   83235.410729729731        23.889313631191349     
   83235.449200200208        23.879798273662065     
   83235.487670670671        23.870044371546324     
   83235.526141141148        23.860059842786093     
   83235.564611611611        23.849852605338267     
   83235.603082082089        23.839430577429862     
   83235.641552552552        23.828803784862831     
   83235.680023023029        23.817989423806541     
   83235.718493493492        23.807006213969029     
   83235.756963963970        23.795872875041873     
   83235.795434434433        23.784608126733350     
   83235.833904904910        23.773230688734820     
   83235.872375375373        23.761759280754752     
   83235.910845845850        23.750212622484351     
   83235.949316316313        23.738609433632210     
   83235.987786786791        23.726968433889425     
   83236.026257257254        23.715308342964676     
   83236.064727727731        23.703647880549013     
   83236.103198198194        23.692005766351123     
   83236.141668668672        23.680400720062075     
   83236.180139139135        23.668848318733907     
   83236.218609609612        23.657350192537344     
   83236.257080080075        23.645904104033303     
   83236.295550550552        23.634507815620573     
   83236.334021021015        23.623159089715223     
   83236.372491491493        23.611855688716123     
   83236.410961961956        23.600595375039280     
   83236.449432432433        23.589375550520728     
   83236.487902902911        23.578191925885193     
   83236.526373373374        23.567039716482430     
   83236.564843843851        23.555914137586445     
   83236.603314314314        23.544810404488096     
   83236.641784784792        23.533724125034635     
   83236.680255255254        23.522657643824605     
   83236.718725725732        23.511618971365547     
   83236.757196196195        23.500616294579444     
   83236.795666666672        23.489657800371639     
   83236.834137137135        23.478751675664054     
   83236.872607607613        23.467906107362101     
   83236.911078078076        23.457129282387623     
   83236.949548548553        23.446429387646120     
   83236.988019019016        23.435814610059332     
   83237.026489489494        23.425293136532879     
   83237.064959959956        23.414873153988367     
   83237.103430430434        23.404562849331565     
   83237.141900900897        23.394370409483916     
   83237.180371371374        23.384304021351362     
   83237.218841841837        23.374371871855164     
   83237.257312312315        23.364582147901459     
   83237.295782782778        23.354943036411299     
   83237.334253253255        23.345462724291039     
   83237.372723723718        23.336149398461501     
   83237.411194194196        23.327011245829286     
   83237.449664664658        23.318056453314956     
   83237.488135135136        23.309293198836698     
   83237.526605605613        23.300708688355293     
   83237.565076076076        23.292224331767294     
   83237.603546546554        23.283748669651185     
   83237.642017017017        23.275190242598317     
   83237.680487487494        23.266458932024427     
   83237.718957957957        23.257515958181784     
   83237.757428428435        23.248388780943475     
   83237.795898898898        23.239109241994424     
   83237.834369369375        23.229709183005639     
   83237.872839839838        23.220220445662246     
   83237.911310310315        23.210674871635103     
   83237.949780780778        23.201104302609444     
   83237.988251251256        23.191540580256056     
   83238.026721721719        23.182015546260196     
   83238.065192192196        23.172561042292685     
   83238.103662662659        23.163208910038694     
   83238.142133133137        23.153990991169181     
   83238.180603603600        23.144934975902537     
   83238.219074074077        23.135995894693931     
   83238.257544544540        23.127066909460900     
   83238.296015015017        23.118039206383727     
   83238.334485485480        23.108803971656354     
   83238.372955955958        23.099252409953653     
   83238.411426426421        23.089326560255255     
   83238.449896896898        23.079130151937353     
   83238.488367367361        23.068798989901193     
   83238.526837837839        23.058468879032567     
   83238.565308308316        23.048275624229028     
   83238.603778778779        23.038355030387905     
   83238.642249249257        23.028842902395301     
   83238.680719719719        23.019875045151952     
   83238.719190190197        23.011587263544680     
   83238.757660660660        23.003951611144821     
   83238.796131131137        22.995763972560518     
   83238.834601601600        22.986335108647339     
   83238.873072072078        22.976047841259831     
   83238.911542542541        22.965332317245188     
   83238.950013013018        22.954618683434930     
   83238.988483483481        22.944321870517989     
   83239.026953953959        22.934586966023893     
   83239.065424424422        22.925327405545140     
   83239.103894894899        22.916449102544572     
   83239.142365365362        22.907857970498810     
   83239.180835835839        22.899459922871209     
   83239.219306306302        22.891160873138023     
   83239.257776776780        22.882866734762832     
   83239.296247247243        22.874490274578410     
   83239.334717717720        22.866027010528725     
   83239.373188188183        22.857527185249104     
   83239.411658658661        22.849028390034498     
   83239.450129129124        22.840544522146956     
   83239.488599599601        22.832087109214854     
   83239.527070070064        22.823667678879353     
   83239.565540540541        22.815297758768878     
   83239.604011011019        22.806988876521409     
   83239.642481481482        22.798752559774830     
   83239.680951951959        22.790600336157695     
   83239.719422422422        22.782543733310952     
   83239.757892892900        22.774594278863283     
   83239.796363363363        22.766763500455493     
   83239.834833833840        22.759062925716435     
   83239.873304304303        22.751504082286708     
   83239.911774774780        22.744098497795388     
   83239.950245245243        22.736857699882851     
   83239.988715715721        22.729793216178400     
   83240.027186186184        22.722916574322163     
   83240.065656656661        22.716239301943720     
   83240.104127127124        22.709772926682898     
   83240.142597597602        22.703528976169594     
   83240.181068068065        22.697519113073181     
   83240.219538538542        22.691759740122134     
   83240.258009009005        22.686273138181441     
   83240.296479479483        22.681081954058364     
   83240.334949949945        22.676208834568239     
   83240.373420420423        22.671676426518786     
   83240.411890890886        22.667507376724849     
   83240.450361361363        22.663724331994686     
   83240.488831831826        22.660349939142556     
   83240.527302302304        22.657406844977334     
   83240.565772772767        22.654917696312644     
   83240.604243243244        22.652905139958015     
   83240.642713713722        22.651391822725905     
   83240.681184184185        22.650400391428011     
   83240.719654654662        22.649953492874996     
   83240.758125125125        22.650073640680645     
   83240.796595595602        22.650758759957373     
   83240.835066066065        22.651953607933088     
   83240.873536536543        22.653596003048762     
   83240.912007007006        22.655623763743250     
   83240.950477477483        22.657974708458163     
   83240.988947947946        22.660586655631818     
   83241.027418418424        22.663397423706268     
   83241.065888888887        22.666344831119488     
   83241.104359359364        22.669366696313780     
   83241.142829829827        22.672400837726954     
   83241.181300300304        22.675385073801380     
   83241.219770770767        22.678257222974899     
   83241.258241241245        22.680955103689762     
   83241.296711711708        22.683416534384026     
   83241.335182182185        22.685579333499625     
   83241.373652652648        22.687381319475023     
   83241.412123123126        22.688760310751654     
   83241.450593593589        22.689654125768580     
   83241.489064064066        22.690000582966547     
   83241.527534534529        22.689866142606714     
   83241.566005005006        22.690205931118463     
   83241.604475475469        22.691899020176376     
   83241.642945945947        22.694966953528176     
   83241.681416416424        22.699335867275067     
   83241.719886886887        22.704931897516285     
   83241.758357357365        22.711681180357658     
   83241.796827827828        22.719509851895722     
   83241.835298298305        22.728344048237997     
   83241.873768768768        22.738109905479430     
   83241.912239239246        22.748733559729015     
   83241.950709709708        22.760141147080347     
   83241.989180180186        22.772258803643656     
   83242.027650650649        22.785012665511410     
   83242.066121121126        22.798328868794858     
   83242.104591591589        22.812133549585560     
   83242.143062062067        22.826349308730716     
   83242.181532532530        22.840790997620545     
   83242.220003003007        22.855148593336871     
   83242.258473473470        22.869105089320744     
   83242.296943943948        22.882417085859551     
   83242.335414414410        22.895199904678822     
   83242.373884884888        22.907677983980719     
   83242.412355355351        22.920075787511216     
   83242.450825825828        22.932617779035233     
   83242.489296296291        22.945525320093122     
   83242.527766766769        22.958914432631815     
   83242.566237237232        22.972772524579980     
   83242.604707707709        22.987079188577074     
   83242.643178178172        23.001814017241244     
   83242.681648648650        23.016956603212616     
   83242.720119119127        23.032486539114647     
   83242.758589589590        23.048383417570218     
   83242.797060060067        23.064626831220323     
   83242.835530530530        23.081196372681656     
   83242.874001001008        23.098071634595712     
   83242.912471471471        23.115232209578707     
   83242.950941941948        23.132657690272591     
   83242.989412412411        23.150327669293151     
   83243.027882882889        23.168221739282728     
   83243.066353353352        23.186319492856761     
   83243.104823823829        23.204600522657906     
   83243.143294294292        23.223044421301314     
   83243.181764764769        23.241630781429905     
   83243.220235235232        23.260339195658592     
   83243.258705705710        23.279149256630497     
   83243.297176176173        23.298040556960366     
   83243.335646646650        23.316992689291457     
   83243.374117117113        23.335985263655608     
   83243.412587587591        23.354999087840184     
   83243.451058058054        23.374016919648227     
   83243.489528528531        23.393021696090905     
   83243.527998998994        23.411996354150620     
   83243.566469469471        23.430923830838505     
   83243.604939939934        23.449787063137009     
   83243.643410410412        23.468568988057189     
   83243.681880880875        23.487252542581615     
   83243.720351351352        23.505820663721188     
   83243.758821821830        23.524256288465590     
   83243.797292292293        23.542542353804709     
   83243.835762762770        23.560661796749145     
   83243.874233233233        23.578597554281977     
   83243.912703703711        23.596332563413537     
   83243.951174174174        23.613849761127199     
   83243.989644644651        23.631132084432988     
   83244.028115115114        23.648162470314606     
   83244.066585585591        23.664923855781709     
   83244.105056056054        23.681399177818406     
   83244.143526526532        23.697571373433931     
   83244.181996996995        23.713423379612824     
   83244.220467467472        23.728938133363854     
   83244.258937937935        23.744098571672069     
   83244.297408408413        23.758887631545711     
   83244.335878878876        23.773288282243108     
   83244.374349349353        23.787288258399116     
   83244.412819819816        23.800885052809594     
   83244.451290290293        23.814077353012053     
   83244.489760760756        23.826863846523747     
   83244.528231231234        23.839243220881581     
   83244.566701701697        23.851214163603405     
   83244.605172172174        23.862775362225509     
   83244.643642642637        23.873925504266374     
   83244.682113113115        23.884663277261666     
   83244.720583583578        23.894987368730483     
   83244.759054054055        23.904896466207870     
   83244.797524524532        23.914389257217067     
   83244.835994994995        23.923464429281943     
   83244.874465465473        23.932120669936594     
   83244.912935935936        23.940356666701703     
   83244.951406406413        23.948171107110724     
   83244.989876876876        23.955562678684977     
   83245.028347347354        23.962530068957278     
   83245.066817817817        23.969071965449579     
   83245.105288288294        23.975187055694064     
   83245.143758758757        23.980874027213336     
   83245.182229229235        23.986131567538916     
   83245.220699699697        23.990958364194064     
   83245.259170170175        23.995353104709650     
   83245.297640640638        23.999314476609587     
   83245.336111111115        24.002841167424091     
   83245.374581581578        24.005931864677727     
   83245.413052052056        24.008585255900055     
   83245.451522522519        24.010800028616298     
   83245.489992992996        24.012574870355365     
   83245.528463463459        24.013908468643134     
   83245.566933933937        24.014799511007840     
   83245.605404404399        24.015246684976042     
   83245.643874874877        24.015248678075306     
   83245.682345345340        24.014804177832854     
   83245.720815815817        24.013911871775576     
   83245.759286286280        24.012570447431383     
   83245.797756756758        24.010778592326478     
   83245.836227227235        24.008534993988519     
   83245.874697697698        24.005838339945832     
   83245.913168168176        24.002687317723606     
   83245.951638638639        23.999080614851454     
   83245.990109109116        23.995016918853878     
   83246.028579579579        23.990494917261174     
   83246.067050050056        23.985513297597148     
   83246.105520520519        23.980070747392801     
   83246.143990990997        23.974169017332031     
   83246.182461461460        23.967822577601282     
   83246.220931931937        23.961049199376777     
   83246.259402402400        23.953866653850831     
   83246.297872872878        23.946292712205185     
   83246.336343343341        23.938345145632759     
   83246.374813813818        23.930041725314716     
   83246.413284284281        23.921400222444532     
   83246.451754754758        23.912438408202846     
   83246.490225225221        23.903173994259177     
   83246.528695695699        23.893624144993062     
   83246.567166166162        23.883805730136711     
   83246.605636636639        23.873735616560943     
   83246.644107107102        23.863430671151619     
   83246.682577577580        23.852907760779175     
   83246.721048048043        23.842183752329817     
   83246.759518518520        23.831275512673677     
   83246.797988988983        23.820199908697237     
   83246.836459459460        23.808973807270370     
   83246.874929929938        23.797614075275476     
   83246.913400400401        23.786137579595177     
   83246.951870870878        23.774561187099032     
   83246.990341341341        23.762901764674030     
   83247.028811811819        23.751176179189599     
   83247.067282282282        23.739401297532844     
   83247.105752752759        23.727593986573108     
   83247.144223223222        23.715771113197551     
   83247.182693693700        23.703949001489811     
   83247.221164164162        23.692132163277179     
   83247.259634634640        23.680313659682614     
   83247.298105105103        23.668486081400737     
   83247.336575575580        23.656642019108290     
   83247.375046046043        23.644774063499938     
   83247.413516516521        23.632874805252381     
   83247.451986986984        23.620936835060327     
   83247.490457457461        23.608978995164719     
   83247.528927927924        23.597153056395577     
   83247.567398398402        23.585652764685076     
   83247.605868868864        23.574671882090701     
   83247.644339339342        23.564386138584450     
   83247.682809809805        23.554646365552973     
   83247.721280280282        23.545021731770049     
   83247.759750750745        23.535072076472929     
   83247.798221221223        23.524357238883816     
   83247.836691691686        23.512437058240792     
   83247.875162162163        23.499018884998236     
   83247.913632632641        23.484865838834274     
   83247.952103103104        23.471141423005644     
   83247.990573573581        23.458280541353421     
   83248.029044044044        23.446228704530402     
   83248.067514514521        23.434922413399029     
   83248.105984984984        23.424298168839446     
   83248.144455455462        23.414292471715179     
   83248.182925925925        23.404841822905382     
   83248.221396396402        23.395882723274475     
   83248.259866866865        23.387351673700824     
   83248.298337337343        23.379185175049532     
   83248.336807807806        23.371319728198372     
   83248.375278278283        23.363691834012954     
   83248.413748748746        23.356237993370634     
   83248.452219219223        23.348894707137344     
   83248.490689689686        23.341598476190221     
   83248.529160160164        23.334285801395311     
   83248.567630630627        23.326893183629736     
   83248.606101101104        23.319357123759460     
   83248.644571571567        23.311614122661780     
   83248.683042042045        23.303600681202397     
   83248.721512512508        23.295253300258967     
   83248.759982982985        23.286508480696735     
   83248.798453453448        23.277302723393905     
   83248.836923923925        23.267572529215073     
   83248.875394394388        23.257254399039198     
   83248.913864864866        23.246284833730023     
   83248.952335335343        23.234600334162888     
   83248.990805805806        23.222137401214191     
   83249.029276276284        23.208832628121225     
   83249.067746746747        23.194813347816581     
   83249.106217217224        23.180798875616428     
   83249.144687687687        23.167623032452511     
   83249.183158158165        23.156119639236415     
   83249.221628628628        23.147122516897984     
   83249.260099099105        23.141465486351969     
   83249.298569569568        23.139897056796542     
   83249.337040040045        23.139745310835625     
   83249.375510510508        23.137964644052353     
   83249.413980980986        23.134602329503100     
   83249.452451451449        23.129782286500017     
   83249.490921921926        23.123628434349119     
   83249.529392392389        23.116264692364666     
   83249.567862862867        23.107814979850744     
   83249.606333333330        23.098403216123355     
   83249.644803803807        23.088153320485034     
   83249.683274274270        23.077189212253145     
   83249.721744744747        23.065634810729048     
   83249.760215215210        23.053614035231092     
   83249.798685685688        23.041250805059843     
   83249.837156156151        23.028669039534257     
   83249.875626626628        23.015992657954477     
   83249.914097097091        23.003345579639696     
   83249.952567567569        22.990851723890010     
   83249.991038038046        22.978635010019918     
   83250.029508508509        22.966818816316700     
   83250.067978978987        22.955473904821243     
   83250.106449449449        22.944575119489876     
   83250.144919919927        22.934087111345637     
   83250.183390390390        22.923974531427760     
   83250.221860860867        22.914202030759888     
   83250.260331331330        22.904734260380707     
   83250.298801801808        22.895536146335115     
   83250.337272272271        22.886579287807784     
   83250.375742742748        22.877842156145022     
   83250.414213213211        22.869303537548046     
   83250.452683683689        22.860942218204997     
   83250.491154154151        22.852736984316799     
   83250.529624624629        22.844666622071848     
   83250.568095095092        22.836709917670852     
   83250.606565565569        22.828845657302388     
   83250.645036036032        22.821052627167010     
   83250.683506506510        22.813309613453423     
   83250.721976976973        22.805596135819709     
   83250.760447447450        22.797904041857503     
   83250.798917917913        22.790235412782636     
   83250.837388388391        22.782592639833183     
   83250.875858858853        22.774978114258815     
   83250.914329329331        22.767394227297647     
   83250.952799799794        22.759843370232407     
   83250.991270270271        22.752331853642897     
   83251.029740740749        22.744880717895825     
   83251.068211211212        22.737514463090232     
   83251.106681681689        22.730257589316842     
   83251.145152152152        22.723134596677411     
   83251.183622622630        22.716169985262823     
   83251.222093093093        22.709388255174623     
   83251.260563563570        22.702813906503955     
   83251.299034034033        22.696471439352067     
   83251.337504504510        22.690385353810438     
   83251.375974974973        22.684581940730403     
   83251.414445445451        22.679096196894342     
   83251.452915915914        22.673965760956239     
   83251.491386386391        22.669228272159806     
   83251.529856856854        22.664921369756179     
   83251.568327327332        22.661082692989694     
   83251.606797797795        22.657749881110817     
   83251.645268268272        22.654960573364608     
   83251.683738738735        22.652752409000751     
   83251.722209209212        22.651163027265152     
   83251.760679679675        22.650230067406582     
   83251.799150150153        22.649979996955246     
   83251.837620620616        22.650048850420045     
   83251.876091091093        22.650116684322640     
   83251.914561561556        22.650208021045266     
   83251.953032032034        22.650352690670690     
   83251.991502502497        22.650580523281498     
   83252.029972972974        22.650921348960555     
   83252.068443443452        22.651404997790507     
   83252.106913913914        22.652061299853777     
   83252.145384384392        22.652920085233571     
   83252.183854854855        22.654011184011917     
   83252.222325325332        22.655364426272346     
   83252.260795795795        22.657009642096526     
   83252.299266266273        22.658976661568392     
   83252.337736736736        22.661294577463558     
   83252.376207207213        22.663978270489988     
   83252.414677677676        22.667029785662152     
   83252.453148148154        22.670450706865203     
   83252.491618618616        22.674242617979392     
   83252.530089089094        22.678407102890418     
   83252.568559559557        22.682945745477976     
   83252.607030030034        22.687860129628330     
   83252.645500500497        22.693151839220601     
   83252.683970970975        22.698822458141631     
   83252.722441441438        22.704873570269967     
   83252.760911911915        22.711306759493027     
   83252.799382382378        22.718123609688774     
   83252.837852852856        22.725325704745210     
   83252.876323323319        22.732914628539717     
   83252.914793793796        22.740891964960881     
   83252.953264264259        22.749259297885494     
   83252.991734734736        22.758018211202739     
   83253.030205205199        22.767170288788812     
   83253.068675675677        22.776717114533479     
   83253.107146146154        22.786660272316198     
   83253.145616616617        22.797001346015804     
   83253.184087087095        22.807741919522975     
   83253.222557557558        22.818883576712416     
   83253.261028028035        22.830427901475392     
   83253.299498498498        22.842376477686010     
   83253.337968968975        22.854730889236137     
   83253.376439439438        22.867492719999277     
   83253.414909909916        22.880663552187908     
   83253.453380380379        22.894229097213326     
   83253.491850850856        22.908120346666120     
   83253.530321321319        22.922264827915498     
   83253.568791791797        22.936640000936784     
   83253.607262262260        22.951241867338542     
   83253.645732732737        22.966066459453934     
   83253.684203203200        22.981109809593853     
   83253.722673673677        22.996367950091798     
   83253.761144144140        23.011836913258335     
   83253.799614614618        23.027512731427279     
   83253.838085085081        23.043391436908891     
   83253.876555555558        23.059469062037287     
   83253.915026026021        23.075741639122427     
   83253.953496496499        23.092205200498732     
   83253.991966966962        23.108855778475856     
   83254.030437437439        23.125689405388510     
   83254.068907907902        23.142702113546076     
   83254.107378378380        23.159889935283537     
   83254.145848848857        23.177248902916599     
   83254.184319319320        23.194775048760718     
   83254.222789789797        23.212464405151259     
   83254.261260260260        23.230313004396955     
   83254.299730730738        23.248316657470923     
   83254.338201201201        23.266465011226622     
   83254.376671671678        23.284740886079938     
   83254.415142142141        23.303126748149491     
   83254.453612612619        23.321605063581636     
   83254.492083083082        23.340158298494835     
   83254.530553553559        23.358768919035569     
   83254.569024024022        23.377419391322192     
   83254.607494494499        23.396092181501267     
   83254.645964964962        23.414769755691104     
   83254.684435435440        23.433434580038274     
   83254.722905905903        23.452069120661104     
   83254.761376376380        23.470655843706126     
   83254.799846846843        23.489177215291733     
   83254.838317317321        23.507615701564365     
   83254.876787787784        23.525953768642523     
   83254.915258258261        23.544173882672524     
   83254.953728728724        23.562258509773024     
   83254.992199199201        23.580190116090144     
   83255.030669669664        23.597951167742764     
   83255.069140140142        23.615524165487535     
   83255.107610610605        23.632893979249868     
   83255.146081081082        23.650049330125732     
   83255.184551551560        23.666979292300617     
   83255.223022022023        23.683672939960349     
   83255.261492492500        23.700119347309666     
   83255.299962962963        23.716307588528238     
   83255.338433433441        23.732226737820412     
   83255.376903903903        23.747865869366265     
   83255.415374374381        23.763214057369719     
   83255.453844844844        23.778260376011282     
   83255.492315315321        23.792993899494441     
   83255.530785785784        23.807403702000158     
   83255.569256256262        23.821478857731442     
   83255.607726726725        23.835208440869749     
   83255.646197197202        23.848581525617575     
   83255.684667667665        23.861587186156918     
   83255.723138138143        23.874214496689710     
   83255.761608608605        23.886452531398518     
   83255.800079079083        23.898288941481695     
   83255.838549549546        23.909696885850604     
   83255.877020020023        23.920641063147428     
   83255.915490490486        23.931086066063678     
   83255.953960960964        23.940996487307025     
   83255.992431431427        23.950336919943755     
   83256.030901901904        23.959080056097871     
   83256.069372372367        23.967227567292852     
   83256.107842842845        23.974787604128856     
   83256.146313313307        23.981768317194181     
   83256.184783783785        23.988177857088100     
   83256.223254254262        23.994024374401878     
   83256.261724724725        23.999316019727615     
   83256.300195195203        24.004060943663333     
   83256.338665665666        24.008267296799442     
   83256.377136136143        24.011943229733124     
   83256.415606606606        24.015096893055595     
   83256.454077077084        24.017736437363261     
   83256.492547547547        24.019870013248113     
   83256.531018018024        24.021505771305776     
   83256.569488488487        24.022651862129017     
   83256.607958958964        24.023316436312701     
   83256.646429429427        24.023507644450333     
   83256.684899899905        24.023233637136059     
   83256.723370370368        24.022502564964093     
   83256.761840840845        24.021322578527879     
   83256.800311311308        24.019701828422320     
   83256.838781781786        24.017648465240189     
   83256.877252252249        24.015170639577047     
   83256.915722722726        24.012276502025017     
   83256.954193193189        24.008974203180294     
   83256.992663663666        24.005271893634387     
   83257.031134134129        24.001177723984092     
   83257.069604604607        23.996699844820323     
   83257.108075075070        23.991846406740468     
   83257.146545545547        23.986625560334861     
   83257.185016016010        23.981045456201453     
   83257.223486486488        23.975114244930026     
   83257.261956956965        23.968840077116631     
   83257.300427427428        23.962231103357837     
   83257.338897897906        23.955295464310947     
   83257.377368368368        23.948041187878012     
   83257.415838838846        23.940476230455992     
   83257.454309309309        23.932608547316747     
   83257.492779779786        23.924446093720448     
   83257.531250250249        23.915996824939398     
   83257.569720720727        23.907268696233338     
   83257.608191191190        23.898269662874995     
   83257.646661661667        23.889007680123697     
   83257.685132132130        23.879490703252564     
   83257.723602602608        23.869726687520540     
   83257.762073073070        23.859723588201128     
   83257.800543543548        23.849489360552898     
   83257.839014014011        23.839031959849716     
   83257.877484484488        23.828359341349802     
   83257.915954954951        23.817479460327355     
   83257.954425425429        23.806400330850462     
   83257.992895895892        23.795133773491052     
   83258.031366366369        23.783697674439644     
   83258.069836836832        23.772110461523216     
   83258.108307307310        23.760390562551351     
   83258.146777777773        23.748556405351248     
   83258.185248248250        23.736626417732296     
   83258.223718718713        23.724619027521854     
   83258.262189189190        23.712552662529180     
   83258.300659659668        23.700445750577153     
   83258.339130130131        23.688316719488711     
   83258.377600600608        23.676183997073018     
   83258.416071071071        23.664066011157587     
   83258.454541541549        23.651980673437954     
   83258.493012012012        23.639939835735781     
   83258.531482482489        23.627951411532102     
   83258.569952952952        23.616023247385250     
   83258.608423423429        23.604163189835443     
   83258.646893893892        23.592379085440911     
   83258.685364364370        23.580678780741977     
   83258.723834834833        23.569070122296743     
   83258.762305305310        23.557560956645688     
   83258.800775775773        23.546159130346748     
   83258.839246246251        23.534872489940561     
   83258.877716716714        23.523708881984906     
   83258.916187187191        23.512676153020589     
   83258.954657657654        23.501782149605209     
   83258.993128128132        23.491033410141455     
   83259.031598598594        23.480427825724046     
   83259.070069069072        23.469959777884299     
   83259.108539539535        23.459623638106013     
   83259.147010010012        23.449413777857259     
   83259.185480480475        23.439324568621657     
   83259.223950950953        23.429350381867469     
   83259.262421421416        23.419485589078121     
   83259.300891891893        23.409724561722054     
   83259.339362362371        23.400061671278898     
   83259.377832832834        23.390491289228144     
   83259.416303303311        23.381007787038449     
   83259.454773773774        23.371605536192874     
   83259.493244244251        23.362278908160196     
   83259.531714714714        23.353022274423367     
   83259.570185185192        23.343830006451267     
   83259.608655655655        23.334696475726748     
   83259.647126126132        23.325616053718790     
   83259.685596596595        23.316583111910152     
   83259.724067067073        23.307592021769892     
   83259.762537537536        23.298637154780707     
   83259.801008008013        23.289712882411706     
   83259.839478478476        23.280813576145544     
   83259.877948948953        23.271932976452767     
   83259.916419419416        23.263061497771275     
   83259.954889889894        23.254188462583201     
   83259.993360360357        23.245303192738579     
   83260.031830830834        23.236395010073998     
   83260.070301301297        23.227453236439523     
   83260.108771771775        23.218467193671700     
   83260.147242242238        23.209426203620652     
   83260.185712712715        23.200319588122849     
   83260.224183183178        23.191136669028502     
   83260.262653653655        23.181866768173983     
   83260.301124124118        23.172499207409622     
   83260.339594594596        23.163023308571649     
   83260.378065065073        23.153428393506893     
   83260.416535535536        23.143703784062382     
   83260.455006006014        23.133838802074060     
   83260.493476476477        23.123822769392724     
   83260.531946946954        23.113648313318667     
   83260.570417417417        23.103353372127543     
   83260.608887887895        23.093008757518586     
   83260.647358358357        23.082686018597958     
   83260.685828828835        23.072456704456215     
   83260.724299299298        23.062392364199422     
   83260.762769769775        23.052564546918330     
   83260.801240240238        23.043034617457742     
   83260.839710710716        23.033770428691199     
   83260.878181181179        23.024689538911243     
   83260.916651651656        23.015709022245797     
   83260.955122122119        23.006745952836482     
   83260.993592592597        22.997717404811301     
   83261.032063063059        22.988540548159499     
   83261.070533533537        22.979170150464579     
   83261.109004004000        22.969655555052110     
   83261.147474474477        22.960060741751551     
   83261.185944944940        22.950449690406789     
   83261.224415415418        22.940886380847211     
   83261.262885885881        22.931426146194902     
   83261.301356356358        22.922078513956105     
   83261.339826826821        22.912837901118984     
   83261.378297297299        22.903698715277280     
   83261.416767767776        22.894655364035255     
   83261.455238238239        22.885702254997017     
   83261.493708708716        22.876833795756532     
   83261.532179179179        22.868044393921256     
   83261.570649649657        22.859328457085276     
   83261.609120120120        22.850680392855931     
   83261.647590590597        22.842094608827420     
   83261.686061061060        22.833565512606981     
   83261.724531531538        22.825087511788904     
   83261.763002002001        22.816655013980345     
   83261.801472472478        22.808262426775666     
   83261.839942942941        22.799904157781960     
   83261.878413413418        22.791574614593646     
   83261.916883883881        22.783268204817766     
   83261.955354354359        22.774979336048776     
   83261.993824824822        22.766702415893697     
   83262.032295295299        22.758432217790396     
   83262.070765765762        22.750252372826353     
   83262.109236236240        22.742450624136403     
   83262.147706706703        22.735322351618105     
   83262.186177177180        22.728921193047711     
   83262.224647647643        22.723145469097240     
   83262.263118118120        22.717890940659352     
   83262.301588588583        22.713053368635126     
   83262.340059059061        22.708528513917937     
   83262.378529529524        22.704212137408305     
   83262.417000000001        22.699999999999999     
