   75377.380000000005        25.449999999999999     
   75377.439652652654        25.458284441237865     
   75377.499305305304        25.467276786529425     
   75377.558957957968        25.477684939931144     
   75377.618610610618        25.490216805491787     
   75377.678263263268        25.505498787011135     
   75377.737915915917        25.520388056998769     
   75377.797568568567        25.533339481827486     
   75377.857221221231        25.546190144765998     
   75377.916873873881        25.559126189235464     
   75377.976526526531        25.572144995231429     
   75378.036179179180        25.585243942746331     
   75378.095831831830        25.598420411772583     
   75378.155484484494        25.611671782305848     
   75378.215137137144        25.624995434332099     
   75378.274789789793        25.638388747846982     
   75378.334442442443        25.651849102842913     
   75378.394095095093        25.665373879312323     
   75378.453747747757        25.678960457250962     
   75378.513400400407        25.692606216644620     
   75378.573053053056        25.706308537489033     
   75378.632705705706        25.720064799776626     
   75378.692358358356        25.733872383499818     
   75378.752011011020        25.747728668654432     
   75378.811663663670        25.761631035226124     
   75378.871316316319        25.775576863210691     
   75378.930968968969        25.789563532600567     
   75378.990621621633        25.803588423391595     
   75379.050274274283        25.817648915569364     
   75379.109926926933        25.831742389129715     
   75379.169579579582        25.845866224065063     
   75379.229232232232        25.860017800367846     
   75379.288884884896        25.874194498033944     
   75379.348537537546        25.888393697048862     
   75379.408190190195        25.902612777408493     
   75379.467842842845        25.916849119105247     
   75379.527495495495        25.931100102131559     
   75379.587148148159        25.945363106483335     
   75379.646800800809        25.959635512146033     
   75379.706453453458        25.973914699115561     
   75379.766106106108        25.988198047384344     
   75379.825758758758        26.002482936944812     
   75379.885411411422        26.016766747792868     
   75379.945064064072        26.031046859913971     
   75380.004716716721        26.045320653304024     
   75380.064369369371        26.059585507955461     
   75380.124022022021        26.073838803860706     
   75380.183674674685        26.088077921015653     
   75380.243327327335        26.102300239405778     
   75380.302979979984        26.116503139026985     
   75380.362632632634        26.130683999871700     
   75380.422285285284        26.144840201932347     
   75380.481937937948        26.158969125204791     
   75380.541590590597        26.173068149674567     
   75380.601243243247        26.187134655337552     
   75380.660895895897        26.201166022186165     
   75380.720548548547        26.215159630212835     
   75380.780201201211        26.229112859413384     
   75380.839853853860        26.243016688376208     
   75380.899506506510        26.256831085874428     
   75380.959159159160        26.270506643609401     
   75381.018811811809        26.283993951268513     
   75381.078464464474        26.297243598542337     
   75381.138117117123        26.310206175111794     
   75381.197769769773        26.322832270667529     
   75381.257422422423        26.335072474896926     
   75381.317075075072        26.346877377487360     
   75381.376727727737        26.358197568128919     
   75381.436380380386        26.368983636503458     
   75381.496033033036        26.379186172301175     
   75381.555685685686        26.388755765209467     
   75381.615338338335        26.397643004915700     
   75381.674990991000        26.405798481109166     
   75381.734643643649        26.413172783473257     
   75381.794296296299        26.419716501697437     
   75381.853948948949        26.425380225469095     
   75381.913601601613        26.430114556274631     
   75381.973254254262        26.434530062528914     
   75382.032906906912        26.441665558541104     
   75382.092559559562        26.453123723995816     
   75382.152212212211        26.465829100237947     
   75382.211864864876        26.476037598402783     
   75382.271517517525        26.480014595273666     
   75382.331170170175        26.482197349283538     
   75382.390822822825        26.488784802124378     
   75382.450475475474        26.497608822745061     
   75382.510128128139        26.506621476654555     
   75382.569780780788        26.515160698711089     
   75382.629433433438        26.523298329518667     
   75382.689086086088        26.531112908700010     
   75382.748738738737        26.538682975877826     
   75382.808391391402        26.546087070676634     
   75382.868044044051        26.553403732715545     
   75382.927696696701        26.560711501619100     
   75382.987349349351        26.568088917010016     
   75383.047002002000        26.575614518511006     
   75383.106654654664        26.583361307856343     
   75383.166307307314        26.591221044019111     
   75383.225959959964        26.598955542818619     
   75383.285612612613        26.606535816196537     
   75383.345265265263        26.613967415956555     
   75383.404917917927        26.621255893904113     
   75383.464570570577        26.628406801839347     
   75383.524223223227        26.635425691567733     
   75383.583875875876        26.642318114892973     
   75383.643528528526        26.649089623618735     
   75383.703181181190        26.655745769550329     
   75383.762833833840        26.662292104488195     
   75383.822486486490        26.668734180237649     
   75383.882139139139        26.675077548602381     
   75383.941791791789        26.681327761386079     
   75384.001444444453        26.687490370393927     
   75384.061097097103        26.693570927426602     
   75384.120749749753        26.699574984289303     
   75384.180402402402        26.705507527253808     
   75384.240055055052        26.711370739614729     
   75384.299707707716        26.717165937862575     
   75384.359360360366        26.722894438228288     
   75384.419013013016        26.728557556947067     
   75384.478665665665        26.734156610252668     
   75384.538318318329        26.739692914380214     
   75384.597970970979        26.745167785560774     
   75384.657623623629        26.750582540029463     
   75384.717276276278        26.755938494020064     
   75384.776928928928        26.761236963766343     
   75384.836581581592        26.766479265503335     
   75384.896234234242        26.771666641018992     
   75384.955886886892        26.776795493994236     
   75385.015539539541        26.781854507236933     
   75385.075192192191        26.786831672776646     
   75385.134844844855        26.791714982644123     
   75385.194497497505        26.796492428866532     
   75385.254150150155        26.801152003474641     
   75385.313802802804        26.805681698498010     
   75385.373455455454        26.810069505966204     
   75385.433108108118        26.814303417909791     
   75385.492760760768        26.818371426356261     
   75385.552413413418        26.822261523336238     
   75385.612066066067        26.825961700879272     
   75385.671718718717        26.829459951014933     
   75385.731371371381        26.832744265773549     
   75385.791024024031        26.835802637183079     
   75385.850676676680        26.838623057273914     
   75385.910329329330        26.841193518075610     
   75385.969981981980        26.843502011617737     
   75386.029634634644        26.845536529930303     
   75386.089287287294        26.847285065041884     
   75386.148939939943        26.848735608982572     
   75386.208592592593        26.849876153781924     
   75386.268245245243        26.850694691469506     
   75386.327897897907        26.851179214074946     
   75386.387550550557        26.851317713627576     
   75386.447203203206        26.851098182157113     
   75386.506855855856        26.850508611693112     
   75386.566508508506        26.849537132109255     
   75386.626161161170        26.848176451198242     
   75386.685813813820        26.846424807675604     
   75386.745466466469        26.844280770839870     
   75386.805119119119        26.841742909989833     
   75386.864771771769        26.838809794424296     
   75386.924424424433        26.835479993441197     
   75386.984077077082        26.831752076340965     
   75387.043729729732        26.827624612421626     
   75387.103382382382        26.823096170981987     
   75387.163035035031        26.818165321320848     
   75387.222687687696        26.812830632735650     
   75387.282340340345        26.807090674527807     
   75387.341992992995        26.800944015994858     
   75387.401645645645        26.794389226435605     
   75387.461298298309        26.787424875147103     
   75387.520950950959        26.780049531431544     
   75387.580603603608        26.772261764586084     
   75387.640256256258        26.764060143909518     
   75387.699908908908        26.755443238700643     
   75387.759561561572        26.746409618256010     
   75387.819214214222        26.736957851878827     
   75387.878866866871        26.727086508865739     
   75387.938519519521        26.716794158515544     
   75387.998172172171        26.706079370127043     
   75388.057824824835        26.694940712996267     
   75388.117477477484        26.683376756427450     
   75388.177130130134        26.671386069716728     
   75388.236782782784        26.658967222162897     
   75388.296435435434        26.646118783064761     
   75388.356088088098        26.632839321717821     
   75388.415740740747        26.619127408302955     
   75388.475393393397        26.604985870981547     
   75388.535046046047        26.590431659732445     
   75388.594698698696        26.575484648301508     
   75388.654351351361        26.560164710430833     
   75388.714004004010        26.544491719873758     
   75388.773656656660        26.528485550372466     
   75388.833309309310        26.512166075672820     
   75388.892961961959        26.495553169520690     
   75388.952614614624        26.478666705657794     
   75389.012267267273        26.461526557838244     
   75389.071919919923        26.444152599803822     
   75389.131572572573        26.426564705300393     
   75389.191225225222        26.408782748073826     
   75389.250877877887        26.390826601865598     
   75389.310530530536        26.372716140430331     
   75389.370183183186        26.354471237509536     
   75389.429835835836        26.336111766849086     
   75389.489488488485        26.317657602194846     
   75389.549141141149        26.299128617288158     
   75389.608793793799        26.280544685883932     
   75389.668446446449        26.261925681723529     
   75389.728099099098        26.243291478552809     
   75389.787751751748        26.224661950117650     
   75389.847404404412        26.206056970159384     
   75389.907057057062        26.187496351486978     
   75389.966709709712        26.168963979006556     
   75390.026362362361        26.150347323743109     
   75390.086015015011        26.131517851797046     
   75390.145667667675        26.112347029264022     
   75390.205320320325        26.092706322253772     
   75390.264972972975        26.072470238950793     
   75390.324625625624        26.051657069046922     
   75390.384278278289        26.030488151341814     
   75390.443930930938        26.009200164709359     
   75390.503583583588        25.988029726347598     
   75390.563236236238        25.967115359373363     
   75390.622888888887        25.946298597262004     
   75390.682541541551        25.925364983105183     
   75390.742194194201        25.904100060009863     
   75390.801846846851        25.882289371067756     
   75390.861499499500        25.860180120425966     
   75390.921152152150        25.839838311506075     
   75390.980804804814        25.821305250488916     
   75391.040457457464        25.803884329696047     
   75391.100110110114        25.786878941009963     
   75391.159762762763        25.769592476317861     
   75391.219415415413        25.751328327506943     
   75391.279068068077        25.731389886459286     
   75391.338720720727        25.709490269911633     
   75391.398373373377        25.687266681479080     
   75391.458026026026        25.665743564307796     
   75391.517678678676        25.644945003706095     
   75391.577331331340        25.624865592894512     
   75391.636983983990        25.605499925108198     
   75391.696636636640        25.586842593567503     
   75391.756289289289        25.568888191497784     
   75391.815941941939        25.551631312124389     
   75391.875594594603        25.535066548668706     
   75391.935247247253        25.519188494364158     
   75391.994899899903        25.503991742431978     
   75392.054552552552        25.489470886097514     
   75392.114205205202        25.475620518586101     
   75392.173857857866        25.462435233119962     
   75392.233510510516        25.449909622930875     
   75392.293163163165        25.438038281240889     
   75392.352815815815        25.426815801275350     
   75392.412468468465        25.416236776259609     
   75392.472121121129        25.406295799416664     
   75392.531773773779        25.396987463976714     
   75392.591426426428        25.388306363162606     
   75392.651079079078        25.380247090199678     
   75392.710731731728        25.372804238313289     
   75392.770384384392        25.365972400727191     
   75392.830037037042        25.359746170670061     
   75392.889689689691        25.354120141365510     
   75392.949342342341        25.349088704115196     
   75393.008994995005        25.344597540017155     
   75393.068647647655        25.340480598847478     
   75393.128300300305        25.336556227724984     
   75393.187952952954        25.332642773769635     
   75393.247605605604        25.328561763330779     
   75393.307258258268        25.324309866093444     
   75393.366910910918        25.320146609247882     
   75393.426563563567        25.316353153656191     
   75393.486216216217        25.313210660181500     
   75393.545868868867        25.311000289686930     
   75393.605521521531        25.310003203035539     
   75393.665174174181        25.310466264823027     
   75393.724826826830        25.312167472597324     
   75393.784479479480        25.314545287090048     
   75393.844132132130        25.317030586337456     
   75393.903784784794        25.319054248376204     
   75393.963437437444        25.320047151241447     
   75394.023090090093        25.319527494032524     
   75394.082742742743        25.318704620005235     
   75394.142395395393        25.320318830343432     
   75394.202048048057        25.325899672319892     
   75394.261700700707        25.333149368898361     
   75394.321353353356        25.340389094614750     
   75394.381006006006        25.347563784174021     
   75394.440658658656        25.354714138438819     
   75394.500311311320        25.361880858273523     
   75394.559963963969        25.369104644537259     
   75394.619616616619        25.376426198094411     
   75394.679269269269        25.383886219807607     
   75394.738921921919        25.391525410539465     
   75394.798574574583        25.399384471154576     
   75394.858227227232        25.407504102511727     
   75394.917879879882        25.415925005475437     
   75394.977532532532        25.424687880908341     
   75395.037185185181        25.433833429673061     
   75395.096837837846        25.443402352634614     
   75395.156490490495        25.453435350650970     
   75395.216143143145        25.463972478846717     
   75395.275795795795        25.475023826650418     
   75395.335448448444        25.486557484078528     
   75395.395101101109        25.498538402346064     
   75395.454753753758        25.510931532659185     
   75395.514406406408        25.523701826232809     
   75395.574059059058        25.536814234278964     
   75395.633711711707        25.550233708009678     
   75395.693364364372        25.563925198640352     
   75395.753017017021        25.577853657376334     
   75395.812669669671        25.591984035432958     
   75395.872322322321        25.606281284022259     
   75395.931974974985        25.620710354359801     
   75395.991627627634        25.635236197650567     
   75396.051280280284        25.649823765110096     
   75396.110932932934        25.664441704214063     
   75396.170585585583        25.679073992495564     
   75396.230238238248        25.693708581241403     
   75396.289890890897        25.708333421734423     
   75396.349543543547        25.722936465268166     
   75396.409196196197        25.737505663132612     
   75396.468848848846        25.752028966617736     
   75396.528501501511        25.766494327017035     
   75396.588154154160        25.780890846387180     
   75396.647806806810        25.795217413849059     
   75396.707459459460        25.809477862388185     
   75396.767112112109        25.823676063084886     
   75396.826764764774        25.837815887022920     
   75396.886417417423        25.851920813459930     
   75396.946070070073        25.866139923291822     
   75397.005722722723        25.880671833108345     
   75397.065375375372        25.895711965592287     
   75397.125028028036        25.911305702102716     
   75397.184680680686        25.927290282859012     
   75397.244333333336        25.943487622075033     
   75397.303985985985        25.959719633960908     
   75397.363638638635        25.975809663965677     
   75397.423291291299        25.991651217318665     
   75397.482943943949        26.007238361503777     
   75397.542596596599        26.022572923870214     
   75397.602249249248        26.037656731763263     
   75397.661901901898        26.052491612528222     
   75397.721554554562        26.067079393513900     
   75397.781207207212        26.081421902058487     
   75397.840859859862        26.095520965510854     
   75397.900512512511        26.109378411216301     
   75397.960165165161        26.122996066520116     
   75398.019817817825        26.136375758770836     
   75398.079470470475        26.149519315307217     
   75398.139123123125        26.162428563477846     
   75398.198775775774        26.175105330628021     
   75398.258428428424        26.187551444103029     
   75398.318081081088        26.199768731251122     
   75398.377733733738        26.211759019411630     
   75398.437386386388        26.223524135932848     
   75398.497039039037        26.235065908160081     
   75398.556691691687        26.246386163438608     
   75398.616344344351        26.257486729116419     
   75398.675996997001        26.268369432533376     
   75398.735649649650        26.279036101037519     
   75398.795302302300        26.289488561974132     
   75398.854954954964        26.299728642690987     
   75398.914607607614        26.309758170528376     
   75398.974260260264        26.319578972834119     
   75399.033912912913        26.329192876953510     
   75399.093565565563        26.338601710231835     
   75399.153218218227        26.347807300016619     
   75399.212870870877        26.356811473648655     
   75399.272523523527        26.365616058475510     
   75399.332176176176        26.374222881842474     
   75399.391828828826        26.382634584582203     
   75399.451481481490        26.390909462690182     
   75399.511134134140        26.399196262835623     
   75399.570786786790        26.407652022980415     
   75399.630439439439        26.416417469456036     
   75399.690092092089        26.425480542855446     
   75399.749744744753        26.434745683382975     
   75399.809397397403        26.444116483126543     
   75399.869050050052        26.453496534180864     
   75399.928702702702        26.462789428638423     
   75399.988355355352        26.471898758591689     
   75400.048008008016        26.480728130579987     
   75400.107660660666        26.489212184399911     
   75400.167313313315        26.497382219020054     
   75400.226965965965        26.505288298801030     
   75400.286618618615        26.512980488103452     
   75400.346271271279        26.520508851289751     
   75400.405923923929        26.527923452716877     
   75400.465576576578        26.535274356747294     
   75400.525229229228        26.542611627741618     
   75400.584881881878        26.549985330060451     
   75400.644534534542        26.557430866576716     
   75400.704187187192        26.564924644787844     
   75400.763839839841        26.572428235481432     
   75400.823492492491        26.579903209443149     
   75400.883145145141        26.587311137458666     
   75400.942797797805        26.594613590315426     
   75401.002450450454        26.601772138795528     
   75401.062103103104        26.608748353686437     
   75401.121755755754        26.615541331673064     
   75401.181408408404        26.622412583303372     
   75401.241061061068        26.629735636966664     
   75401.300713713717        26.637884439996647     
   75401.360366366367        26.647069775037522     
   75401.420019019017        26.656234074888303     
   75401.479671671666        26.664745216335717     
   75401.539324324331        26.672643882589160     
   75401.598976976980        26.679980419204327     
   75401.658629629630        26.686805171742762     
   75401.718282282280        26.693168485764019     
   75401.777934934944        26.699120706829042     
   75401.837587587594        26.704712180494482     
   75401.897240240243        26.709993252321393     
   75401.956892892893        26.715014267869314     
   75402.016545545543        26.719825572697790     
   75402.076198198207        26.724477512367482     
   75402.135850850857        26.729020432435689     
   75402.195503503506        26.733504678463095     
   75402.255156156156        26.737980596009251     
   75402.314808808806        26.742498530633707     
   75402.374461461470        26.747108827897140     
   75402.434114114119        26.751861059375109     
   75402.493766766769        26.756772356705127     
   75402.553419419419        26.761816297743909     
   75402.613072072068        26.766963402946615     
   75402.672724724733        26.772184192769689     
   75402.732377377382        26.777449187665749     
   75402.792030030032        26.782728908091222     
   75402.851682682682        26.787993874501282     
   75402.911335335331        26.793214607351089     
   75402.970987987996        26.798361627097059     
   75403.030640640645        26.803405454191836     
   75403.090293293295        26.808316609091854     
   75403.149945945945        26.813065612252281     
   75403.209598598594        26.817622984128281     
   75403.269251251259        26.821959245176053     
   75403.328903903908        26.826044915848637     
   75403.388556556558        26.829850516602288     
   75403.448209209208        26.833350544277838     
   75403.507861861857        26.836537483099910     
   75403.567514514521        26.839408900967911     
   75403.627167167171        26.841962366089000     
   75403.686819819821        26.844195446672472     
   75403.746472472470        26.846105710926885     
   75403.806125125120        26.847690727060794     
   75403.865777777784        26.848948063283018     
   75403.925430430434        26.849875287801506     
   75403.985083083084        26.850469968825163     
   75404.044735735733        26.850729674562540     
   75404.104388388383        26.850651973222199     
   75404.164041041047        26.850234433012549     
   75404.223693693697        26.849474622142353     
   75404.283346346347        26.848370108820106     
   75404.342998998996        26.846918461254369     
   75404.402651651661        26.845117247653210     
   75404.462304304310        26.842964036226071     
   75404.521956956960        26.840456395181107     
   75404.581609609610        26.837591892726877     
   75404.641262262259        26.834368097071938     
   75404.700914914923        26.830782576423925     
   75404.760567567573        26.826832898993150     
   75404.820220220223        26.822516632987334     
   75404.879872872873        26.817831346615034     
   75404.939525525522        26.812774608084808     
   75404.999178178186        26.807343985603850     
   75405.058830830836        26.801537047383352     
   75405.118483483486        26.795351361630598     
   75405.178136136135        26.788784496554147     
   75405.237788788785        26.781834020362560     
   75405.297441441449        26.774498642787684     
   75405.357094094099        26.766787176426753     
   75405.416746746749        26.758713707575197     
   75405.476399399398        26.750292368303512     
   75405.536052052048        26.741537290682196     
   75405.595704704712        26.732462606779492     
   75405.655357357362        26.723082448670326     
   75405.715010010012        26.713410948423018     
   75405.774662662661        26.703462238108063     
   75405.834315315311        26.693250449795958     
   75405.893967967975        26.682785358578055     
   75405.953620620625        26.672029614980108     
   75406.013273273275        26.660917060890206     
   75406.072925925924        26.649381124857214     
   75406.132578578574        26.637355235430014     
   75406.192231231238        26.624772821154323     
   75406.251883883888        26.611567310585144     
   75406.311536536537        26.597672132268340     
   75406.371189189187        26.583020714752795     
   75406.430841841837        26.567546486587368     
   75406.490494494501        26.551182876316823     
   75406.550147147151        26.533863312498010     
   75406.609799799800        26.515595327184982     
   75406.669452452450        26.496962153490312     
   75406.729105105100        26.478774051674471     
   75406.788757757764        26.461260648997509     
   75406.848410410414        26.444228695522312     
   75406.908063063063        26.427475428393421     
   75406.967715715713        26.410798084759701     
   75407.027368368363        26.393993901770035     
   75407.087021021027        26.376860116569063     
   75407.146673673677        26.359193971405890     
   75407.206326326326        26.340857189826451     
   75407.265978978976        26.321937035836392     
   75407.325631631640        26.302570056807607     
   75407.385284284290        26.282892800126238     
   75407.444936936939        26.263029210270922     
   75407.504589589589        26.243024665629253     
   75407.564242242239        26.222894322575957     
   75407.623894894903        26.202653274344257     
   75407.683547547553        26.182316614182202     
   75407.743200200202        26.161899435323040     
   75407.802852852852        26.141416831004932     
   75407.862505505502        26.120883894466054     
   75407.922158158166        26.100315718939548     
   75407.981810810816        26.079727397673622     
   75408.041463463465        26.059134023901436     
   75408.101116116115        26.038550690861154     
   75408.160768768765        26.017992491790949     
   75408.220421421429        25.997474519923983     
   75408.280074074079        25.977011868508445     
   75408.339726726728        25.956619630777492     
   75408.399379379378        25.936312899969295     
   75408.459032032028        25.916106769322013     
   75408.518684684692        25.896016332068946     
   75408.578337337342        25.876056681458053     
   75408.637989989991        25.856242910722592     
   75408.697642642641        25.836590113100733     
   75408.757295295291        25.817113381830648     
   75408.816947947955        25.797827810145819     
   75408.876600600604        25.778748491293829     
   75408.936253253254        25.759890518508122     
   75408.995905905904        25.741268985026863     
   75409.055558558553        25.722897953376968     
   75409.115211211218        25.704786417808087     
   75409.174863863867        25.686941817341918     
   75409.234516516517        25.669371590574446     
   75409.294169169167        25.652083176106089     
   75409.353821821816        25.635084012537270     
   75409.413474474481        25.618381538464376     
   75409.473127127130        25.601983192495979     
   75409.532779779780        25.585896413228397     
   75409.592432432430        25.570128639262059     
   75409.652085085079        25.554687309197380     
   75409.711737737744        25.539579861631143     
   75409.771390390393        25.524813735171147     
   75409.831043043043        25.510396368414092     
   75409.890695695693        25.496335243919390     
   75409.950348348342        25.482642531666809     
   75410.010001001006        25.469339183936185     
   75410.069653653656        25.456447118598255     
   75410.129306306306        25.443988253513965     
   75410.188958958955        25.431984506547547     
   75410.248611611620        25.420457795560495     
   75410.308264264269        25.409430038422670     
   75410.367916916919        25.398923152995444     
   75410.427569569569        25.388959057143051     
   75410.487222222218        25.379559668729737     
   75410.546874874883        25.370746905617658     
   75410.606527527532        25.362542685675358     
   75410.666180180182        25.354967395924671     
   75410.725832832832        25.348024065868813     
   75410.785485485481        25.341704731369202     
   75410.845138138146        25.336001254042063     
   75410.904790790795        25.330905495507725     
   75410.964443443445        25.326409317382261     
   75411.024096096095        25.322504581283212     
   75411.083748748744        25.319183148828131     
   75411.143401401408        25.316436881633951     
   75411.203054054058        25.314257641319564     
   75411.262706706708        25.312637289501762     
   75411.322359359358        25.311567687798103     
   75411.382012012007        25.311040697826115     
   75411.441664664671        25.311048181203422     
   75411.501317317321        25.311581999547556     
   75411.560969969971        25.312634014475996     
   75411.620622622620        25.314196087606295     
   75411.680275275270        25.316260080555985     
   75411.739927927934        25.318817854943298     
   75411.799580580584        25.321861272384531     
   75411.859233233234        25.325382194497788     
   75411.918885885883        25.329372482900617     
   75411.978538538533        25.333823999210558     
   75412.038191191197        25.338728605046406     
   75412.097843843847        25.344078162023308     
   75412.157496496497        25.349864531759955     
   75412.217149149146        25.356079575873888     
   75412.276801801796        25.362715155982656     
   75412.336454454460        25.369763133705561     
   75412.396107107110        25.377215370656710     
   75412.455759759760        25.385063728455322     
   75412.515412412409        25.393300068718936     
   75412.575065065059        25.401916253065096     
   75412.634717717723        25.410904143113584     
   75412.694370370373        25.420255600477557     
   75412.754023023022        25.429962486776706     
   75412.813675675672        25.440016663628573     
   75412.873328328336        25.450409992653285     
   75412.932980980986        25.461134335463303     
   75412.992633633636        25.472181553678674     
   75413.052286286285        25.483543508916931     
   75413.111938938935        25.495212062795630     
   75413.171591591599        25.507179076935262     
   75413.231244244249        25.519436412947535     
   75413.290896896899        25.531975932452873     
   75413.350549549548        25.544789497068820     
   75413.410202202198        25.557868968412919     
   75413.469854854862        25.571206208106002     
   75413.529507507512        25.584793077759102     
   75413.589160160162        25.598621438992982     
   75413.648812812811        25.612683153425191     
   75413.708465465461        25.626970082673271     
   75413.768118118125        25.641473041203177     
   75413.827770770775        25.656174847684980     
   75413.887423423424        25.671054634112078     
   75413.947076076074        25.686091512760481     
   75414.006728728724        25.701264595906203     
   75414.066381381388        25.716552995828991     
   75414.126034034038        25.731935824797404     
   75414.185686686687        25.747392195091162     
   75414.245339339337        25.762901218986286     
   75414.304991991987        25.778442008758780     
   75414.364644644651        25.793993676688466     
   75414.424297297301        25.809535335043744     
   75414.483949949950        25.825046096104430     
   75414.543602602600        25.840505072146541     
   75414.603255255250        25.855891375446081     
   75414.662907907914        25.871184118282788     
   75414.722560560564        25.886362412925202     
   75414.782213213213        25.901405371653084     
   75414.841865865863        25.916292106742443     
   75414.901518518513        25.931001730469291     
   75414.961171171177        25.945513355113160     
   75415.020823823827        25.959806092942973     
   75415.080476476476        25.973859056238307     
   75415.140129129126        25.987651357275183     
   75415.199781781776        26.001162108329606     
   75415.259434434440        26.014370421680777     
   75415.319087087089        26.027255409598251     
   75415.378739739739        26.039811002893494     
   75415.438392392389        26.052146632735571     
   75415.498045045038        26.064425935046003     
   75415.557697697703        26.076807554853744     
   75415.617350350352        26.089351864866153     
   75415.677003003002        26.102032569416693     
   75415.736655655652        26.114820401741049     
   75415.796308308316        26.127686095078055     
   75415.855960960966        26.140600382657112     
   75415.915613613615        26.153533997717041     
   75415.975266266265        26.166457673493518     
   75416.034918918915        26.179342143222236     
   75416.094571571579        26.192158140141991     
   75416.154224224229        26.204876397482217     
   75416.213876876878        26.217467648481726     
   75416.273529529528        26.229902626376216     
   75416.333182182178        26.242156725107868     
   75416.392834834842        26.254224427822415     
   75416.452487487491        26.266105104209561     
   75416.512140140141        26.277798123970236     
   75416.571792792791        26.289302856802383     
   75416.631445445440        26.300618672403949     
   75416.691098098105        26.311744940475577     
   75416.750750750754        26.322681030709781     
   75416.810403403404        26.333426312807251     
   75416.870056056054        26.343980156465935     
   75416.929708708703        26.354341931383779     
   75416.989361361368        26.364511007261186     
   75417.049014014017        26.374486753791153     
   75417.108666666667        26.384268540674118     
   75417.168319319317        26.393855737608039     
   75417.227971971966        26.403247714290860     
   75417.287624624631        26.412443840422753     
   75417.347277277280        26.421443485697168     
   75417.406929929930        26.430246019814337     
   75417.466582582580        26.438850812472200     
   75417.526235235229        26.447257233368703     
   75417.585887887893        26.455464652203769     
   75417.645540540543        26.463472438671349     
   75417.705193193193        26.471279962471417     
   75417.764845845843        26.478886593301922     
   75417.824498498492        26.486291700860804     
   75417.884151151156        26.493496378520849     
   75417.943803803806        26.500543553394131     
   75418.003456456456        26.507519240004708     
   75418.063109109105        26.514511427348914     
   75418.122761761755        26.521608104423073     
   75418.182414414419        26.528897260225335     
   75418.242067067069        26.536466883748478     
   75418.301719719719        26.544397996089405     
   75418.361372372368        26.552642706738311     
   75418.421025025018        26.561039545035243     
   75418.480677677682        26.569423154130696     
   75418.540330330332        26.577628177169018     
   75418.599982982982        26.585501993370826     
   75418.659635635631        26.593021735773760     
   75418.719288288296        26.600240305861213     
   75418.778940940945        26.607211554624200     
   75418.838593593595        26.613989333059056     
   75418.898246246245        26.620627492160303     
   75418.957898898894        26.627179882922469     
   75419.017551551558        26.633700356341677     
   75419.077204204208        26.640242762827370     
   75419.136856856858        26.646848094234276     
   75419.196509509507        26.653511297385201     
   75419.256162162157        26.660217016610765     
   75419.315814814821        26.666949896243239     
   75419.375467467471        26.673694580609951     
   75419.435120120121        26.680435714043163     
   75419.494772772770        26.687157940873497     
   75419.554425425420        26.693845905431580     
   75419.614078078084        26.700484252049634     
   75419.673730730734        26.707057625055047     
   75419.733383383384        26.713550668780066     
   75419.793036036033        26.719948027555311     
   75419.852688688683        26.726234345711404     
   75419.912341341347        26.732394417491832     
   75419.971993993997        26.738419176516423     
   75420.031646646647        26.744307716766855     
   75420.091299299296        26.750059696618006     
   75420.150951951946        26.755674774444778     
   75420.210604604610        26.761152608623359     
   75420.270257257260        26.766492857525979     
   75420.329909909909        26.771695179528876     
   75420.389562562559        26.776759233006942     
   75420.449215215209        26.781684676335061     
   75420.508867867873        26.786471167889268     
   75420.568520520523        26.791118361837455     
   75420.628173173172        26.795625368734044     
   75420.687825825822        26.799990224062640     
   75420.747478478472        26.804210837053532     
   75420.807131131136        26.808285116938002     
   75420.866783783786        26.812210972944357     
   75420.926436436435        26.815986314303913     
   75420.986089089085        26.819609050246967     
   75421.045741741735        26.823077090003821     
   75421.105394394399        26.826388342805554     
   75421.165047047049        26.829540717880867     
   75421.224699699698        26.832530651056803     
   75421.284352352348        26.835345278532703     
   75421.344005004998        26.837968118191313     
   75421.403657657662        26.840382679802506     
   75421.463310310311        26.842572473134425     
   75421.522962962961        26.844521007956992     
   75421.582615615611        26.846211794039533     
   75421.642268268275        26.847628341151669     
   75421.701920920925        26.848754159062022     
   75421.761573573574        26.849572757540294     
   75421.821226226224        26.850067668245703     
   75421.880878878874        26.850227844536203     
   75421.940531531538        26.850054744412343     
   75422.000184184188        26.849551582948180     
   75422.059836836837        26.848721575217681     
   75422.119489489487        26.847567936294809     
   75422.179142142137        26.846093881253530     
   75422.238794794801        26.844302625167344     
   75422.298447447451        26.842197383111088     
   75422.358100100100        26.839781368936496     
   75422.417752752750        26.837055300742296     
   75422.477405405400        26.834012158363702     
   75422.537058058064        26.830643426357469     
   75422.596710710714        26.826940589282863     
   75422.656363363363        26.822895131696722     
   75422.716016016013        26.818498538156668     
   75422.775668668663        26.813742293220319     
   75422.835321321327        26.808617881444000     
   75422.894973973976        26.803116787387832     
   75422.954626626626        26.797230495608229     
   75423.014279279276        26.790950490662816     
   75423.073931931925        26.784268257109211     
   75423.133584584590        26.777175279503247     
   75423.193237237239        26.769663042406016     
   75423.252889889889        26.761723030373449     
   75423.312542542539        26.753346727963173     
   75423.372195195188        26.744525619732805     
   75423.431847847853        26.735251190237648     
   75423.491500500502        26.725514924039842     
   75423.551153153152        26.715308305694808     
   75423.610805805802        26.704622819760164     
   75423.670458458451        26.693449950793529     
   75423.730111111116        26.681781183349617     
   75423.789763763765        26.669608001991740     
   75423.849416416415        26.656921891274731     
   75423.909069069065        26.643714335756215     
   75423.968721721714        26.629976819993807     
   75424.028374374378        26.615700828541588     
   75424.088027027028        26.600877845964128     
   75424.147679679678        26.585499356815646     
   75424.207332332327        26.569556845653750     
   75424.266984984992        26.553041797031970     
   75424.326637637641        26.535945695515984     
   75424.386290290291        26.518260025659444     
   75424.445942942941        26.499976272019975     
   75424.505595595590        26.481085919155202     
   75424.565248248255        26.461580451617909     
   75424.624900900904        26.441503929278774     
   75424.684553553554        26.421167716009467     
   75424.744206206204        26.400967916345024     
   75424.803858858853        26.381300668908725     
   75424.863511511518        26.362562112319416     
   75424.923164164167        26.345139585829401     
   75424.982816816817        26.328666981810166     
   75425.042469469467        26.311769907036098     
   75425.102122122116        26.293921950264085     
   75425.161774774780        26.274789102615799     
   75425.221427427430        26.254210148210614     
   75425.281080080080        26.233456911311496     
   75425.340732732730        26.213568750164058     
   75425.400385385379        26.194056574649480     
   75425.460038038043        26.174295864382604     
   75425.519690690693        26.153929615875875     
   75425.579343343343        26.133072266089457     
   75425.638995995992        26.111886256103951     
   75425.698648648642        26.090534026999961     
   75425.758301301306        26.069178018320329     
   75425.817953953956        26.047950773396501     
   75425.877606606606        26.026878299703039     
   75425.937259259255        26.005962883921086     
   75425.996911911905        25.985206812731807     
   75426.056564564569        25.964612372811345     
   75426.116217217219        25.944181850850896     
   75426.175869869869        25.923917533526570     
   75426.235522522518        25.903821707519516     
   75426.295175175168        25.883896659510881     
   75426.354827827832        25.864144676177034     
   75426.414480480482        25.844568044208749     
   75426.474133133132        25.825169050282341     
   75426.533785785781        25.805949981078967     
   75426.593438438431        25.786913123279771     
   75426.653091091095        25.768060763561330     
   75426.712743743745        25.749395188613995     
   75426.772396396394        25.730919072855727     
   75426.832049049044        25.712644317981667     
   75426.891701701694        25.694592228089444     
   75426.951354354358        25.676784530043680     
   75427.011007007008        25.659242950721982     
   75427.070659659657        25.641989216988911     
   75427.130312312307        25.625045055713382     
   75427.189964964971        25.608432193760311     
   75427.249617617621        25.592172358006735     
   75427.309270270271        25.576287275317483     
   75427.368922922920        25.560798672561482     
   75427.428575575570        25.545728276607651     
   75427.488228228234        25.531097814321409     
   75427.547880880884        25.516929012578817     
   75427.607533533534        25.503243598245181     
   75427.667186186183        25.490061616264580     
   75427.726838838833        25.477388832662886     
   75427.786491491497        25.465223811217612     
   75427.846144144147        25.453565060523019     
   75427.905796796796        25.442411089164402     
   75427.965449449446        25.431760405730081     
   75428.025102102096        25.421611518808383     
   75428.084754754760        25.411962936985340     
   75428.144407407410        25.402813168853974     
   75428.204060060059        25.394160723000205     
   75428.263712712709        25.386004108012351     
   75428.323365365359        25.378341832478739     
   75428.383018018023        25.371172404985995     
   75428.442670670673        25.364494334125947     
   75428.502323323322        25.358306128485108     
   75428.561975975972        25.352606296651800     
   75428.621628628622        25.347393347214350     
   75428.681281281286        25.342665788759987     
   75428.740933933936        25.338422129879337     
   75428.800586586585        25.334660879159514     
   75428.860239239235        25.331380545188839     
   75428.919891891885        25.328579636555638     
   75428.979544544549        25.326256661847726     
   75429.039197197199        25.324410129654552     
   75429.098849849848        25.323038548563829     
   75429.158502502498        25.322140427163870     
   75429.218155155148        25.321714274043000     
   75429.277807807812        25.321758597789611     
   75429.337460460461        25.322271906992007     
   75429.397113113111        25.323252710238464     
   75429.456765765761        25.324699516117303     
   75429.516418418410        25.326610833216847     
   75429.576071071075        25.328985170126060     
   75429.635723723724        25.331821035432103     
   75429.695376376374        25.335116937723825     
   75429.755029029024        25.338871385589542     
   75429.814681681673        25.343082887617587     
   75429.874334334338        25.347749952397475     
   75429.933986986987        25.352871088515251     
   75429.993639639637        25.358444804560317     
   75430.053292292287        25.364469609121002     
   75430.112944944951        25.370944010787262     
   75430.172597597601        25.377866518144266     
   75430.232250250250        25.385235639781854     
   75430.291902902900        25.393049884288352     
   75430.351555555550        25.401307760252088     
   75430.411208208214        25.410007776263555     
   75430.470860860863        25.419148440906838     
   75430.530513513513        25.428728262772324     
   75430.590166166163        25.438745750448341     
   75430.649818818812        25.449199412523207     
   75430.709471471477        25.460087757586127     
   75430.769124124126        25.471405503001233     
   75430.828776776776        25.483132556588000     
   75430.888429429426        25.495245210532424     
   75430.948082082075        25.507719757020521     
   75431.007734734740        25.520532488241450     
   75431.067387387389        25.533659696374961     
   75431.127040040039        25.547077673610143     
   75431.186692692689        25.560762712133005     
   75431.246345345338        25.574691104129542     
   75431.305997998003        25.588839141789240     
   75431.365650650652        25.603183117291195     
   75431.425303303302        25.617699322824834     
   75431.484955955952        25.632364050576161     
   75431.544608608601        25.647153592731179     
   75431.604261261265        25.662044241479542     
   75431.663913913915        25.677012515947485     
   75431.723566566565        25.692041033612171     
   75431.783219219215        25.707119042405569     
   75431.842871871864        25.722236123864427     
   75431.902524524528        25.737381859529172     
   75431.962177177178        25.752545830929151     
   75432.021829829828        25.767717619604795     
   75432.081482482477        25.782886807092837     
   75432.141135135127        25.798042974930013     
   75432.200787787791        25.813175704656743     
   75432.260440440441        25.828274577802386     
   75432.320093093091        25.843329175907371     
   75432.379745745740        25.858329080508430     
   75432.439398398390        25.873263873142303     
   75432.499051051054        25.888123135349339     
   75432.558703703704        25.902896448659025     
   75432.618356356354        25.917573394611729     
   75432.678009009003        25.932143554744187     
   75432.737661661668        25.946596510596649     
   75432.797314314317        25.960921843698792     
   75432.856966966967        25.975109135590905     
   75432.916619619617        25.989147967809707     
   75432.976272272266        26.003027921891949     
   75433.035924924930        26.016738579377680     
   75433.095577577580        26.030269521796949     
   75433.155230230230        26.043611578625821     
   75433.214882882879        26.056869002868275     
   75433.274535535529        26.070176695598047     
   75433.334188188193        26.083508776389394     
   75433.393840840843        26.096831987094632     
   75433.453493493493        26.110113069575828     
   75433.513146146142        26.123318765691813     
   75433.572798798792        26.136415817301415     
   75433.632451451456        26.149370966266602     
   75433.692104104106        26.162150983401236     
   75433.751756756756        26.174732053497628     
   75433.811409409405        26.187113260613323     
   75433.871062062055        26.199297104023721     
   75433.930714714719        26.211286083007110     
   75433.990367367369        26.223082696833046     
   75434.050020020019        26.234689444779868     
   75434.109672672668        26.246108826122985     
   75434.169325325318        26.257343340137780     
   75434.228977977982        26.268395486102325     
   75434.288630630632        26.279267763286633     
   75434.348283283281        26.289962670968812     
   75434.407935935931        26.300482708424262     
   75434.467588588581        26.310830374928379     
   75434.527241241245        26.321008169759022     
   75434.586893893895        26.331018592186620     
   75434.646546546544        26.340864141489078     
   75434.706199199194        26.350547316941785     
   75434.765851851844        26.360070617820149     
   75434.825504504508        26.369436543401818     
   75434.885157157158        26.378647592957634     
   75434.944809809807        26.387706885016321     
   75435.004462462457        26.396621424192045     
   75435.064115115107        26.405399719127008     
   75435.123767767771        26.414050281729889     
   75435.183420420421        26.422581623903042     
   75435.243073073070        26.431002257555164     
   75435.302725725720        26.439320694592844     
   75435.362378378370        26.447545446922661     
   75435.422031031034        26.455685026453150     
   75435.481683683684        26.463747945086936     
   75435.541336336333        26.471742714732585     
   75435.600988988983        26.479677847296678     
   75435.660641641647        26.487561854687705     
   75435.720294294297        26.495403248808401     
   75435.779946946946        26.503210541567277     
   75435.839599599596        26.510992244870906     
   75435.899252252246        26.518756870625865     
   75435.958904904910        26.526512930740626     
   75436.018557557560        26.534268937117979     
   75436.078210210209        26.542033401666401     
   75436.137862862859        26.549814836292466     
   75436.197515515509        26.557621752902751     
   75436.257168168173        26.565462663405754     
   75436.316820820823        26.573346079704219     
   75436.376473473472        26.581280513706645     
   75436.436126126122        26.589274477319606     
   75436.495778778772        26.597336482449670     
   75436.555431431436        26.605475041005420     
   75436.615084084086        26.613698664889462     
   75436.674736736735        26.622015866010344     
   75436.734389389385        26.630435156274650     
   75436.794042042035        26.638965047588957     
   75436.853694694699        26.647614051861961     
   75436.913347347348        26.655995227257275     
   75436.972999999998        26.660000000000000     
