   37377.222000000002        28.170000000000002     
   37377.264237237236        28.171121840055559     
   37377.306474474477        28.175817297601014     
   37377.348711711711        28.183467266696663     
   37377.390948948952        28.193327162872315     
   37377.433186186187        28.204652401651920     
   37377.475423423428        28.216698398566553     
   37377.517660660662        28.228720569139419     
   37377.559897897896        28.239974328900001     
   37377.602135135137        28.249856420928687     
   37377.644372372371        28.258333013076303     
   37377.686609609613        28.265513665512220     
   37377.728846846847        28.271507938402401     
   37377.771084084088        28.276425391917364     
   37377.813321321322        28.280375586223848     
   37377.855558558564        28.283468081491677     
   37377.897795795798        28.285812437888204     
   37377.940033033032        28.287518215582466     
   37377.982270270273        28.288694974743031     
   37378.024507507507        28.289452275537933     
   37378.066744744749        28.289899678135889     
   37378.108981981983        28.290143194606763     
   37378.151219219224        28.290246959714917     
   37378.193456456458        28.290247788098775     
   37378.235693693692        28.290182025275428     
   37378.277930930934        28.290086016761915     
   37378.320168168168        28.289996108761027     
   37378.362405405409        28.289954535137955     
   37378.404642642643        28.290023376021896     
   37378.446879879884        28.290172663370967     
   37378.489117117118        28.290145553834975     
   37378.531354354353        28.289661190538506     
   37378.573591591594        28.288594991099583     
   37378.615828828828        28.286958476786918     
   37378.658066066069        28.284767719071500     
   37378.700303303303        28.282038789425616     
   37378.742540540545        28.278787759319872     
   37378.784777777779        28.275030700226921     
   37378.827015015020        28.270783683617005     
   37378.869252252254        28.266062780963129     
   37378.911489489488        28.260884063736135     
   37378.953726726730        28.255263603406547     
   37378.995963963964        28.249217471447846     
   37379.038201201205        28.242761739329488     
   37379.080438438439        28.235912478525229     
   37379.122675675681        28.228685760504252     
   37379.164912912915        28.221097656740582     
   37379.207150150149        28.213164238704540     
   37379.249387387390        28.204901577866210     
   37379.291624624624        28.196325745699976     
   37379.333861861865        28.187452813674422     
   37379.376099099100        28.178298853264145     
   37379.418336336341        28.168879935937525     
   37379.460573573575        28.159212133169348     
   37379.502810810809        28.149311516429545     
   37379.545048048050        28.139194157187891     
   37379.587285285284        28.128876126919408     
   37379.629522522526        28.118373497092087     
   37379.671759759760        28.107702339181074     
   37379.713996997001        28.096878724654236     
   37379.756234234235        28.085918724986836     
   37379.798471471477        28.074838411646642     
   37379.840708708711        28.063653856109006     
   37379.882945945945        28.052381129843567     
   37379.925183183186        28.041036304319892     
   37379.967420420420        28.029635451013430     
   37380.009657657662        28.018194611920215     
   37380.051894894896        28.006718272664983     
   37380.094132132137        27.995181850965874     
   37380.136369369371        27.983556266321102     
   37380.178606606605        27.971812438222948     
   37380.220843843847        27.959921286163592     
   37380.263081081081        27.947853729641380     
   37380.305318318322        27.935580688146402     
   37380.347555555556        27.923073081177126     
   37380.389792792797        27.910301828223488     
   37380.432030030031        27.897237848784130     
   37380.474267267266        27.883853557098501     
   37380.516504504507        27.870164009899803     
   37380.558741741741        27.856232075112736     
   37380.600978978982        27.842123153381461     
   37380.643216216216        27.827902607541656     
   37380.685453453458        27.813618041674665     
   37380.727690690692        27.799271034686875     
   37380.769927927926        27.784855806967883     
   37380.812165165167        27.770366578907250     
   37380.854402402401        27.755797570902025     
   37380.896639639643        27.741143003339253     
   37380.938876876877        27.726397096616033     
   37380.981114114118        27.711554071119352     
   37381.023351351352        27.696608147246387     
   37381.065588588594        27.681553545384034     
   37381.107825825828        27.666384485929548     
   37381.150063063062        27.651095189272411     
   37381.192300300303        27.635679875802008     
   37381.234537537537        27.620132765915720     
   37381.276774774778        27.604448080000239     
   37381.319012012013        27.588620038453037     
   37381.361249249254        27.572642861660714     
   37381.403486486488        27.556510770020839     
   37381.445723723722        27.540217983922730     
   37381.487960960963        27.523758723755606     
   37381.530198198197        27.507127209917183     
   37381.572435435439        27.490317662793807     
   37381.614672672673        27.473324302783311     
   37381.656909909914        27.456141350271917     
   37381.699147147148        27.438763025657597     
   37381.741384384382        27.421183549329466     
   37381.783621621624        27.403397470551376     
   37381.825858858858        27.385414732538415     
   37381.868096096099        27.367266931436685     
   37381.910333333333        27.348987289033357     
   37381.952570570575        27.330602753217835     
   37381.994807807809        27.312118997835857     
   37382.037045045050        27.293537191796482     
   37382.079282282284        27.274858504021566     
   37382.121519519518        27.256084103423348     
   37382.163756756760        27.237215158914026     
   37382.205993993994        27.218252839415541     
   37382.248231231235        27.199198313836803     
   37382.290468468469        27.180052751099815     
   37382.332705705710        27.160817320113438     
   37382.374942942944        27.141493189799732     
   37382.417180180179        27.122081529070837     
   37382.459417417420        27.102583506838833     
   37382.501654654654        27.083000292025876     
   37382.543891891895        27.063333053540671     
   37382.586129129129        27.043582960305436     
   37382.628366366371        27.023751181228803     
   37382.670603603605        27.003838885233058     
   37382.712840840839        26.983847241230233     
   37382.755078078080        26.963777716190251     
   37382.797315315314        26.943652847220843     
   37382.839552552556        26.923510505268435     
   37382.881789789790        26.903359413683315     
   37382.924027027031        26.883205316978902     
   37382.966264264265        26.863053959682503     
   37383.008501501507        26.842911086307563     
   37383.050738738741        26.822782441381378     
   37383.092975975975        26.802673769420842     
   37383.135213213216        26.782590814942871     
   37383.177450450450        26.762539322474758     
   37383.219687687691        26.742525036529958     
   37383.261924924926        26.722553701635736     
   37383.304162162167        26.702631062305581     
   37383.346399399401        26.682762973711217     
   37383.388636636635        26.662960649589376     
   37383.430873873876        26.643242946746131     
   37383.473111111110        26.623629307678623     
   37383.515348348352        26.604139174870426     
   37383.557585585586        26.584791990818598     
   37383.599822822827        26.565607198006795     
   37383.642060060061        26.546604238931973     
   37383.684297297295        26.527802556081134     
   37383.726534534537        26.509221591941436     
   37383.768771771771        26.490880789009609     
   37383.811009009012        26.472799589769664     
   37383.853246246246        26.454997436718180     
   37383.895483483488        26.437493772339344     
   37383.937720720722        26.420308039129530     
   37383.979957957963        26.403459679573153     
   37384.022195195197        26.386968136166352     
   37384.064432432431        26.370852851396521     
   37384.106669669673        26.355133267751317     
   37384.148906906907        26.339828827726496     
   37384.191144144148        26.324958973807114     
   37384.233381381382        26.310543148488634     
   37384.275618618623        26.296596232921438     
   37384.317855855857        26.283112637992424     
   37384.360093093092        26.270081034580539     
   37384.402330330333        26.257490093276395     
   37384.444567567567        26.245328484677074     
   37384.486804804808        26.233584879371136     
   37384.529042042042        26.222249643379502     
   37384.571279279284        26.211331427120978     
   37384.613516516518        26.200850034271841     
   37384.655753753752        26.190825427519968     
   37384.697990990993        26.181277569553558     
   37384.740228228227        26.172226423065695     
   37384.782465465469        26.163690707122132     
   37384.824702702703        26.155678133106989     
   37384.866939939944        26.148190665841330     
   37384.909177177178        26.141230220257722     
   37384.951414414420        26.134798711283743     
   37384.993651651654        26.128898053851600     
   37385.035888888888        26.123530162890113     
   37385.078126126129        26.118696953328492     
   37385.120363363363        26.114400340098378     
   37385.162600600604        26.110642238128271     
   37385.204837837839        26.107424562349454     
   37385.247075075080        26.104749227690803     
   37385.289312312314        26.102618149083220     
   37385.331549549548        26.101033241456179     
   37385.373786786789        26.099996419739533     
   37385.416024024023        26.099509598863627     
   37385.458261261265        26.099574693758274     
   37385.500498498499        26.100193619353433     
   37385.542735735740        26.101368290579302     
   37385.584972972974        26.103100622365467     
   37385.627210210208        26.105392529642053     
   37385.669447447450        26.108245927339588     
   37385.711684684684        26.111662730387074     
   37385.753921921925        26.115644853715672     
   37385.796159159159        26.120194212253992     
   37385.838396396401        26.125312720933586     
   37385.880633633635        26.131002294682673     
   37385.922870870869        26.137264848432071     
   37385.965108108110        26.144102297112987     
   37386.007345345344        26.151516555653050     
   37386.049582582586        26.159509538984800     
   37386.091819819820        26.168083162035462     
   37386.134057057061        26.177239339737980     
   37386.176294294295        26.186979987019178     
   37386.218531531536        26.197307018812396     
   37386.260768768771        26.208222350044061     
   37386.303006006005        26.219727895645885     
   37386.345243243246        26.231825573880911     
   37386.387480480480        26.244518849362791     
   37386.429717717721        26.257815187044525     
   37386.471954954955        26.271722690170456     
   37386.514192192197        26.286249461994316     
   37386.556429429431        26.301403605760022     
   37386.598666666665        26.317193224718952     
   37386.640903903906        26.333628768916299     
   37386.683141141140        26.350736635638114     
   37386.725378378382        26.368549857526101     
   37386.767615615616        26.387101488974828     
   37386.809852852857        26.406423544049971     
   37386.852090090091        26.426483139749447     
   37386.894327327325        26.447145352170601     
   37386.936564564567        26.468266307954586     
   37386.978801801801        26.489719045676878     
   37387.021039039042        26.511463027086883     
   37387.063276276276        26.533485247787759     
   37387.105513513518        26.555772715135433     
   37387.147750750752        26.578312436470576     
   37387.189987987993        26.601091419149302     
   37387.232225225227        26.624096670512106     
   37387.274462462461        26.647332896517888     
   37387.316699699702        26.670961492676639     
   37387.358936936937        26.695159750019187     
   37387.401174174178        26.719871919267824     
   37387.443411411412        26.744990464889675     
   37387.485648648653        26.770407851369004     
   37387.527885885887        26.796016543172705     
   37387.570123123121        26.821709004780786     
   37387.612360360363        26.847377700673313     
   37387.654597597597        26.872915095317083     
   37387.696834834838        26.898213653196517     
   37387.739072072072        26.923165838778541     
   37387.781309309314        26.947665902882498     
   37387.823546546548        26.971730808630504     
   37387.865783783782        26.995577236454974     
   37387.908021021023        27.019440208858931     
   37387.950258258257        27.043554748333072     
   37387.992495495499        27.068155877384701     
   37388.034732732733        27.093478618504264     
   37388.076969969974        27.119757994199475     
   37388.119207207208        27.147229026960204     
   37388.161444444449        27.176126739294901     
   37388.203681681684        27.206686153692541     
   37388.245918918918        27.239142292656865     
   37388.288156156159        27.270731668122966     
   37388.330393393393        27.293318787828767     
   37388.372630630634        27.317208710763392     
   37388.414867867868        27.343666090464342     
   37388.457105105110        27.371512062115080     
   37388.499342342344        27.399567760880633     
   37388.541579579578        27.426865471636127     
   37388.583816816819        27.453322472475016     
   37388.626054054053        27.479087866729721     
   37388.668291291295        27.504310758586186     
   37388.710528528529        27.529140252212773     
   37388.752765765770        27.553701318498860     
   37388.795003003004        27.578011752019378     
   37388.837240240238        27.602059627587373     
   37388.879477477480        27.625833519025452     
   37388.921714714714        27.649322496545835     
   37388.963951951955        27.672515651669038     
   37389.006189189189        27.695402075899491     
   37389.048426426431        27.717970860757493     
   37389.090663663665        27.740211097747693     
   37389.132900900906        27.762111878390165     
   37389.175138138140        27.783662294189792     
   37389.217375375374        27.804851436662794     
   37389.259612612615        27.825668397325153     
   37389.301849849850        27.846102267682113     
   37389.344087087091        27.866142139253135     
   37389.386324324325        27.885777103543731     
   37389.428561561566        27.904996252073090     
   37389.470798798800        27.923788676347009     
   37389.513036036034        27.942143467881259     
   37389.555273273276        27.960049718191307     
   37389.597510510510        27.977496518783397     
   37389.639747747751        27.994472961175973     
   37389.681984984985        28.010968136875597     
   37389.724222222227        28.026971137400373     
   37389.766459459461        28.042471054257213     
   37389.808696696695        28.057456978961330     
   37389.850933933936        28.071918003027598     
   37389.893171171170        28.085843217963451     
   37389.935408408412        28.099221715286113     
   37389.977645645646        28.112042586503389     
   37390.019882882887        28.124294923132119     
   37390.062120120121        28.135967816680498     
   37390.104357357362        28.147050358664970     
   37390.146594594597        28.157572714951080     
   37390.188831831831        28.167954869566174     
   37390.231069069072        28.178740956631430     
   37390.273306306306        28.189817905884670     
   37390.315543543547        28.200790609391234     
   37390.357780780781        28.211296747964727     
   37390.400018018023        28.220982943346264     
   37390.442255255257        28.229495817307814     
   37390.484492492491        28.236555615578411     
   37390.526729729732        28.242240640913746     
   37390.568966966966        28.246737887772532     
   37390.611204204208        28.250235101767277     
   37390.653441441442        28.254989133229678     
   37390.695678678683        28.268464212890091     
   37390.737915915917        28.278325370915208     
   37390.780153153151        28.280222719025943     
   37390.822390390393        28.279827342633119     
   37390.864627627627        28.279956253272758     
   37390.906864864868        28.280611185994299     
   37390.949102102102        28.281675138469872     
   37390.991339339344        28.283031108372192     
   37391.033576576578        28.284562093373150     
   37391.075813813812        28.286151091145335     
   37391.118051051053        28.287681099361386     
   37391.160288288287        28.289035115693132     
   37391.202525525528        28.290096159747826     
   37391.244762762763        28.290771363666455     
   37391.287000000004        28.291038026115576     
   37391.329237237238        28.290886138300362     
   37391.371474474479        28.290305691426028     
   37391.413711711713        28.289286676698033     
   37391.455948948947        28.287819085321583     
   37391.498186186189        28.285892908501580     
   37391.540423423423        28.283498137443942     
   37391.582660660664        28.280624763353110     
   37391.624897897898        28.277265971119682     
   37391.667135135140        28.273438355934609     
   37391.709372372374        28.269168930501607     
   37391.751609609608        28.264484755074442     
   37391.793846846849        28.259412889906592     
   37391.836084084083        28.253980395254189     
   37391.878321321325        28.248214331369752     
   37391.920558558559        28.242141758509653     
   37391.962795795800        28.235789821952611     
   37392.005033033034        28.229186686833525     
   37392.047270270268        28.222361191486272     
   37392.089507507510        28.215342186169305     
   37392.131744744744        28.208158433256489     
   37392.173981981985        28.200828509425612     
   37392.216219219219        28.193351446132304     
   37392.258456456460        28.185724061918123     
   37392.300693693694        28.177943175329858     
   37392.342930930936        28.170005604908980     
   37392.385168168170        28.161908169202370     
   37392.427405405404        28.153640253108264     
   37392.469642642645        28.145130129135623     
   37392.511879879879        28.136276062058233     
   37392.554117117121        28.126976109031752     
   37392.596354354355        28.117128327218108     
   37392.638591591596        28.106630773772608     
   37392.680828828830        28.095381505857603     
   37392.723066066064        28.083314880908969     
   37392.765303303306        28.071043804089300     
   37392.807540540540        28.059554879881851     
   37392.849777777781        28.048668830102393     
   37392.892015015015        28.037821345262181     
   37392.934252252257        28.026447914750502     
   37392.976489489491        28.013984027964433     
   37393.018726726725        28.000379912854445     
   37393.060963963966        27.990829664249883     
   37393.103201201200        27.989195738493208     
   37393.145438438441        27.982525079045089     
   37393.187675675676        27.970545025172214     
   37393.229912912917        27.955003206953418     
   37393.272150150151        27.937647254476619     
   37393.314387387392        27.920224797818797     
   37393.356624624626        27.904458715851106     
   37393.398861861860        27.890913864164297     
   37393.441099099102        27.878526861367465     
   37393.483336336336        27.866365838679378     
   37393.525573573577        27.854208897626307     
   37393.567810810811        27.841957327728668     
   37393.610048048053        27.829512418498467     
   37393.652285285287        27.816775459456228     
   37393.694522522521        27.803647740116073     
   37393.736759759762        27.790040325641694     
   37393.778996996996        27.775955829322569     
   37393.821234234238        27.761446889735947     
   37393.863471471472        27.746566653319732     
   37393.905708708713        27.731368266501740     
   37393.947945945947        27.715904875720106     
   37393.990183183181        27.700229627405157     
   37394.032420420423        27.684395667987054     
   37394.074657657657        27.668456143904166     
   37394.116894894898        27.652463110727389     
   37394.159132132132        27.636439760439526     
   37394.201369369373        27.620378154752075     
   37394.243606606607        27.604268810386490     
   37394.285843843849        27.588102244053150     
   37394.328081081083        27.571868972473538     
   37394.370318318317        27.555559512360794     
   37394.412555555558        27.539164380428016     
   37394.454792792792        27.522674093396773     
   37394.497030030034        27.506079167977305     
   37394.539267267268        27.489370120891245     
   37394.581504504509        27.472537468848756     
   37394.623741741743        27.455571728571570     
   37394.665978978977        27.438463416772706     
   37394.708216216219        27.421203050165111     
   37394.750453453453        27.403781145470646     
   37394.792690690694        27.386188219399234     
   37394.834927927928        27.368414788672851     
   37394.877165165170        27.350451370001302     
   37394.919402402404        27.332288480106691     
   37394.961639639638        27.313916635701862     
   37395.003876876879        27.295326353499522     
   37395.046114114113        27.276508150221989     
   37395.088351351355        27.257452542578712     
   37395.130588588589        27.238150047292162     
   37395.172825825830        27.218591181071620     
   37395.215063063064        27.198766460639742     
   37395.257300300305        27.178666402705616     
   37395.299537537539        27.158281538422052     
   37395.341774774774        27.137633604943900     
   37395.384012012015        27.116841593573209     
   37395.426249249249        27.096043387928290     
   37395.468486486490        27.075376559554769     
   37395.510723723724        27.054929347056852     
   37395.552960960966        27.034687218504391     
   37395.595198198200        27.014622801436012     
   37395.637435435434        26.994708723379873     
   37395.679672672675        26.974917611864214     
   37395.721909909909        26.955222094427512     
   37395.764147147151        26.935594798594625     
   37395.806384384385        26.916008351903969     
   37395.848621621626        26.896435381880437     
   37395.890858858860        26.876848516062427     
   37395.933096096094        26.857220381978223     
   37395.975333333336        26.837523607156072     
   37396.017570570570        26.817730819134418     
   37396.059807807811        26.797818341344311     
   37396.102045045045        26.777815455465170     
   37396.144282282286        26.757791044239667     
   37396.186519519521        26.737814943955769     
   37396.228756756755        26.717956990891068     
   37396.270993993996        26.698287021323239     
   37396.313231231230        26.678874871540110     
   37396.355468468471        26.659790377769106     
   37396.397705705705        26.641067799258494     
   37396.439942942947        26.622603743849588     
   37396.482180180181        26.604261532842582     
   37396.524417417422        26.585917055535283     
   37396.566654654656        26.567549426928334     
   37396.608891891890        26.549188408608753     
   37396.651129129132        26.530864111498381     
   37396.693366366366        26.512606646528504     
   37396.735603603607        26.494446124617831     
   37396.777840840841        26.476412656697594     
   37396.820078078083        26.458536353686579     
   37396.862315315317        26.440847326515925     
   37396.904552552551        26.423375686107519     
   37396.946789789792        26.406151543383402     
   37396.989027027026        26.389205009274484     
   37397.031264264268        26.372566194699921     
   37397.073501501502        26.356265210590433     
   37397.115738738743        26.340332167865387     
   37397.157975975977        26.324797177455267     
   37397.200213213211        26.309690350282267     
   37397.242450450452        26.295041620634208     
   37397.284687687687        26.280870965887797     
   37397.326924924928        26.267183287981158     
   37397.369162162162        26.253982232985933     
   37397.411399399403        26.241271446964479     
   37397.453636636637        26.229054575988094     
   37397.495873873879        26.217335266119491     
   37397.538111111113        26.206117163429617     
   37397.580348348347        26.195403913983327     
   37397.622585585588        26.185199163845819     
   37397.664822822822        26.175506559087527     
   37397.707060060064        26.166329745772028     
   37397.749297297298        26.157672369969401     
   37397.791534534539        26.149538077743571     
   37397.833771771773        26.141930515164265     
   37397.876009009007        26.134853328296952     
   37397.918246246249        26.128310145381228     
   37397.960483483483        26.122302748640184     
   37398.002720720724        26.116829491196558     
   37398.044957957958        26.111888353147673     
   37398.087195195199        26.107477314587275     
   37398.129432432434        26.103594355612330     
   37398.171669669668        26.100237456317480     
   37398.213906906909        26.097404596797723     
   37398.256144144143        26.095093757149485     
   37398.298381381384        26.093302917467412     
   37398.340618618618        26.092030057847570     
   37398.382855855860        26.091273158384961     
   37398.425093093094        26.091030199175293     
   37398.467330330335        26.091299160313927     
   37398.509567567569        26.092078021896221     
   37398.551804804803        26.093364764017615     
   37398.594042042045        26.095157366773911     
   37398.636279279279        26.097453810259935     
   37398.678516516520        26.100252093274452     
   37398.720753753754        26.103591334603411     
   37398.762990990996        26.107638992263254     
   37398.805228228230        26.112587492770242     
   37398.847465465464        26.118629262642614     
   37398.889702702705        26.125921934641845     
   37398.931939939939        26.134364284644047     
   37398.974177177181        26.143738395876831     
   37399.016414414415        26.153825786564049     
   37399.058651651656        26.164407974936193     
   37399.100888888890        26.175266479216695     
   37399.143126126124        26.186182817634457     
   37399.185363363365        26.196962301996201     
   37399.227600600600        26.207706622543402     
   37399.269837837841        26.218718512091435     
   37399.312075075075        26.230304523933683     
   37399.354312312316        26.242710785710049     
   37399.396549549550        26.255959478957969     
   37399.438786786792        26.270020916160206     
   37399.481024024026        26.284865409790136     
   37399.523261261260        26.300463272328326     
   37399.565498498501        26.316784816255861     
   37399.607735735735        26.333800354045337     
   37399.649972972977        26.351480198180813     
   37399.692210210211        26.369794661134417     
   37399.734447447452        26.388714055390658     
   37399.776684684686        26.408208693421230     
   37399.818921921920        26.428248887707557     
   37399.861159159162        26.448804950731443     
   37399.903396396396        26.469847194964014     
   37399.945633633637        26.491345932890727     
   37399.987870870871        26.513271476982386     
   37400.030108108112        26.535594139724747     
   37400.072345345347        26.558284333898023     
   37400.114582582581        26.581317371182308     
   37400.156819819822        26.604675574404602     
   37400.199057057056        26.628341806234552     
   37400.241294294297        26.652298929358004     
   37400.283531531531        26.676529806444414     
   37400.325768768773        26.701017300179814     
   37400.368006006007        26.725744273233477     
   37400.410243243248        26.750693588291618     
   37400.452480480482        26.775848108023339     
   37400.494717717716        26.801190695110623     
   37400.536954954958        26.826704212235576     
   37400.579192192192        26.852371522067124     
   37400.621429429433        26.878175487291784     
   37400.663666666667        26.904098973052747     
   37400.705903903909        26.930125811327052     
   37400.748141141143        26.956242264437204     
   37400.790378378377        26.982434970564423     
   37400.832615615618        27.008690567889978     
   37400.874852852852        27.034995694581561     
   37400.917090090094        27.061336988824980     
   37400.959327327328        27.087701088787902     
   37401.001564564569        27.114074632656152     
   37401.043801801803        27.140444258597377     
   37401.086039039037        27.166796604792868     
   37401.128276276278        27.193118309423902     
   37401.170513513513        27.219396010658151     
   37401.212750750754        27.245616346681413     
   37401.254987987988        27.271765955661387     
   37401.297225225229        27.297831475783831     
   37401.339462462463        27.323799545216499     
   37401.381699699697        27.349656802140640     
   37401.423936936939        27.375389884737409     
   37401.466174174173        27.400985431174696     
   37401.508411411414        27.426430079638052     
   37401.550648648648        27.451710468295452     
   37401.592885885890        27.476813235332351     
   37401.635123123124        27.501725018916829     
   37401.677360360365        27.526432457234222     
   37401.719597597599        27.550922188480197     
   37401.761834834833        27.575181417570370     
   37401.804072072075        27.599199373445053     
   37401.846309309309        27.622965736715678     
   37401.888546546550        27.646470188010117     
   37401.930783783784        27.669702407939976     
   37401.973021021025        27.692652077132955     
   37402.015258258260        27.715308876200840     
   37402.057495495494        27.737662485767309     
   37402.099732732735        27.759702586455838     
   37402.141969969969        27.781418858878517     
   37402.184207207210        27.802800983662536     
   37402.226444444444        27.823838641420224     
   37402.268681681686        27.844521512778513     
   37402.310918918920        27.864839278349990     
   37402.353156156154        27.884781618757934     
   37402.395393393395        27.904338214625398     
   37402.437630630629        27.923498746565318     
   37402.479867867871        27.942252895204003     
   37402.522105105105        27.960590341154695     
   37402.564342342346        27.978500765043396     
   37402.606579579580        27.995973847483640     
   37402.648816816822        28.012999269101140     
   37402.691054054056        28.029566710509727     
   37402.733291291290        28.045665852332068     
   37402.775528528531        28.061286371697705     
   37402.817765765765        28.076410338614515     
   37402.860003003007        28.090996100485835     
   37402.902240240241        28.104997393433756     
   37402.944477477482        28.118367953590187     
   37402.986714714716        28.131061517077637     
   37403.028951951950        28.143032162571700     
   37403.071189189192        28.154271837261273     
   37403.113426426426        28.164844183886370     
   37403.155663663667        28.174820830009203     
   37403.197900900901        28.184273403184910     
   37403.240138138142        28.193273530975315     
   37403.282375375376        28.201892840935873     
   37403.324612612611        28.210202960626720     
   37403.366849849852        28.218275517607790     
   37403.409087087086        28.226173503624437     
   37403.451324324327        28.233892563278001     
   37403.493561561561        28.241396720051558     
   37403.535798798803        28.248649814786582     
   37403.578036036037        28.255615688319473     
   37403.620273273278        28.262258181491529     
   37403.662510510512        28.268541135139355     
   37403.704747747746        28.274428390103033     
   37403.746984984988        28.279883787222364     
   37403.789222222222        28.284871167334380     
   37403.831459459463        28.289354371279678     
   37403.873696696697        28.293297239895622     
   37403.915933933939        28.296663614022457     
   37403.958171171173        28.299417334497925     
   37404.000408408407        28.301522242161564     
   37404.042645645648        28.302942177852458     
   37404.084882882882        28.303640982409021     
   37404.127120120123        28.303582496670391     
   37404.169357357358        28.302730561475475     
   37404.211594594599        28.301049017662884     
   37404.253831831833        28.298501706072091     
   37404.296069069067        28.295052467541780     
   37404.338306306308        28.290665142910026     
   37404.380543543542        28.285524832556252     
   37404.422780780784        28.281148420954604     
   37404.465018018018        28.279410030361081     
   37404.507255255259        28.279828465644126     
   37404.549492492493        28.280113697076562     
   37404.591729729735        28.279451342050180     
   37404.633966966969        28.277881019062178     
   37404.676204204203        28.275451519630778     
   37404.718441441444        28.272211635273599     
   37404.760678678678        28.268210157510012     
   37404.802915915920        28.263495877856908     
   37404.845153153154        28.258117587834171     
   37404.887390390395        28.252124078958207     
   37404.929627627629        28.245564142749338     
   37404.971864864863        28.238486570724838     
   37405.014102102105        28.230940154401615     
   37405.056339339339        28.222973685300520     
   37405.098576576580        28.214635954937076     
   37405.140813813814        28.205975754832416     
   37405.183051051055        28.197041876501828     
   37405.225288288289        28.187883111466629     
   37405.267525525524        28.178547453708276     
   37405.309762762765        28.168753298827774     
   37405.351999999999        28.157387774371045     
   37405.394237237240        28.144128634035368     
   37405.436474474474        28.130005905671535     
   37405.478711711716        28.115506743729235     
   37405.520948948950        28.101070967158911     
   37405.563186186191        28.087138394901153     
   37405.605423423425        28.074148845906212     
   37405.647660660659        28.062542139117028     
   37405.689897897901        28.052758093477479     
   37405.732135135135        28.045236527936400     
   37405.774372372376        28.040417261436755     
   37405.816609609610        28.038740112925655     
   37405.858846846852        28.039845256625686     
   37405.901084084086        28.011517555764208     
   37405.943321321320        27.981957198499387     
   37405.985558558561        27.954281278310713     
   37406.027795795795        27.928404058740465     
   37406.070033033036        27.904239803312500     
   37406.112270270271        27.881702775567902     
   37406.154507507512        27.860707239031669     
   37406.196744744746        27.841167457243795     
   37406.238981981980        27.822997693733324     
   37406.281219219221        27.806112212030229     
   37406.323456456455        27.790425275673108     
   37406.365693693697        27.775851148189304     
   37406.407930930931        27.762304093116605     
   37406.450168168172        27.749698373983101     
   37406.492405405406        27.737948254325907     
   37406.534642642640        27.726967997675551     
   37406.576879879882        27.716671867563104     
   37406.619117117116        27.706974127524880     
   37406.661354354357        27.697789041090282     
   37406.703591591591        27.689030871795261     
   37406.745828828833        27.680613883169542     
   37406.788066066067        27.672452338748801     
   37406.830303303308        27.664460502062973     
   37406.872540540542        27.656552636647579     
   37406.914777777776        27.648643006034025     
   37406.957015015018        27.640645873753694     
   37406.999252252252        27.632475503342121     
   37407.041489489493        27.624046158329236     
   37407.083726726727        27.615272102250721     
   37407.125963963968        27.606067598636297     
   37407.168201201202        27.596346911021911     
   37407.210438438437        27.586024302938799     
   37407.252675675678        27.575014037917789     
   37407.294912912912        27.563230379495433     
   37407.337150150153        27.550587591200436     
   37407.379387387387        27.536999936569920     
   37407.421624624629        27.522385882445274     
   37407.463861861863        27.506755343106516     
   37407.506099099097        27.490206866384590     
   37407.548336336338        27.472842640476713     
   37407.590573573572        27.454764853589150     
   37407.632810810814        27.436075693915967     
   37407.675048048048        27.416877349663885     
   37407.717285285289        27.397272009026587     
   37407.759522522523        27.377361860211106     
   37407.801759759765        27.357249060287387     
   37407.843996996999        27.337017880672320     
   37407.886234234233        27.316704775541272     
   37407.928471471474        27.296338293197387     
   37407.970708708708        27.275946981954352     
   37408.012945945949        27.255559390111809     
   37408.055183183184        27.235204065983456     
   37408.097420420425        27.214909557868943     
   37408.139657657659        27.194704414081926     
   37408.181894894893        27.174617182925573     
   37408.224132132134        27.154676412703125     
   37408.266369369368        27.134910651728106     
   37408.308606606610        27.115348448300388     
   37408.350843843844        27.096018350733374     
   37408.393081081085        27.076948907327075     
   37408.435318318319        27.058168666394728     
   37408.477555555553        27.039706176239683     
   37408.519792792795        27.021589985165516     
   37408.562030030029        27.003848641485128     
   37408.604267267270        26.986510693499088     
   37408.646504504504        26.969604689520025     
   37408.688741741746        26.953159177848793     
   37408.730978978980        26.937183001055299     
   37408.773216216221        26.921541440441349     
   37408.815453453455        26.906036236390989     
   37408.857690690689        26.890468846383925     
   37408.899927927931        26.874640727899827     
   37408.942165165165        26.858353338426536     
   37408.984402402406        26.841408135440794     
   37409.026639639640        26.823606576430841     
   37409.068876876881        26.804750118872885     
   37409.111114114115        26.784640220255824     
   37409.153351351350        26.763078338058932     
   37409.195588588591        26.739865929760477     
   37409.237825825825        26.714804452850856     
   37409.280063063066        26.687695364803787     
   37409.322300300300        26.658340478015266     
   37409.364537537542        26.629116127987459     
   37409.406774774776        26.611148899626311     
   37409.449012012010        26.608819522256002     
   37409.491249249251        26.597950540470354     
   37409.533486486485        26.578525271615046     
   37409.575723723727        26.554007718910899     
   37409.617960960961        26.527861885593094     
   37409.660198198202        26.503341126658338     
   37409.702435435436        26.481456563603494     
   37409.744672672678        26.461865114116314     
   37409.786909909912        26.444204936176952     
   37409.829147147146        26.428114187755305     
   37409.871384384387        26.413231026822356     
   37409.913621621621        26.399193611356637     
   37409.955858858862        26.385640099326633     
   37409.998096096097        26.372208648710419     
   37410.040333333338        26.358577023555746     
   37410.082570570572        26.344683645572712     
   37410.124807807806        26.330572302256257     
   37410.167045045047        26.316287076556783     
   37410.209282282281        26.301872051432078     
   37410.251519519523        26.287371309830064     
   37410.293756756757        26.272828934708613     
   37410.335993993998        26.258289009015606     
   37410.378231231232        26.243795615708919     
   37410.420468468466        26.229392837738924     
   37410.462705705708        26.215124758056042     
   37410.504942942942        26.201070860755294     
   37410.547180180183        26.187768301787948     
   37410.589417417417        26.176073002461141     
   37410.631654654659        26.166847359530962     
   37410.673891891893        26.160953769760507     
   37410.716129129134        26.159038159722790     
   37410.758366366368        26.159612838215562     
   37410.800603603602        26.159975956952700     
   37410.842840840844        26.157411617942373     
   37410.885078078078        26.149203923194118     
   37410.927315315319        26.132636974713130     
   37410.969552552553        26.106614286628478     
   37411.011789789794        26.089586798494508     
   37411.054027027028        26.085113550575741     
   37411.096264264263        26.089152468535794     
   37411.138501501504        26.097661478044149     
   37411.180738738738        26.106887305436015     
   37411.222975975979        26.115578275269659     
   37411.265213213213        26.123765684434780     
   37411.307450450455        26.131491282100640     
   37411.349687687689        26.138796817431007     
   37411.391924924923        26.145724039593688     
   37411.434162162164        26.152314697756211     
   37411.476399399398        26.158610541082737     
   37411.518636636640        26.164653318741887     
   37411.560873873874        26.170484779898011     
   37411.603111111115        26.176146673719558     
   37411.645348348349        26.181680749371012     
   37411.687585585583        26.187128756019789     
   37411.729822822825        26.192532442833254     
   37411.772060060059        26.197933558975972     
   37411.814297297300        26.203373853616242     
   37411.856534534534        26.208895075918633     
   37411.898771771776        26.214538975051489     
   37411.941009009010        26.220347300179299     
   37411.983246246251        26.226361800470503     
   37412.025483483485        26.232624225089467     
   37412.067720720719        26.239176323203637     
   37412.109957957960        26.246059843980653     
   37412.152195195195        26.253316536584578     
   37412.194432432436        26.260988150184360     
   37412.236669669670        26.269116433943786     
   37412.278906906911        26.277743137032104     
   37412.321144144145        26.286910008612772     
   37412.363381381379        26.296658797853659     
   37412.405618618621        26.307031253923036     
   37412.447855855855        26.318069125983765     
   37412.490093093096        26.329814163206095     
   37412.532330330330        26.342308114752409     
   37412.574567567572        26.355592729793454     
   37412.616804804806        26.369709757491087     
   37412.659042042040        26.384700947013965     
   37412.701279279281        26.400608047531325     
   37412.743516516515        26.417472808204124     
   37412.785753753757        26.435336978204617     
   37412.827990990991        26.454242306693079     
   37412.870228228232        26.474230542842477     
   37412.912465465466        26.495322157687788     
   37412.954702702707        26.517333559232526     
   37412.996939939942        26.539967513722363     
   37413.039177177176        26.562971766931817     
   37413.081414414417        26.586279683008012     
   37413.123651651651        26.609871229059181     
   37413.165888888892        26.633726372209832     
   37413.208126126126        26.657825079568131     
   37413.250363363368        26.682147318258753     
   37413.292600600602        26.706673055389714     
   37413.334837837836        26.731382258081563     
   37413.377075075077        26.756254893454997     
   37413.419312312311        26.781270928617825     
   37413.461549549553        26.806410770664716     
   37413.503786786787        26.831660218322227     
   37413.546024024028        26.857008685032859     
   37413.588261261262        26.882445650893064     
   37413.630498498496        26.907960596012387     
   37413.672735735738        26.933543000500425     
   37413.714972972972        26.959182344453556     
   37413.757210210213        26.984868107985790     
   37413.799447447447        27.010589771193466     
   37413.841684684689        27.036336814190630     
   37413.883921921923        27.062098717073599     
   37413.926159159164        27.087864959956427     
   37413.968396396398        27.113625022935430     
   37414.010633633632        27.139368386120225     
   37414.052870870873        27.165084529620437     
   37414.095108108108        27.190762933532380     
   37414.137345345349        27.216393077970096     
   37414.179582582583        27.241964443029932     
   37414.221819819824        27.267466508825891     
   37414.264057057058        27.292888755454360     
   37414.306294294292        27.318220663024938     
   37414.348531531534        27.343451711647138     
   37414.390768768768        27.368571381417464     
   37414.433006006009        27.393569152449746     
   37414.475243243243        27.418434504840562     
   37414.517480480485        27.443156918703657     
   37414.559717717719        27.467725874135709     
   37414.601954954953        27.492130851246170     
   37414.644192192194        27.516361330144385     
   37414.686429429428        27.540406790927193     
   37414.728666666670        27.564256713708062     
   37414.770903903904        27.587900578583962     
   37414.813141141145        27.611327865668226     
   37414.855378378379        27.634528055057963     
   37414.897615615620        27.657490626866348     
   37414.939852852855        27.680205061190662     
   37414.982090090089        27.702660838140062     
   37415.024327327330        27.724847437823538     
   37415.066564564564        27.746754340338629     
   37415.108801801805        27.768371025798075     
   37415.151039039039        27.789686974299599     
   37415.193276276281        27.810691665955744     
   37415.235513513515        27.831374580864448     
   37415.277750750749        27.851725199134552     
   37415.319987987990        27.871733000874652     
   37415.362225225224        27.891387466183048     
   37415.404462462466        27.910678075171688     
   37415.446699699700        27.929594307939119     
   37415.488936936941        27.948125644597035     
   37415.531174174175        27.966261565244242     
   37415.573411411409        27.983991549989153     
   37415.615648648651        28.001305078939893     
   37415.657885885885        28.018191632195695     
   37415.700123123126        28.034640689867558     
   37415.742360360360        28.050641732054995     
   37415.784597597602        28.066184238868704     
   37415.826834834836        28.081257690408520     
   37415.869072072077        28.095851566784816     
   37415.911309309311        28.109955348097753     
   37415.953546546545        28.123558514455070     
   37415.995783783786        28.136650545964169     
   37416.038021021021        28.149220922725721     
   37416.080258258262        28.161259124849245     
   37416.122495495496        28.172754632435772     
   37416.164732732737        28.183696925594457     
   37416.206969969971        28.194075484426708     
   37416.249207207205        28.203879789039650     
   37416.291444444447        28.213099319540003     
   37416.333681681681        28.221723594660659     
   37416.375918918922        28.229749772619993     
   37416.418156156156        28.237191793699125     
   37416.460393393398        28.244065828757002     
   37416.502630630632        28.250388048647608     
   37416.544867867866        28.256174624228549     
   37416.587105105107        28.261441726357052     
   37416.629342342341        28.266205525887671     
   37416.671579579583        28.270482193678408     
   37416.713816816817        28.274287900584163     
   37416.756054054058        28.277638817462616     
   37416.798291291292        28.280551115168976     
   37416.840528528526        28.283040964560225     
   37416.882765765768        28.285124536493054     
   37416.925003003002        28.286818001823107     
   37416.967240240243        28.288137531407344     
   37417.009477477477        28.289099296101668     
   37417.051714714718        28.289719466762790     
   37417.093951951952        28.290014208955732     
   37417.136189189194        28.289991261797049     
   37417.178426426428        28.289632849792628     
   37417.220663663662        28.288916386743985     
   37417.262900900903        28.287819286452397     
   37417.305138138137        28.286318962719719     
   37417.347375375379        28.284392829346917     
   37417.389612612613        28.282018300136144     
   37417.431849849854        28.279172788888072     
   37417.474087087088        28.275833709405166     
   37417.516324324322        28.271978475488464     
   37417.558561561564        28.267616670787145     
   37417.600798798798        28.263391353000380     
   37417.643036036039        28.260525023582616     
   37417.685273273273        28.260095716279931     
   37417.727510510515        28.259817619152017     
   37417.769747747749        28.255786468490214     
   37417.811984984983        28.248392003896122     
   37417.854222222224        28.238823180551250     
   37417.896459459458        28.228268953642342     
   37417.938696696699        28.217918278349469     
   37417.980933933934        28.208960109859639     
   37418.023171171175        28.202583403353493     
   37418.065408408409        28.199977114016662     
   37418.107645645650        28.200027300457378     
   37418.149882882884        28.191827874217680     
   37418.192120120118        28.181595968486821     
   37418.234357357360        28.172640204672962     
   37418.276594594594        28.164428878235732     
   37418.318831831835        28.156426299168807     
   37418.361069069069        28.148327676407774     
   37418.403306306311        28.140094176857104     
   37418.445543543545        28.131701693609873     
   37418.487780780779        28.123126119754914     
   37418.530018018020        28.114343348380949     
   37418.572255255254        28.105329272581230     
   37418.614492492496        28.096059785442897     
   37418.656729729730        28.086510780059374     
   37418.698966966971        28.076658149517609     
   37418.741204204205        28.066477786911236     
   37418.783441441439        28.055945585328828     
   37418.825678678681        28.045037437858717     
   37418.867915915915        28.033729237594894     
   37418.910153153156        28.021996877623707     
   37418.952390390390        28.009816251039428     
   37418.994627627631        27.997163250928100     
   37419.036864864865        27.984013770384323     
   37419.079102102107        27.970343702493793     
   37419.121339339341        27.956130431446862     
   37419.163576576575        27.941502654709442     
   37419.205813813816        27.926868458242847     
   37419.248051051050        27.912652337707424     
   37419.290288288292        27.898992911404868     
   37419.332525525526        27.885758920997088     
   37419.374762762767        27.872808554515359     
   37419.417000000001        27.859999999999999     
