   68337.490000000005        26.340000000000000     
   68337.517084084087        26.342090756386892     
   68337.544168168170        26.344203966404102     
   68337.571252252252        26.346362083681953     
   68337.598336336348        26.348587561851989     
   68337.625420420431        26.350901210812015     
   68337.652504504513        26.353253780750332     
   68337.679588588595        26.355501278765523     
   68337.706672672677        26.357492990145715     
   68337.733756756759        26.359078200179052     
   68337.760840840841        26.360104262715581     
   68337.787924924924        26.359443933169349     
   68337.815009009020        26.355460549401542     
   68337.842093093102        26.349761711730306     
   68337.869177177185        26.343948577434467     
   68337.896261261267        26.338305650587756     
   68337.923345345349        26.332825841379229     
   68337.950429429431        26.327502059997943     
   68337.977513513513        26.322327216632967     
   68338.004597597610        26.317294221470686     
   68338.031681681692        26.312395984705574     
   68338.058765765774        26.307625416523951     
   68338.085849849856        26.302975427114870     
   68338.112933933939        26.298438926667401     
   68338.140018018021        26.294008825370604     
   68338.167102102103        26.289678033413534     
   68338.194186186185        26.285439460985256     
   68338.221270270282        26.281286018272620     
   68338.248354354364        26.277210615469151     
   68338.275438438446        26.273206162761650     
   68338.302522522528        26.269265570339183     
   68338.329606606610        26.265381748390809     
   68338.356690690693        26.261547607105594     
   68338.383774774775        26.257756056672591     
   68338.410858858857        26.254000007280865     
   68338.437942942954        26.250272369117482     
   68338.465027027036        26.246566052375506     
   68338.492111111118        26.242873967241984     
   68338.519195195200        26.239189023905983     
   68338.546279279282        26.235504132556560     
   68338.573363363364        26.231812203382777     
   68338.600447447447        26.228106146573694     
   68338.627531531543        26.224378872316368     
   68338.654615615626        26.220623290803857     
   68338.681699699708        26.216832312223225     
   68338.708783783790        26.212998846763533     
   68338.735867867872        26.209115804613852     
   68338.762951951954        26.205176095963232     
   68338.790036036036        26.201172631000734     
   68338.817120120118        26.197098319915426     
   68338.844204204215        26.192946072894113     
   68338.871288288297        26.188708800130314     
   68338.898372372380        26.184379411810880     
   68338.925456456462        26.179950818124880     
   68338.952540540544        26.175415929261362     
   68338.979624624626        26.170767655409399     
   68339.006708708708        26.165998906758041     
   68339.033792792805        26.161102593493691     
   68339.060876876887        26.156071625810672     
   68339.087960960969        26.150898913895436     
   68339.115045045051        26.145577367937054     
   68339.142129129134        26.140099898124589     
   68339.169213213216        26.134459414647097     
   68339.196297297298        26.128648827693638     
   68339.223381381380        26.122661047453278     
   68339.250465465477        26.116488984111704     
   68339.277549549559        26.110125547864619     
   68339.304633633641        26.103563648897804     
   68339.331717717723        26.096800399656978     
   68339.358801801805        26.089944917609117     
   68339.385885885888        26.083227583318681     
   68339.412969969970        26.076884834883870     
   68339.440054054066        26.071153110400019     
   68339.467138138149        26.066215768758816     
   68339.494222222231        26.061838303775538     
   68339.521306306313        26.057600450954030     
   68339.548390390395        26.053288155321916     
   68339.575474474477        26.048862305944901     
   68339.602558558559        26.044289271960910     
   68339.629642642642        26.039535422507861     
   68339.656726726738        26.034567126720940     
   68339.683810810820        26.029350753743401     
   68339.710894894903        26.023852672710543     
   68339.737978978985        26.018039252760300     
   68339.765063063067        26.011876863030583     
   68339.792147147149        26.005497156158697     
   68339.819231231231        26.000697261123008     
   68339.846315315313        25.999727531924936     
   68339.873399399410        25.999906169475938     
   68339.900483483492        25.998398762137718     
   68339.927567567574        25.995370642864128     
   68339.954651651657        25.991146672188489     
   68339.981735735739        25.986051710644126     
   68340.008819819821        25.980410618764353     
   68340.035903903903        25.974548257082496     
   68340.062987988000        25.968789486128870     
   68340.090072072082        25.963459166443130     
   68340.117156156164        25.958880128616549     
   68340.144240240246        25.955160964389766     
   68340.171324324328        25.952010076353616     
   68340.198408408411        25.949092031194574     
   68340.225492492493        25.946071395599102     
   68340.252576576575        25.942612736253690     
   68340.279660660672        25.938388917993638     
   68340.306744744754        25.933496224270719     
   68340.333828828836        25.928643673979039     
   68340.360912912918        25.924251253204950     
   68340.387996997000        25.920149314456395     
   68340.415081081082        25.916142167639265     
   68340.442165165165        25.912182935548472     
   68340.469249249261        25.908266308757440     
   68340.496333333344        25.904386979739201     
   68340.523417417426        25.900539640960453     
   68340.550501501508        25.896718984890033     
   68340.577585585590        25.892919703996753     
   68340.604669669672        25.889136490749447     
   68340.631753753754        25.885364037616931     
   68340.658837837836        25.881597037068033     
   68340.685921921933        25.877830181569550     
   68340.713006006015        25.874058163594356     
   68340.740090090098        25.870275675609250     
   68340.767174174180        25.866477410083046     
   68340.794258258262        25.862658059484581     
   68340.821342342344        25.858812445604595     
   68340.848426426426        25.854944776479311     
   68340.875510510523        25.851074830505233     
   68340.902594594605        25.847223852436194     
   68340.929678678687        25.843413087019783     
   68340.956762762769        25.839663779005665     
   68340.983846846852        25.835997173143518     
   68341.010930930934        25.832434514183010     
   68341.038015015016        25.828996277147134     
   68341.065099099098        25.825641374465796     
   68341.092183183195        25.822223212996480     
   68341.119267267277        25.818586620598829     
   68341.146351351359        25.814655313551228     
   68341.173435435441        25.810461295074525     
   68341.200519519523        25.806044420657081     
   68341.227603603606        25.801444545787231     
   68341.254687687688        25.796701525953338     
   68341.281771771770        25.791855216643750     
   68341.308855855867        25.786945473344169     
   68341.335939939949        25.782012151548241     
   68341.363024024031        25.777092080824339     
   68341.390108108113        25.772175280320862     
   68341.417192192195        25.767214933534536     
   68341.444276276277        25.762163228981187     
   68341.471360360360        25.756972355176643     
   68341.498444444456        25.751594500633772     
   68341.525528528538        25.745981853874156     
   68341.552612612621        25.740086603410781     
   68341.579696696703        25.733882000221712     
   68341.606780780785        25.727429239377077     
   68341.633864864867        25.720812465670246     
   68341.660948948949        25.714115823958942     
   68341.688033033031        25.707423459100887     
   68341.715117117128        25.700819515950293     
   68341.742201201210        25.694388139372023     
   68341.769285285292        25.688213474220213     
   68341.796369369375        25.682379665352588     
   68341.823453453457        25.676966841076926     
   68341.850537537539        25.671987424927160     
   68341.877621621621        25.667382036349725     
   68341.904705705718        25.662834928684561     
   68341.931789789800        25.657821996330433     
   68341.958873873882        25.651813010819176     
   68341.985957957964        25.644468789087981     
   68342.013042042046        25.637156853992938     
   68342.040126126129        25.631024526336674     
   68342.067210210211        25.625766919595719     
   68342.094294294293        25.620984459449566     
   68342.121378378390        25.616310786372011     
   68342.148462462472        25.611633603952043     
   68342.175546546554        25.606957935902464     
   68342.202630630636        25.602289437383430     
   68342.229714714718        25.597633763555102     
   68342.256798798800        25.592996569577643     
   68342.283882882883        25.588383510611205     
   68342.310966966979        25.583800241813499     
   68342.338051051061        25.579252418349618     
   68342.365135135144        25.574745695377246     
   68342.392219219226        25.570285728056547     
   68342.419303303308        25.565878171547674     
   68342.446387387390        25.561528681010792     
   68342.473471471472        25.557243686658158     
   68342.500555555554        25.553039372781946     
   68342.527639639651        25.548938588978480     
   68342.554723723733        25.544964313932965     
   68342.581807807815        25.541139526323978     
   68342.608891891898        25.537487204832320     
   68342.635975975980        25.534030328138797     
   68342.663060060062        25.530791874924216     
   68342.690144144144        25.527792102791494     
   68342.717228228241        25.525027086584409     
   68342.744312312323        25.522480234739636     
   68342.771396396405        25.520134844423545     
   68342.798480480487        25.517974212804049     
   68342.825564564570        25.515981637049066     
   68342.852648648652        25.514140414326505     
   68342.879732732734        25.512433841804288     
   68342.906816816816        25.510845216650328     
   68342.933900900913        25.509358403740364     
   68342.960984984995        25.507974953328212     
   68342.988069069077        25.506717133143685     
   68343.015153153159        25.505608389810590     
   68343.042237237241        25.504672169952734     
   68343.069321321324        25.503931920193931     
   68343.096405405406        25.503411087157975     
   68343.123489489488        25.503133117468682     
   68343.150573573585        25.503121457749913     
   68343.177657657667        25.503399554625513     
   68343.204741741749        25.503990854719198     
   68343.231825825831        25.504918804654775     
   68343.258909909913        25.506206851056049     
   68343.285993993995        25.507878440546833     
   68343.313078078078        25.509957019750924     
   68343.340162162174        25.512466035293599     
   68343.367246246256        25.515428933795974     
   68343.394330330339        25.518869161883096     
   68343.421414414421        25.522810166178758     
   68343.448498498503        25.527275393306773     
   68343.475582582585        25.532288289890950     
   68343.502666666667        25.537872302555087     
   68343.529750750749        25.544050877922992     
   68343.556834834846        25.550847462622290     
   68343.583918918928        25.558285503269502     
   68343.611003003010        25.566388446491910     
   68343.638087087093        25.575179738913324     
   68343.665171171175        25.584682827157547     
   68343.692255255257        25.594921157848383     
   68343.719339339339        25.605888525699175     
   68343.746423423436        25.616982502335677     
   68343.773507507518        25.627048519554723     
   68343.800591591600        25.634911190228507     
   68343.827675675682        25.639395127223214     
   68343.854759759764        25.640117273987020     
   68343.881843843847        25.647485584371911     
   68343.908927927929        25.660882537085207     
   68343.936012012011        25.673937424630736     
   68343.963096096108        25.683268575128551     
   68343.990180180190        25.690134645917166     
   68344.017264264272        25.696194319696630     
   68344.044348348354        25.703082522459692     
   68344.071432432436        25.711606461838450     
   68344.098516516518        25.721550477159631     
   68344.125600600601        25.732635571941163     
   68344.152684684697        25.744582749707561     
   68344.179768768779        25.757113013963789     
   68344.206852852862        25.769947368233971     
   68344.233936936944        25.782807323629086     
   68344.261021021026        25.795499698206953     
   68344.288105105108        25.808011705249818     
   68344.315189189190        25.820353497528153     
   68344.342273273272        25.832535227812432     
   68344.369357357369        25.844567048879554     
   68344.396441441451        25.856459113487080     
   68344.423525525533        25.868221574411979     
   68344.450609609616        25.879864584424730     
   68344.477693693698        25.891398296295808     
   68344.504777777780        25.902832862795691     
   68344.531861861862        25.914178436694847     
   68344.558945945944        25.925445170763762     
   68344.586030030041        25.936643217778901     
   68344.613114114123        25.947782730498716     
   68344.640198198205        25.958873861699715     
   68344.667282282287        25.969926764152376     
   68344.694366366370        25.980951590627171     
   68344.721450450452        25.991958493894572     
   68344.748534534534        26.002957626725063     
   68344.775618618631        26.013959141895025     
   68344.802702702713        26.024973192163120     
   68344.829786786795        26.036009930305735     
   68344.856870870877        26.047079509093336     
   68344.883954954959        26.058189600305621     
   68344.911039039041        26.069325302315114     
   68344.938123123124        26.080459661860093     
   68344.965207207206        26.091565612547640     
   68344.992291291303        26.102616087990754     
   68345.019375375385        26.113584021784639     
   68345.046459459467        26.124442347542328     
   68345.073543543549        26.135163998870905     
   68345.100627627631        26.145721909377464     
   68345.127711711713        26.156089012669081     
   68345.154795795796        26.166238242352840     
   68345.181879879892        26.176143575434562     
   68345.208963963974        26.185793249797552     
   68345.236048048057        26.195185828863575     
   68345.263132132139        26.204320106552505     
   68345.290216216221        26.213194876784190     
   68345.317300300303        26.221808933478492     
   68345.344384384385        26.230161070555269     
   68345.371468468467        26.238250081934382     
   68345.398552552564        26.246074761539823     
   68345.425636636646        26.253633903283045     
   68345.452720720728        26.260926301088180     
   68345.479804804811        26.267950748875094     
   68345.506888888893        26.274706040563629     
   68345.533972972975        26.281190970073666     
   68345.561057057057        26.287404331325057     
   68345.588141141154        26.293344918240770     
   68345.615225225236        26.299011524734290     
   68345.642309309318        26.304402944728743     
   68345.669393393400        26.309517972143983     
   68345.696477477482        26.314355400899871     
   68345.723561561565        26.318914024916268     
   68345.750645645647        26.323192638113035     
   68345.777729729729        26.327190034410030     
   68345.804813813826        26.330905007729029     
   68345.831897897908        26.334336351985907     
   68345.858981981990        26.337482861102586     
   68345.886066066072        26.340343328998930     
   68345.913150150154        26.342916549594797     
   68345.940234234236        26.345201316810055     
   68345.967318318319        26.347196424564551     
   68345.994402402401        26.348900666778153     
   68346.021486486497        26.350312837371394     
   68346.048570570580        26.351431730262618     
   68346.075654654662        26.352256139372528     
   68346.102738738744        26.352784858620979     
   68346.129822822826        26.353016681927826     
   68346.156906906908        26.352950403212937     
   68346.183990990990        26.352584816396160     
   68346.211075075087        26.351918715396927     
   68346.238159159169        26.350950894135806     
   68346.265243243251        26.349680197899836     
   68346.292327327334        26.348113080241319     
   68346.319411411416        26.346271586667953     
   68346.346495495498        26.344179673433217     
   68346.373579579580        26.341861296790618     
   68346.400663663662        26.339340412993657     
   68346.427747747759        26.336640978294319     
   68346.454831831841        26.333786948949026     
   68346.481915915923        26.330802281209859     
   68346.509000000005        26.327710931330323     
   68346.536084084088        26.324536855563906     
   68346.563168168170        26.321304010164106     
   68346.590252252252        26.318032306158585     
   68346.617336336349        26.314681141953560     
   68346.644420420431        26.311163341379753     
   68346.671504504513        26.307396159555470     
   68346.698588588595        26.303358506242596     
   68346.725672672677        26.299067343602328     
   68346.752756756759        26.294540194828048     
   68346.779840840842        26.289794583113149     
   68346.806924924924        26.284848031651009     
   68346.834009009021        26.279718063632217     
   68346.861093093103        26.274422202255682     
   68346.888177177185        26.268977970712076     
   68346.915261261267        26.263402892194783     
   68346.942345345349        26.257714489897200     
   68346.969429429431        26.251930287012701     
   68346.996513513513        26.246067806734679     
   68347.023597597610        26.240144572253328     
   68347.050681681692        26.234178106768393     
   68347.077765765775        26.228185933470105     
   68347.104849849857        26.222185575551840     
   68347.131933933939        26.216194556206997     
   68347.159018018021        26.210230398628955     
   68347.186102102103        26.204310626011097     
   68347.213186186185        26.198452664173523     
   68347.240270270282        26.192663767620111     
   68347.267354354364        26.186932248728230     
   68347.294438438446        26.181244352744031     
   68347.321522522529        26.175586324916786     
   68347.348606606611        26.169944410495773     
   68347.375690690693        26.164304854730258     
   68347.402774774775        26.158653902869521     
   68347.429858858857        26.152977800162834     
   68347.456942942954        26.147262791856384     
   68347.484027027036        26.141495123205587     
   68347.511111111118        26.135662700464927     
   68347.538195195200        26.129768252147120     
   68347.565279279283        26.123822296326559     
   68347.592363363365        26.117835420311316     
   68347.619447447447        26.111818211409478     
   68347.646531531544        26.105781256925876     
   68347.673615615626        26.099735144175078     
   68347.700699699708        26.093690460461929     
   68347.727783783790        26.087657793094500     
   68347.754867867872        26.081647729380883     
   68347.781951951954        26.075670856629145     
   68347.809036036037        26.069737762147376     
   68347.836120120119        26.063859033243656     
   68347.863204204215        26.058045257222950     
   68347.890288288298        26.052307021399603     
   68347.917372372380        26.046654913078541     
   68347.944456456462        26.041099519567851     
   68347.971540540544        26.035651428175612     
   68347.998624624626        26.030321226209900     
   68348.025708708708        26.025119500978789     
   68348.052792792805        26.020056839787696     
   68348.079876876887        26.015143829950134     
   68348.106960960969        26.010391058771422     
   68348.134045045052        26.005809113559646     
   68348.161129129134        26.001408581622883     
   68348.188213213216        25.997200050269214     
   68348.215297297298        25.993194106806715     
   68348.242381381380        25.989401291930388     
   68348.269465465477        25.985815067366389     
   68348.296549549559        25.982386440855770     
   68348.323633633641        25.979059935173311     
   68348.350717717723        25.975780073095756     
   68348.377801801806        25.972491377399855     
   68348.404885885888        25.969138524866594     
   68348.431969969970        25.965684066335399     
   68348.459054054067        25.962124865048828     
   68348.486138138149        25.958461671045228     
   68348.513222222231        25.954695234357246     
   68348.540306306313        25.950826305019415     
   68348.567390390395        25.946870573020490     
   68348.594474474477        25.942957841658494     
   68348.621558558560        25.939270126798139     
   68348.648642642642        25.935906945671366     
   68348.675726726739        25.932785808331712     
   68348.702810810821        25.929800009169881     
   68348.729894894903        25.926842842571553     
   68348.756978978985        25.923807602924128     
   68348.784063063067        25.920587584615021     
   68348.811147147149        25.917076082031635     
   68348.838231231231        25.913166389561376     
   68348.865315315314        25.908752832758477     
   68348.892399399410        25.903832834125470     
   68348.919483483493        25.898593333403419     
   68348.946567567575        25.893241620523618     
   68348.973651651657        25.887984985419884     
   68349.000735735739        25.883030718026038     
   68349.027819819821        25.878586108275897     
   68349.054903903903        25.874858446103278     
   68349.081987988000        25.872055021440779     
   68349.109072072082        25.870383124225324     
   68349.136156156164        25.870008789186883     
   68349.163240240247        25.869302561934038     
   68349.190324324329        25.867100546521222     
   68349.217408408411        25.863672431830555     
   68349.244492492493        25.859294080269279     
   68349.271576576575        25.854241354244643     
   68349.298660660672        25.848790116160906     
   68349.325744744754        25.843216228431302     
   68349.352828828836        25.837795553460225     
   68349.379912912918        25.832803953654924     
   68349.406996997001        25.828509262006811     
   68349.434081081083        25.824801666466904     
   68349.461165165165        25.821039115794392     
   68349.488249249262        25.816611374669176     
   68349.515333333344        25.811539034556667     
   68349.542417417426        25.806169603311378     
   68349.569501501508        25.800853354114473     
   68349.596585585590        25.795886327144935     
   68349.623669669672        25.791204670492476     
   68349.650753753755        25.786597956114566     
   68349.677837837837        25.781855327447474     
   68349.704921921933        25.776765927924597     
   68349.732006006016        25.771118900987581     
   68349.759090090098        25.764766323985270     
   68349.786174174180        25.758002768827918     
   68349.813258258262        25.751312614537071     
   68349.840342342344        25.745180967304904     
   68349.867426426426        25.740092933323616     
   68349.894510510523        25.736283125662595     
   68349.921594594605        25.732918443693201     
   68349.948678678687        25.728886069735374     
   68349.975762762770        25.723662956832456     
   68350.002846846852        25.717876193681185     
   68350.029930930934        25.711991025590898     
   68350.057015015016        25.706049065871500     
   68350.084099099098        25.700059339401879     
   68350.111183183195        25.694030871057677     
   68350.138267267277        25.687972685724262     
   68350.165351351359        25.681893808277298     
   68350.192435435441        25.675803263595675     
   68350.219519519524        25.669710076558282     
   68350.246603603606        25.663623272044010     
   68350.273687687688        25.657551874931748     
   68350.300771771770        25.651504910100385     
   68350.327855855867        25.645491402425591     
   68350.354939939949        25.639520376792717     
   68350.382024024031        25.633600858077422     
   68350.409108108113        25.627741871158591     
   68350.436192192195        25.621952440915109     
   68350.463276276278        25.616241592225872     
   68350.490360360360        25.610618349969769     
   68350.517444444456        25.605091739022743     
   68350.544528528539        25.599670784269634     
   68350.571612612621        25.594364510586331     
   68350.598696696703        25.589181942851724     
   68350.625780780785        25.584132105944704     
   68350.652864864867        25.579224024744157     
   68350.679948948949        25.574466724128982     
   68350.707033033032        25.569869228978057     
   68350.734117117128        25.565440564167950     
   68350.761201201210        25.561189754582305     
   68350.788285285293        25.557124678213821     
   68350.815369369375        25.553241858887532     
   68350.842453453457        25.549531336799404     
   68350.869537537539        25.545983076300864     
   68350.896621621621        25.542587041743325     
   68350.923705705718        25.539333197476495     
   68350.950789789800        25.536211507855288     
   68350.977873873882        25.533211937229343     
   68351.004957957965        25.530324449950079     
   68351.032042042047        25.527539010368908     
   68351.059126126129        25.524845582837258     
   68351.086210210211        25.522234131706554     
   68351.113294294293        25.519694644429478     
   68351.140378378390        25.517235131221355     
   68351.167462462472        25.514913883298213     
   68351.194546546554        25.512797891895865     
   68351.221630630636        25.510954148251493     
   68351.248714714719        25.509448783232159     
   68351.275798798801        25.508313596533807     
   68351.302882882883        25.507535272023166     
   68351.329966966980        25.507097425680055     
   68351.357051051062        25.506983673484928     
   68351.384135135144        25.507177631417434     
   68351.411219219226        25.507662915457558     
   68351.438303303308        25.508423141585286     
   68351.465387387390        25.509441925780585     
   68351.492471471473        25.510703526887610     
   68351.519555555555        25.512204854177956     
   68351.546639639651        25.513954383729821     
   68351.573723723734        25.515961017213286     
   68351.600807807816        25.518233656301195     
   68351.627891891898        25.520781202665496     
   68351.654975975980        25.523612557978169     
   68351.682060060062        25.526736623911169     
   68351.709144144144        25.530162302136468     
   68351.736228228241        25.533898494328113     
   68351.763312312323        25.537954102154064     
   68351.790396396405        25.542338027288206     
   68351.817480480488        25.547059171402498     
   68351.844564564570        25.552126436168912     
   68351.871648648652        25.557548723259412     
   68351.898732732734        25.563334934345953     
   68351.925816816816        25.569493971100506     
   68351.952900900913        25.576034735198650     
   68351.979984984995        25.582966128305330     
   68352.007069069077        25.590297042766419     
   68352.034153153159        25.597866027000634     
   68352.061237237242        25.605003181648875     
   68352.088321321324        25.611867622721334     
   68352.115405405406        25.618938278809964     
   68352.142489489488        25.626270129805846     
   68352.169573573585        25.633871960580738     
   68352.196657657667        25.641752555994060     
   68352.223741741749        25.649920700917416     
   68352.250825825831        25.658378264087098     
   68352.277909909913        25.667098646864098     
   68352.304993993996        25.676047927262399     
   68352.332078078078        25.685192183289807     
   68352.359162162174        25.694497492959165     
   68352.386246246257        25.703931501671768     
   68352.413330330339        25.713517641508986     
   68352.440414414421        25.723348969338236     
   68352.467498498503        25.733522919724130     
   68352.494582582585        25.744136927231299     
   68352.521666666667        25.755284835246240     
   68352.548750750750        25.766963861337658     
   68352.575834834846        25.779066094291437     
   68352.602918918928        25.791478327308401     
   68352.630003003011        25.804087353608825     
   68352.657087087093        25.816779966406578     
   68352.684171171175        25.829442958915543     
   68352.711255255257        25.841963124349583     
   68352.738339339339        25.854227255922588     
   68352.765423423436        25.866122146854693     
   68352.792507507518        25.877534590346947     
   68352.819591591600        25.888351379619724     
   68352.846675675682        25.898459307886895     
   68352.873759759765        25.907820523661819     
   68352.900843843847        25.916887244127203     
   68352.927927927929        25.926273827831118     
   68352.955012012011        25.936195056142463     
   68352.982096096108        25.946604305115429     
   68353.009180180190        25.957450444264243     
   68353.036264264272        25.968682343119816     
   68353.063348348354        25.980248871207600     
   68353.090432432437        25.992098898053026     
   68353.117516516519        26.004181293181546     
   68353.144600600601        26.016444926118602     
   68353.171684684698        26.028838666396311     
   68353.198768768780        26.041311383526793     
   68353.225852852862        26.053811947042107     
   68353.252936936944        26.066289226467699     
   68353.280021021026        26.078692091329010     
   68353.307105105108        26.090969411151487     
   68353.334189189191        26.103070055460577     
   68353.361273273273        26.114942893781713     
   68353.388357357369        26.126538373549401     
   68353.415441441452        26.137833934934818     
   68353.442525525534        26.148829675686340     
   68353.469609609616        26.159526396070113     
   68353.496693693698        26.169924896352292     
   68353.523777777780        26.180025976799026     
   68353.550861861862        26.189830437676463     
   68353.577945945945        26.199339079250763     
   68353.605030030041        26.208552701792943     
   68353.632114114123        26.217472105559253     
   68353.659198198206        26.226098090820869     
   68353.686282282288        26.234431457843950     
   68353.713366366370        26.242473006894642     
   68353.740450450452        26.250223538239098     
   68353.767534534534        26.257683852143465     
   68353.794618618631        26.264854748877681     
   68353.821702702713        26.271737028700173     
   68353.848786786795        26.278331491881040     
   68353.875870870877        26.284638938686420     
   68353.902954954960        26.290660169382473     
   68353.930039039042        26.296395984235346     
   68353.957123123124        26.301847183511185     
   68353.984207207206        26.307014567476156     
   68354.011291291303        26.311898936398940     
   68354.038375375385        26.316501090540452     
   68354.065459459467        26.320821830169539     
   68354.092543543549        26.324861955552350     
   68354.119627627631        26.328622266955037     
   68354.146711711714        26.332103564643756     
   68354.173795795796        26.335306648884654     
   68354.200879879892        26.338232319945377     
   68354.227963963975        26.340881378088937     
   68354.255048048057        26.343254623583128     
   68354.282132132139        26.345352856694102     
   68354.309216216221        26.347176877688007     
   68354.336300300303        26.348727486831002     
   68354.363384384385        26.350005484389229     
   68354.390468468468        26.351011670628843     
   68354.417552552564        26.351746845816319     
   68354.444636636646        26.352211810217018     
   68354.471720720729        26.352407364097552     
   68354.498804804811        26.352334307724078     
   68354.525888888893        26.351993441362751     
   68354.552972972975        26.351385565279713     
   68354.580057057057        26.350511479741115     
   68354.607141141154        26.349372158461140     
   68354.634225225236        26.347972178771197     
   68354.661309309318        26.346319519530415     
   68354.688393393400        26.344422292587787     
   68354.715477477483        26.342288609792327     
   68354.742561561565        26.339926582993016     
   68354.769645645647        26.337344324038860     
   68354.796729729729        26.334549944778864     
   68354.823813813826        26.331551557060358     
   68354.850897897908        26.328357272735566     
   68354.877981981990        26.324975203651924     
   68354.905066066072        26.321413461658445     
   68354.932150150154        26.317680158604119     
   68354.959234234237        26.313783406337944     
   68354.986318318319        26.309731316708920     
   68355.013402402401        26.305532001566050     
   68355.040486486498        26.301193572755960     
   68355.067570570580        26.296724142132319     
   68355.094654654662        26.292131821541833     
   68355.121738738744        26.287424572854430     
   68355.148822822826        26.282607531048605     
   68355.175906906908        26.277683312136176     
   68355.202990990991        26.272654443991716     
   68355.230075075087        26.267523454487026     
   68355.257159159170        26.262292871502179     
   68355.284243243252        26.256965222909031     
   68355.311327327334        26.251543036582163     
   68355.338411411416        26.246028840396136     
   68355.365495495498        26.240425162225524     
   68355.392579579580        26.234734529944909     
   68355.419663663663        26.228959471428865     
   68355.446747747759        26.223102514548792     
   68355.473831831841        26.217166187185562     
   68355.500915915924        26.211153017210627     
   68355.528000000006        26.205065532498566     
   68355.555084084088        26.198906260923941     
   68355.582168168170        26.192677730361336     
   68355.609252252252        26.186382468685316     
   68355.636336336349        26.180023003767033     
   68355.663420420431        26.173601863487889     
   68355.690504504513        26.167121575719065     
   68355.717588588595        26.160584668335126     
   68355.744672672678        26.153996610825168     
   68355.771756756760        26.147378260502698     
   68355.798840840842        26.140755489485006     
   68355.825924924924        26.134154172635714     
   68355.853009009021        26.127600184814913     
   68355.880093093103        26.121119400893281     
   68355.907177177185        26.114737695730891     
   68355.934261261267        26.108480944191356     
   68355.961345345349        26.102375021138293     
   68355.988429429432        26.096445801435308     
   68356.015513513514        26.090719159946016     
   68356.042597597610        26.085220971531143     
   68356.069681681693        26.079977111060220     
   68356.096765765775        26.075013453393844     
   68356.123849849857        26.070355873395620     
   68356.150933933939        26.066017666798611     
   68356.178018018021        26.061948226526713     
   68356.205102102103        26.058076703119205     
   68356.232186186186        26.054332239048879     
   68356.259270270282        26.050643976786539     
   68356.286354354364        26.046941058808912     
   68356.313438438447        26.043152627586789     
   68356.340522522529        26.039207825592968     
   68356.367606606611        26.035035795300232     
   68356.394690690693        26.030565679181372     
   68356.421774774775        26.025726619709179     
   68356.448858858857        26.020447759356436     
   68356.475942942954        26.014658240592677     
   68356.503027027036        26.008288520993784     
   68356.530111111118        26.001414226361600     
   68356.557195195201        25.994385708650533     
   68356.584279279283        25.987583900309943     
   68356.611363363365        25.981389733789150     
   68356.638447447447        25.976184141537509     
   68356.665531531544        25.972348056002726     
   68356.692615615626        25.970262409638448     
   68356.719699699708        25.969992892244075     
   68356.746783783790        25.969698572905607     
   68356.773867867872        25.969014271526426     
   68356.800951951955        25.967958064835607     
   68356.828036036037        25.966548029562205     
   68356.855120120119        25.964802242435290     
   68356.882204204216        25.962738780182740     
   68356.909288288298        25.960375719535840     
   68356.936372372380        25.957731137222634     
   68356.963456456462        25.954823109972189     
   68356.990540540544        25.951669714513567     
   68357.017624624626        25.948289027575836     
   68357.044708708709        25.944699125888061     
   68357.071792792805        25.940918086177227     
   68357.098876876888        25.936963985176476     
   68357.125960960970        25.932854899612892     
   68357.153045045052        25.928608906215530     
   68357.180129129134        25.924244081713461     
   68357.207213213216        25.919778502835761     
   68357.234297297298        25.915230246311481     
   68357.261381381380        25.910617388869696     
   68357.288465465477        25.905958007236954     
   68357.315549549559        25.901270178147335     
   68357.342633633642        25.896571978327419     
   68357.369717717724        25.891881484506268     
   68357.396801801806        25.887216773412945     
   68357.423885885888        25.882595921776520     
   68357.450969969970        25.878037006326053     
   68357.478054054067        25.873558103788234     
   68357.505138138149        25.869177244845986     
   68357.532222222231        25.864901286745202     
   68357.559306306313        25.860711426165281     
   68357.586390390396        25.856585271522317     
   68357.613474474478        25.852500431232393     
   68357.640558558560        25.848434513711616     
   68357.667642642642        25.844365127376065     
   68357.694726726739        25.840269880639617     
   68357.721810810821        25.836126381922764     
   68357.748894894903        25.831912239639397     
   68357.775978978985        25.827605801694073     
   68357.803063063067        25.823198833269164     
   68357.830147147150        25.818694781291438     
   68357.857231231232        25.814097482980394     
   68357.884315315314        25.809410775555509     
   68357.911399399411        25.804638496233704     
   68357.938483483493        25.799784482239602     
   68357.965567567575        25.794852570790141     
   68357.992651651657        25.789846599104827     
   68358.019735735739        25.784770404403144     
   68358.046819819821        25.779627823904598     
   68358.073903903904        25.774422694828665     
   68358.100987988000        25.769158854392007     
   68358.128072072082        25.763840139819770     
   68358.155156156165        25.758470388328643     
   68358.182240240247        25.753053437138107     
   68358.209324324329        25.747593123467659     
   68358.236408408411        25.742093284536796     
   68358.263492492493        25.736557757565009     
   68358.290576576575        25.730990379771789     
   68358.317660660672        25.725394988373615     
   68358.344744744754        25.719775420596001     
   68358.371828828836        25.714135513655435     
   68358.398912912919        25.708479104771406     
   68358.425996997001        25.702810031163423     
   68358.453081081083        25.697132130050960     
   68358.480165165165        25.691449238653526     
   68358.507249249262        25.685765194187546     
   68358.534333333344        25.680083833878633     
   68358.561417417426        25.674408994943221     
   68358.588501501508        25.668744514600810     
   68358.615585585590        25.663094230070886     
   68358.642669669673        25.657461978572940     
   68358.669753753755        25.651851597326473     
   68358.696837837837        25.646266923550971     
   68358.723921921934        25.640711794462959     
   68358.751006006016        25.635190047287896     
   68358.778090090098        25.629705519242279     
   68358.805174174180        25.624262047545606     
   68358.832258258262        25.618863469417366     
   68358.859342342344        25.613513622077058     
   68358.886426426427        25.608216342744175     
   68358.913510510523        25.602975468635396     
   68358.940594594605        25.597794836975869     
   68358.967678678688        25.592678284982242     
   68358.994762762770        25.587629711722979     
   68359.021846846852        25.582654651133652     
   68359.048930930934        25.577760399482624     
   68359.076015015016        25.572954340425436     
   68359.103099099098        25.568243857617624     
   68359.130183183195        25.563636334712289     
   68359.157267267277        25.559139155369916     
   68359.184351351360        25.554759703243548     
   68359.211435435442        25.550505361988719     
   68359.238519519524        25.546383515260978     
   68359.265603603606        25.542401546715855     
   68359.292687687688        25.538566840008901     
   68359.319771771770        25.534886778795649     
   68359.346855855867        25.531368746729793     
   68359.373939939949        25.528020127470661     
   68359.401024024031        25.524848304671856     
   68359.428108108114        25.521860661988910     
   68359.455192192196        25.519064583077387     
   68359.482276276278        25.516467451592803     
   68359.509360360360        25.514076651190706     
   68359.536444444457        25.511899565525525     
   68359.563528528539        25.509943578255147     
   68359.590612612621        25.508216073033879     
   68359.617696696703        25.506724433517267     
   68359.644780780785        25.505476043360844     
   68359.671864864868        25.504478286220152     
   68359.698948948950        25.503738545750736     
   68359.726033033032        25.503264205608126     
   68359.753117117129        25.503062649447841     
   68359.780201201211        25.503141260925631     
   68359.807285285293        25.503507423696860     
   68359.834369369375        25.504168521417064     
   68359.861453453457        25.505131937741783     
   68359.888537537539        25.506405056326560     
   68359.915621621622        25.507995260826938     
   68359.942705705718        25.509909934899564     
   68359.969789789800        25.512156462197936     
   68359.996873873883        25.514742226378523     
   68360.023957957965        25.517674611096876     
   68360.051042042047        25.520961000008526     
   68360.078126126129        25.524608776769018     
   68360.105210210211        25.528625325033893     
   68360.132294294293        25.533018028458692     
   68360.159378378390        25.537794270701617     
   68360.186462462472        25.542961435413090     
   68360.213546546554        25.548526906251105     
   68360.240630630637        25.554498066871211     
   68360.267714714719        25.560882300928938     
   68360.294798798801        25.567686992079832     
   68360.321882882883        25.574919523979435     
   68360.348966966980        25.582586093437403     
   68360.376051051062        25.590620516493470     
   68360.403135135144        25.598843741199488     
   68360.430219219226        25.607066926871251     
   68360.457303303308        25.615113715649215     
   68360.484387387391        25.622968537793557     
   68360.511471471473        25.630727521341736     
   68360.538555555555        25.638489048811156     
   68360.565639639652        25.646351502723505     
   68360.592723723734        25.654410948953519     
   68360.619807807816        25.662719683202113     
   68360.646891891898        25.671290942192229     
   68360.673975975980        25.680136592087273     
   68360.701060060062        25.689268499050684     
   68360.728144144145        25.698698529245871     
   68360.755228228241        25.708438548841585     
   68360.782312312323        25.718500423990790     
   68360.809396396406        25.728896020862059     
   68360.836480480488        25.739637205618809     
   68360.863564564570        25.750735844424465     
   68360.890648648652        25.762203803442453     
   68360.917732732734        25.774052948836196     
   68360.944816816816        25.786291741685215     
   68360.971900900913        25.798853934588973     
   68360.998984984995        25.811600522986666     
   68361.026069069077        25.824389487608908     
   68361.053153153160        25.837083129628599     
   68361.080237237242        25.849620031899164     
   68361.107321321324        25.862004083974181     
   68361.134405405406        25.874241284243379     
   68361.161489489488        25.886337631096477     
   68361.188573573585        25.898299122929590     
   68361.215657657667        25.910131758119586     
   68361.242741741749        25.921841535062658     
   68361.269825825832        25.933434452148518     
   68361.296909909914        25.944916507766891     
   68361.323993993996        25.956293700307498     
   68361.351078078078        25.967572028160056     
   68361.378162162175        25.978757489720287     
   68361.405246246257        25.989856083365883     
   68361.432330330339        26.000873807492603     
   68361.459414414421        26.011816660490176     
   68361.486498498503        26.022690640748309     
   68361.513582582586        26.033501746656739     
   68361.540666666668        26.044255976605175     
   68361.567750750750        26.054959328983351     
   68361.594834834847        26.065617802186697     
   68361.621918918929        26.076238178920551     
   68361.649003003011        26.086839566142586     
   68361.676087087093        26.097450868252857     
   68361.703171171175        26.108101260266459     
   68361.730255255257        26.118819917198508     
   68361.757339339340        26.129636014064104     
   68361.784423423436        26.140578703413812     
   68361.811507507518        26.151496723377949     
   68361.838591591601        26.161623569709086     
   68361.865675675683        26.170525827345394     
   68361.892759759765        26.178900065923720     
   68361.919843843847        26.187611303120384     
   68361.946927927929        26.197524556611697     
   68361.974012012011        26.209246614242588     
   68362.001096096108        26.221320914352788     
   68362.028180180190        26.231921366207867     
   68362.055264264272        26.240982943680262     
   68362.082348348355        26.248753365224605     
   68362.109432432437        26.255480349295542     
   68362.136516516519        26.261411614347708     
   68362.163600600601        26.266794878835743     
   68362.190684684698        26.271877861216975     
   68362.217768768780        26.276908279940699     
   68362.244852852862        26.282133853464330     
   68362.271936936944        26.287802300242518     
   68362.299021021026        26.294161338729896     
   68362.326105105109        26.301457140974460     
   68362.353189189191        26.309554414681422     
   68362.380273273273        26.317438793280878     
   68362.407357357370        26.324034210496432     
   68362.434441441452        26.329053481609407     
   68362.461525525534        26.332754555758186     
   68362.488609609616        26.335406240595745     
   68362.515693693698        26.337277343775057     
   68362.542777777780        26.338636672949100     
   68362.569861861863        26.339753035770844     
   68362.596945945945        26.340872327354823     
   68362.624030030041        26.342055836889365     
   68362.651114114124        26.343275736198279     
   68362.678198198206        26.344503620495832     
   68362.705282282288        26.345711084995678     
   68362.732366366370        26.346869724911471     
   68362.759450450452        26.347951135456860     
   68362.786534534534        26.348926911845499     
   68362.813618618631        26.349768649291455     
   68362.840702702713        26.350447943007467     
   68362.867786786795        26.350936388207668     
   68362.894870870878        26.351205580105720     
   68362.921954954960        26.351227113915272     
   68362.949039039042        26.350972584849981     
   68362.976123123124        26.350413588123494     
   68363.003207207206        26.349522530833163     
   68363.030291291303        26.348291623786668     
   68363.057375375385        26.346733530629308     
   68363.084459459467        26.344861856755379     
   68363.111543543549        26.342690207559748     
   68363.138627627632        26.340232188437298     
   68363.165711711714        26.337501404782898     
   68363.192795795796        26.334511461991411     
   68363.219879879893        26.331275965455919     
   68363.246963963975        26.327808520574770     
   68363.274048048057        26.324122732741163     
   68363.301132132139        26.320232207349974     
   68363.328216216221        26.316150549796070     
   68363.355300300303        26.311891365474331     
   68363.382384384386        26.307468048511527     
   68363.409468468468        26.302890393909319     
   68363.436552552565        26.298165183467791     
   68363.463636636647        26.293299106072851     
   68363.490720720729        26.288298850602835     
   68363.517804804811        26.283171105938585     
   68363.544888888893        26.277922560960924     
   68363.571972972975        26.272559904550693     
   68363.599057057058        26.267089825588723     
   68363.626141141154        26.261519012952832     
   68363.653225225236        26.255854155529843     
   68363.680309309319        26.250101942197620     
   68363.707393393401        26.244269061837009     
   68363.734477477483        26.238362214412284     
   68363.761561561565        26.232389149989103     
   68363.788645645647        26.226359517759072     
   68363.815729729729        26.220283166723839     
   68363.842813813826        26.214169945881750     
   68363.869897897908        26.208029704241028     
   68363.896981981990        26.201872290800033     
   68363.924066066073        26.195707554560414     
   68363.951150150155        26.189545344523825     
   68363.978234234237        26.183395509691891     
   68364.005318318319        26.177267899066273     
   68364.032402402401        26.171172361648601     
   68364.059486486498        26.165118746437290     
   68364.086570570580        26.159116902440488     
   68364.113654654662        26.153176678656578     
   68364.140738738744        26.147307924087198     
   68364.167822822827        26.141520487733999     
   68364.194906906909        26.135824218598618     
   68364.221990990991        26.130228965682697     
   68364.249075075088        26.124744577984977     
   68364.276159159170        26.119380881908569     
   68364.303243243252        26.114127962382437     
   68364.330327327334        26.108920024673836     
   68364.357411411416        26.103681455878537     
   68364.384495495498        26.098336643092296     
   68364.411579579581        26.092809973410883     
   68364.438663663663        26.087025833930063     
   68364.465747747759        26.080908611742210     
   68364.492831831842        26.074382693949627     
   68364.519915915924        26.067376272658684     
   68364.547000000006        26.059999999999999     
