   83609.516000000003        24.210000000000001     
   83609.585414414410        24.210180236339916     
   83609.654828828832        24.210292782081755     
   83609.724243243239        24.210269946627378     
   83609.793657657661        24.210044039378658     
   83609.863072072068        24.209556200806677     
   83609.932486486490        24.208798382556239     
   83610.001900900897        24.207780672589113     
   83610.071315315319        24.206513181374966     
   83610.140729729726        24.205006019384438     
   83610.210144144148        24.203269297086990     
   83610.279558558555        24.201313124953440     
   83610.348972972977        24.199147613453075     
   83610.418387387384        24.196782873056897     
   83610.487801801806        24.194229014234011     
   83610.557216216213        24.191496147455588     
   83610.626630630635        24.188594383190576     
   83610.696045045042        24.185533831910298     
   83610.765459459464        24.182324604083554     
   83610.834873873871        24.178976810181801     
   83610.904288288293        24.175500560673729     
   83610.973702702700        24.171905966030888     
   83611.043117117122        24.168203136721871     
   83611.112531531529        24.164402183218336     
   83611.181945945951        24.160513215988772     
   83611.251360360358        24.156547051017643     
   83611.320774774780        24.152518693885234     
   83611.390189189187        24.148444690662227     
   83611.459603603609        24.144341589797005     
   83611.529018018016        24.140225939741381     
   83611.598432432438        24.136114288943727     
   83611.667846846845        24.132023185855850     
   83611.737261261267        24.127969178926133     
   83611.806675675674        24.123968816606375     
   83611.876090090096        24.120038647344991     
   83611.945504504503        24.116195219593713     
   83612.014918918925        24.112455081801038     
   83612.084333333332        24.108834782418612     
   83612.153747747754        24.105350869895020     
   83612.223162162161        24.102019892681813     
   83612.292576576583        24.098858399227694     
   83612.361990990990        24.095882937984072     
   83612.431405405412        24.093110057399798     
   83612.500819819819        24.090556305926128     
   83612.570234234241        24.088238232012092     
   83612.639648648648        24.086172384108743     
   83612.709063063070        24.084375310665312     
   83612.778477477477        24.082863560132651     
   83612.847891891899        24.081653680960216     
   83612.917306306306        24.080762221598608     
   83612.986720720728        24.080205730497546     
   83613.056135135135        24.080000756107356     
   83613.125549549557        24.079360603997163     
   83613.194963963964        24.077451187721977     
   83613.264378378386        24.074651991459916     
   83613.333792792793        24.071348520185214     
   83613.403207207215        24.067911798454475     
   83613.472621621622        24.064502938216211     
   83613.542036036044        24.061124848022796     
   83613.611450450451        24.057776557846719     
   83613.680864864873        24.054457097657647     
   83613.750279279280        24.051165497428052     
   83613.819693693702        24.047900787127627     
   83613.889108108109        24.044661996728813     
   83613.958522522531        24.041448156201326     
   83614.027936936938        24.038258295517593     
   83614.097351351360        24.035091444647353     
   83614.166765765767        24.031946633563003     
   83614.236180180189        24.028822892234299     
   83614.305594594596        24.025719250633628     
   83614.375009009018        24.022634738730765     
   83614.444423423425        24.019568386498079     
   83614.513837837847        24.016519223905355     
   83614.583252252254        24.013486280924951     
   83614.652666666676        24.010468587526663     
   83614.722081081083        24.007465173682835     
   83614.791495495505        24.004475069363288     
   83614.860909909912        24.001497304540344     
   83614.930324324334        23.998530909183827     
   83614.999738738741        23.995574913266065     
   83615.069153153163        23.992628346756884     
   83615.138567567570        23.989690239628604     
   83615.207981981992        23.986759621851057     
   83615.277396396399        23.983835523396557     
   83615.346810810821        23.980916974234944     
   83615.416225225228        23.978003004338525     
   83615.485639639650        23.975092643677144     
   83615.555054054057        23.972184922223100     
   83615.624468468479        23.969278869946255     
   83615.693882882886        23.966373516818891     
   83615.763297297308        23.963467892810876     
   83615.832711711715        23.960561027894496     
   83615.902126126122        23.957651952040216     
   83615.971540540544        23.954739695218507     
   83616.040954954951        23.951823287401659     
   83616.110369369373        23.948901758559522     
   83616.179783783780        23.945974138664404     
   83616.249198198202        23.943039457686151     
   83616.318612612609        23.940096745597064     
   83616.388027027031        23.937145032366985     
   83616.457441441438        23.934183347968226     
   83616.526855855860        23.931210722370626     
   83616.596270270267        23.928226185546496     
   83616.665684684689        23.925228767465665     
   83616.735099099096        23.922217498100469     
   83616.804513513518        23.919192191415991     
   83616.873927927925        23.916233515368070     
   83616.943342342347        23.913572146406899     
   83617.012756756754        23.911455054819932     
   83617.082171171176        23.910129210892681     
   83617.151585585583        23.909757421618988     
   83617.221000000005        23.909936345148466     
   83617.290414414412        23.910068382250255     
   83617.359828828834        23.909943204741122     
   83617.429243243241        23.909572152539432     
   83617.498657657663        23.908969162490866     
   83617.568072072070        23.908148171441496     
   83617.637486486492        23.907123116236818     
   83617.706900900899        23.905907933723075     
   83617.776315315321        23.904516560745591     
   83617.845729729728        23.902962934150782     
   83617.915144144150        23.901260990783811     
   83617.984558558557        23.899424667491235     
   83618.053972972979        23.897467901118102     
   83618.123387387386        23.895404628511059     
   83618.192801801808        23.893248786515073     
   83618.262216216215        23.891014311976875     
   83618.331630630637        23.888715141741351     
   83618.401045045044        23.886365212655299     
   83618.470459459466        23.883978461563558     
   83618.539873873873        23.881568825312954     
   83618.609288288295        23.879150240748309     
   83618.678702702702        23.876736644716459     
   83618.748117117124        23.874341974062226     
   83618.817531531531        23.871980165632436     
   83618.886945945953        23.869665156271928     
   83618.956360360360        23.867410882827503     
   83619.025774774782        23.865231282144045     
   83619.095189189189        23.863140291068287     
   83619.164603603611        23.861151846445182     
   83619.234018018018        23.859279885121396     
   83619.303432432440        23.857538343941972     
   83619.372846846847        23.855941159753463     
   83619.442261261269        23.854502269401024     
   83619.511675675676        23.853235609731094     
   83619.581090090098        23.852155117588971     
   83619.650504504505        23.851274729820926     
   83619.719918918927        23.850608383272423     
   83619.789333333334        23.850170014789565     
   83619.858747747756        23.849973401966729     
   83619.928162162163        23.850014098368316     
   83619.997576576585        23.850256595087121     
   83620.066990990992        23.850672611914760     
   83620.136405405414        23.851235911601620     
   83620.205819819821        23.851920256897699     
   83620.275234234243        23.852699410553495     
   83620.344648648650        23.853547135318912     
   83620.414063063072        23.854437193944527     
   83620.483477477479        23.855343349180188     
   83620.552891891901        23.856239363776503     
   83620.622306306308        23.857099000483309     
   83620.691720720730        23.857896022051204     
   83620.761135135137        23.858604191230064     
   83620.830549549559        23.859197270770416     
   83620.899963963966        23.859649023422229     
   83620.969378378388        23.859933211935925     
   83621.038792792795        23.860027890013150     
   83621.108207207217        23.859991896232273     
   83621.177621621624        23.859956004159976     
   83621.247036036046        23.860052717040983     
   83621.316450450453        23.860361649282140     
   83621.385864864875        23.860876878159743     
   83621.455279279282        23.861584690578596     
   83621.524693693704        23.862471373444009     
   83621.594108108111        23.863523213660638     
   83621.663522522533        23.864726498133948     
   83621.732936936940        23.866067513768449     
   83621.802351351362        23.867532547469729     
   83621.871765765769        23.869107886142192     
   83621.941180180191        23.870779816691524     
   83622.010594594598        23.872534626022038     
   83622.080009009020        23.874358601039500     
   83622.149423423427        23.876238028648160     
   83622.218837837834        23.878159195753426     
   83622.288252252256        23.880108389260727     
   83622.357666666663        23.882071896074269     
   83622.427081081085        23.884036003099901     
   83622.496495495492        23.885986997241822     
   83622.565909909914        23.887911165405860     
   83622.635324324321        23.889794794496243     
   83622.704738738743        23.891629371245916     
   83622.774153153150        23.893435431550380     
   83622.843567567572        23.895243594385711     
   83622.912981981979        23.897084488718761     
   83622.982396396401        23.898988743517940     
   83623.051810810808        23.900986195773928     
   83623.121225225230        23.903087313033456     
   83623.190639639637        23.905282529732204     
   83623.260054054059        23.907561355551550     
   83623.329468468466        23.909913300171002     
   83623.398882882888        23.912327873271998     
   83623.468297297295        23.914794584533986     
   83623.537711711717        23.917302943638465     
   83623.607126126124        23.919842460264835     
   83623.676540540546        23.922402644094625     
   83623.745954954953        23.924973004807217     
   83623.815369369375        23.927543052084150     
   83623.884783783782        23.930102295755905     
   83623.954198198204        23.932642881016143     
   83624.023612612611        23.935166301551089     
   83624.093027027033        23.937676123014018     
   83624.162441441440        23.940175911056123     
   83624.231855855862        23.942669231330669     
   83624.301270270269        23.945159649488843     
   83624.370684684691        23.947650731183924     
   83624.440099099098        23.950146042067093     
   83624.509513513520        23.952649147791625     
   83624.578927927927        23.955163614008711     
   83624.648342342349        23.957693006371617     
   83624.717756756756        23.960240890531530     
   83624.787171171178        23.962810832141734     
   83624.856585585585        23.965406396853393     
   83624.926000000007        23.968031150319813     
   83624.995414414414        23.970688658192131     
   83625.064828828836        23.973382486123697     
   83625.134243243243        23.976116199765595     
   83625.203657657665        23.978893364771213     
   83625.273072072072        23.981719543016577     
   83625.342486486494        23.984629455975615     
   83625.411900900901        23.987679914636132     
   83625.481315315323        23.990928277930877     
   83625.550729729730        23.994431904789923     
   83625.620144144152        23.998248154146214     
   83625.689558558559        24.002430038141291     
   83625.758972972981        24.006957089633449     
   83625.828387387388        24.011747624437110     
   83625.897801801810        24.016718089687377     
   83625.967216216217        24.021784932515249     
   83626.036630630639        24.026864600055941     
   83626.106045045046        24.031873539440419     
   83626.175459459468        24.036728197803853     
   83626.244873873875        24.041345022277312     
   83626.314288288297        24.045640459995809     
   83626.383702702704        24.049530958090642     
   83626.453117117126        24.052932963696517     
   83626.522531531533        24.055762923945110     
   83626.591945945955        24.057937285970681     
   83626.661360360362        24.059372496905418     
   83626.730774774784        24.059985003883007     
   83626.800189189191        24.060115641416260     
   83626.869603603613        24.061243603903332     
   83626.939018018020        24.063437370431625     
   83627.008432432442        24.066560373750715     
   83627.077846846849        24.070476046607986     
   83627.147261261271        24.075047821753746     
   83627.216675675678        24.080139131934768     
   83627.286090090100        24.085613409901846     
   83627.355504504507        24.091334088401382     
   83627.424918918929        24.097164600184424     
   83627.494333333336        24.102968377997239     
   83627.563747747758        24.108608854590909     
   83627.633162162165        24.113949462711766     
   83627.702576576587        24.118853635110707     
   83627.771990990994        24.123201986149379     
   83627.841405405416        24.127025176755929     
   83627.910819819823        24.130431339552402     
   83627.980234234245        24.133529253830094     
   83628.049648648652        24.136427698877554     
   83628.119063063074        24.139235453985872     
   83628.188477477481        24.142053898456922     
   83628.257891891903        24.144914858177987     
   83628.327306306310        24.147812041376923     
   83628.396720720732        24.150738765562597     
   83628.466135135139        24.153688348241413     
   83628.535549549546        24.156654106921639     
   83628.604963963968        24.159629359111541     
   83628.674378378375        24.162607422317517     
   83628.743792792797        24.165581614048463     
   83628.813207207204        24.168545251810773     
   83628.882621621626        24.171491653113332     
   83628.952036036033        24.174414135462555     
   83629.021450450455        24.177306016367311     
   83629.090864864862        24.180160613334031     
   83629.160279279284        24.182971243871549     
   83629.229693693691        24.185731225486347     
   83629.299108108113        24.188433875687210     
   83629.368522522520        24.191072511980657     
   83629.437936936942        24.193640451875439     
   83629.507351351349        24.196131012878123     
   83629.576765765771        24.198537512497396     
   83629.646180180178        24.200853268239896     
   83629.715594594600        24.203071597614233     
   83629.785009009007        24.205185818127134     
   83629.854423423429        24.207189247287111     
   83629.923837837836        24.209075202600989     
   83629.993252252258        24.210837001577186     
   83630.062666666665        24.212467961722616     
   83630.132081081087        24.213961400545610     
   83630.201495495494        24.215310635553177     
   83630.270909909916        24.216508984253537     
   83630.340324324323        24.217549764153823     
   83630.409738738745        24.218426292762121     
   83630.479153153152        24.219131887585711     
   83630.548567567574        24.219659866132524     
   83630.617981981981        24.220003545915979     
   83630.687396396403        24.220158449388080     
   83630.756810810810        24.220128552360851     
   83630.826225225232        24.219919856162893     
   83630.895639639639        24.219538362122904     
   83630.965054054061        24.218990071569351     
   83631.034468468468        24.218280985831065     
   83631.103882882890        24.217417106236375     
   83631.173297297297        24.216404434114253     
   83631.242711711719        24.215248970792892     
   83631.312126126126        24.213956717601388     
   83631.381540540548        24.212533675867817     
   83631.450954954955        24.210985846921389     
   83631.520369369377        24.209319232090081     
   83631.589783783784        24.207539832703187     
   83631.659198198206        24.205653650088593     
   83631.728612612613        24.203666685575691     
   83631.798027027035        24.201584940492275     
   83631.867441441442        24.199414416167834     
   83631.936855855864        24.197161113930061     
   83632.006270270271        24.194831035108528     
   83632.075684684693        24.192430181030865     
   83632.145099099100        24.189964553026698     
   83632.214513513522        24.187440152423605     
   83632.283927927929        24.184862980551262     
   83632.353342342351        24.182239038737208     
   83632.422756756758        24.179574328311148     
   83632.492171171180        24.176874850600591     
   83632.561585585587        24.174146606935274     
   83632.631000000008        24.171395598642675     
   83632.700414414416        24.168627827052561     
   83632.769828828837        24.165849293492386     
   83632.839243243245        24.163065999291931     
   83632.908657657666        24.160283945778644     
   83632.978072072074        24.157509134282304     
   83633.047486486495        24.154747566130368     
   83633.116900900903        24.152005242652599     
   83633.186315315324        24.149288165176475     
   83633.255729729732        24.146602335031748     
   83633.325144144153        24.143953753545901     
   83633.394558558561        24.141348422048662     
   83633.463972972982        24.138792069642065     
   83633.533387387390        24.136283363652232     
   83633.602801801811        24.133813433954945     
   83633.672216216219        24.131373042941789     
   83633.741630630640        24.128952953002322     
   83633.811045045048        24.126543926528122     
   83633.880459459469        24.124136725908752     
   83633.949873873877        24.121722113535785     
   83634.019288288298        24.119290851798780     
   83634.088702702706        24.116833703089327     
   83634.158117117127        24.114341429796958     
   83634.227531531535        24.111804794313294     
   83634.296945945956        24.109214559027834     
   83634.366360360364        24.106561486332236     
   83634.435774774785        24.103836338615956     
   83634.505189189193        24.101029878270701     
   83634.574603603614        24.098132867685869     
   83634.644018018022        24.095136069253243     
   83634.713432432443        24.092030245362128     
   83634.782846846851        24.088806158404399     
   83634.852261261258        24.085454570769993     
   83634.921675675680        24.081966244848733     
   83634.991090090087        24.078331943032644     
   83635.060504504509        24.074542427710778     
   83635.129918918916        24.070588461275293     
   83635.199333333338        24.066469621489823     
   83635.268747747745        24.062240291157828     
   83635.338162162167        24.057975881896112     
   83635.407576576574        24.053751848563060     
   83635.476990990996        24.049643646013521     
   83635.546405405403        24.045726729105795     
   83635.615819819825        24.042076552694862     
   83635.685234234232        24.038768571638844     
   83635.754648648654        24.035878240792961     
   83635.824063063061        24.033481015015024     
   83635.893477477483        24.031652349160638     
   83635.962891891890        24.030467698087158     
   83636.032306306312        24.030002516650708     
   83636.101720720719        24.029902912834665     
   83636.171135135141        24.029448654268588     
   83636.240549549548        24.028638937186138     
   83636.309963963969        24.027491370455461     
   83636.379378378377        24.026023562945518     
   83636.448792792798        24.024253123524186     
   83636.518207207206        24.022197661060687     
   83636.587621621627        24.019874784422640     
   83636.657036036035        24.017302102479505     
   83636.726450450456        24.014497224098690     
   83636.795864864864        24.011477758149852     
   83636.865279279285        24.008261313500217     
   83636.934693693693        24.004865499019612     
   83637.004108108114        24.001307923575098     
   83637.073522522522        23.997606196036649     
   83637.142936936943        23.993777925271203     
   83637.212351351351        23.989840720148845     
   83637.281765765772        23.985812189536411     
   83637.351180180180        23.981709942304072     
   83637.420594594601        23.977551587318594     
   83637.490009009009        23.973354733450211     
   83637.559423423430        23.969136989565637     
   83637.628837837838        23.964915964535130     
   83637.698252252259        23.960709267225404     
   83637.767666666667        23.956547026996606     
   83637.837081081088        23.952543286519202     
   83637.906495495496        23.948846571651977     
   83637.975909909917        23.945605514105345     
   83638.045324324325        23.942968745592598     
   83638.114738738746        23.941084897824577     
   83638.184153153154        23.940102602514010     
   83638.253567567575        23.940057488127838     
   83638.322981981983        23.939656120675807     
   83638.392396396404        23.937819898918018     
   83638.461810810812        23.934790591514062     
   83638.531225225233        23.930888439546681     
   83638.600639639641        23.926433684101429     
   83638.670054054062        23.921746566260445     
   83638.739468468470        23.917134026457710     
   83638.808882882891        23.912723273032150     
   83638.878297297299        23.908512400433409     
   83638.947711711720        23.904496674592835     
   83639.017126126128        23.900671361445241     
   83639.086540540549        23.897031726922130     
   83639.155954954957        23.893573036958152     
   83639.225369369378        23.890290557484970     
   83639.294783783786        23.887179554437086     
   83639.364198198207        23.884235293746308     
   83639.433612612615        23.881453041346987     
   83639.503027027036        23.878828063171078     
   83639.572441441444        23.876355625152801     
   83639.641855855865        23.874030993224235     
   83639.711270270273        23.871849433319472     
   83639.780684684694        23.869806211370715     
   83639.850099099101        23.867896593311940     
   83639.919513513523        23.866115845075466     
   83639.988927927930        23.864459232595152     
   83640.058342342352        23.862922021803428     
   83640.127756756759        23.861499478634059     
   83640.197171171181        23.860186869019550     
   83640.266585585588        23.858979458893590     
   83640.336000000010        23.857872514188777     
   83640.405414414417        23.856861300838695     
   83640.474828828839        23.855941084776045     
   83640.544243243246        23.855107131934325     
   83640.613657657668        23.854354708246305     
   83640.683072072075        23.853679079645417     
   83640.752486486497        23.853075512064500     
   83640.821900900904        23.852539271436914     
   83640.891315315326        23.852065623695566     
   83640.960729729733        23.851649834773767     
   83641.030144144155        23.851287170604461     
   83641.099558558562        23.850972897120915     
   83641.168972972970        23.850702280256172     
   83641.238387387391        23.850470585943302     
   83641.307801801799        23.850273080115524     
   83641.377216216220        23.850105028705872     
   83641.446630630628        23.849961730545623     
   83641.516045045049        23.849841423289064     
   83641.585459459457        23.849747563356093     
   83641.654873873878        23.849684143742941     
   83641.724288288286        23.849655157445881     
   83641.793702702707        23.849664597461171     
   83641.863117117115        23.849716456785060     
   83641.932531531536        23.849814728413833     
   83642.001945945944        23.849963405343711     
   83642.071360360365        23.850166118512341     
   83642.140774774773        23.850423801728404     
   83642.210189189194        23.850736171558719     
   83642.279603603602        23.851102938646243     
   83642.349018018023        23.851523813634216     
   83642.418432432431        23.851998507165565     
   83642.487846846852        23.852526729883564     
   83642.557261261260        23.853108192431087     
   83642.626675675681        23.853742605451469     
   83642.696090090089        23.854429679587533     
   83642.765504504510        23.855169125482647     
   83642.834918918918        23.855960653779604     
   83642.904333333339        23.856803975121821     
   83642.973747747747        23.857698800152029     
   83643.043162162168        23.858644839513701     
   83643.112576576576        23.859641803849527     
   83643.181990990997        23.860689403803008     
   83643.251405405405        23.861787350016805     
   83643.320819819826        23.862935353134461     
   83643.390234234234        23.864133123798585     
   83643.459648648655        23.865380372652769     
   83643.529063063062        23.866676810339580     
   83643.598477477484        23.868022147502650     
   83643.667891891891        23.869416094784512     
   83643.737306306313        23.870858362828827     
   83643.806720720720        23.872348662278092     
   83643.876135135142        23.873886703776012     
   83643.945549549549        23.875472197965038     
   83644.014963963971        23.877104855488923     
   83644.084378378378        23.878784386990070     
   83644.153792792800        23.880510503112269     
   83644.223207207207        23.882282914497900     
   83644.292621621629        23.884101331790781     
   83644.362036036036        23.885965465633245     
   83644.431450450458        23.887875026669164     
   83644.500864864865        23.889829725540825     
   83644.570279279287        23.891829272892139     
   83644.639693693694        23.893873379365353     
   83644.709108108116        23.895961755604418     
   83644.778522522523        23.898094112251549     
   83644.847936936945        23.900270159950722     
   83644.917351351352        23.902489609344123     
   83644.986765765774        23.904752171075771     
   83645.056180180181        23.907057555787798     
   83645.125594594603        23.909405474124270     
   83645.195009009010        23.911795636727291     
   83645.264423423432        23.914227754240944     
   83645.333837837839        23.916701537307311     
   83645.403252252261        23.919216696570516     
   83645.472666666668        23.921772942672582     
   83645.542081081090        23.924369986257688     
   83645.611495495497        23.927007537967821     
   83645.680909909919        23.929685308447180     
   83645.750324324326        23.932402741666230     
   83645.819738738748        23.935157764291706     
   83645.889153153155        23.937947767094016     
   83645.958567567577        23.940770140233639     
   83646.027981981984        23.943622273868709     
   83646.097396396406        23.946501558159731     
   83646.166810810813        23.949405383264804     
   83646.236225225235        23.952331139344459     
   83646.305639639642        23.955276216556776     
   83646.375054054064        23.958238005062302     
   83646.444468468471        23.961213895019107     
   83646.513882882893        23.964201276587744     
   83646.583297297300        23.967197539926275     
   83646.652711711722        23.970200075195265     
   83646.722126126129        23.973206272552758     
   83646.791540540551        23.976213522159341     
   83646.860954954958        23.979219214173053     
   83646.930369369380        23.982221225185032     
   83646.999783783787        23.985221809219905     
   83647.069198198209        23.988225536611381     
   83647.138612612616        23.991236998776074     
   83647.208027027038        23.994260787133133     
   83647.277441441445        23.997301493099144     
   83647.346855855852        24.000363708092628     
   83647.416270270274        24.003452023532098     
   83647.485684684681        24.006571030834131     
   83647.555099099103        24.009725321417918     
   83647.624513513510        24.012919486700000     
   83647.693927927932        24.016158118099597     
   83647.763342342339        24.019445807033215     
   83647.832756756761        24.022787144920116     
   83647.902171171168        24.026186723176764     
   83647.971585585590        24.029649133222460     
   83648.040999999997        24.033178966473631     
   83648.110414414419        24.036780814349626     
   83648.179828828826        24.040459268266808     
   83648.249243243248        24.044218919644596     
   83648.318657657655        24.048064359899278     
   83648.388072072077        24.051999824810800     
   83648.457486486484        24.056021568854096     
   83648.526900900906        24.060117973900514     
   83648.596315315313        24.064277087918690     
   83648.665729729735        24.068486958880719     
   83648.735144144142        24.072735634755198     
   83648.804558558564        24.077011163514253     
   83648.873972972971        24.081301593126454     
   83648.943387387393        24.085594971563950     
   83649.012801801800        24.089879346795300     
   83649.082216216222        24.094142766792643     
   83649.151630630629        24.098373279524566     
   83649.221045045051        24.102558932963181     
   83649.290459459458        24.106687775077095     
   83649.359873873880        24.110747853838390     
   83649.429288288287        24.114727217215723     
   83649.498702702709        24.118613913181111     
   83649.568117117116        24.122395989703282     
   83649.637531531538        24.126061494754179     
   83649.706945945945        24.129598476302618     
   83649.776360360367        24.132998100274442     
   83649.845774774774        24.136269244856468     
   83649.915189189196        24.139427034560221     
   83649.984603603603        24.142486600945475     
   83650.054018018025        24.145463075574643     
   83650.123432432432        24.148371590007585     
   83650.192846846854        24.151227275806637     
   83650.262261261261        24.154045264531717     
   83650.331675675683        24.156840687745131     
   83650.401090090090        24.159628677006815     
   83650.470504504512        24.162424363879055     
   83650.539918918919        24.165242879921799     
   83650.609333333341        24.168099356697340     
   83650.678747747748        24.171008925765598     
   83650.748162162170        24.173986718688912     
   83650.817576576577        24.177047867027145     
   83650.886990990999        24.180207502342704     
   83650.956405405406        24.183480756195372     
   83651.025819819828        24.186882760147636     
   83651.095234234235        24.190428493746111     
   83651.164648648657        24.194006073106056     
   83651.234063063064        24.197146579683633     
   83651.303477477486        24.199318743912322     
   83651.372891891893        24.200005206688196     
   83651.442306306315        24.200147921638347     
   83651.511720720722        24.200715404659988     
   83651.581135135144        24.201649484826781     
   83651.650549549551        24.202891084963838     
   83651.719963963973        24.204381127897175     
   83651.789378378380        24.206060536451673     
   83651.858792792802        24.207870233453530     
   83651.928207207209        24.209751141727487     
   83651.997621621631        24.211644184099832     
   83652.067036036038        24.213490283395267     
   83652.136450450460        24.215230362440067     
   83652.205864864867        24.216805344059008     
   83652.275279279289        24.218156151078237     
   83652.344693693696        24.219223706322698     
   83652.414108108118        24.219948932618326     
   83652.483522522525        24.220295275172365     
   83652.552936936947        24.220347732727035     
   83652.622351351354        24.220232126970494     
   83652.691765765776        24.220074309757084     
   83652.761180180183        24.220000130711476     
   83652.830594594605        24.219829912181467     
   83652.900009009012        24.219174494953823     
   83652.969423423434        24.218089066639852     
   83653.038837837841        24.216637651307749     
   83653.108252252263        24.214884273024637     
   83653.177666666670        24.212892955858990     
   83653.247081081092        24.210727723877707     
   83653.316495495499        24.208452601149428     
   83653.385909909921        24.206131611740936     
   83653.455324324328        24.203828779720943     
   83653.524738738750        24.201608129156224     
   83653.594153153157        24.199533445180542     
   83653.663567567564        24.197633951754703     
   83653.732981981986        24.195868473443412     
   83653.802396396393        24.194187269524495     
   83653.871810810815        24.192540599274338     
   83653.941225225222        24.190878721970719     
   83654.010639639644        24.189152896465217     
   83654.080054054051        24.187339121321060     
   83654.149468468473        24.185439147637137     
   83654.218882882880        24.183455928756700     
   83654.288297297302        24.181392418021389     
   83654.357711711709        24.179251568774522     
   83654.427126126131        24.177036334357659     
   83654.496540540538        24.174749668114188     
   83654.565954954960        24.172394523385613     
   83654.635369369367        24.169973853515380     
   83654.704783783789        24.167490611844936     
   83654.774198198196        24.164947751717779     
   83654.843612612618        24.162348226475302     
   83654.913027027025        24.159694989461052     
   83654.982441441447        24.156990994016383     
   83655.051855855854        24.154239193484880     
   83655.121270270276        24.151442541207857     
   83655.190684684683        24.148603990528940     
   83655.260099099105        24.145726494789397     
   83655.329513513512        24.142813007332901     
   83655.398927927934        24.139866481500682     
   83655.468342342341        24.136889870636445     
   83655.537756756763        24.133886128081393     
   83655.607171171170        24.130858207179248     
   83655.676585585592        24.127809061271194     
   83655.745999999999        24.124741643700979     
   83655.815414414421        24.121658907809771     
   83655.884828828828        24.118563806941321     
   83655.954243243250        24.115459294436796     
   83656.023657657657        24.112348323639949     
   83656.093072072079        24.109233841517870     
   83656.162486486486        24.106117991825684     
   83656.231900900908        24.103001340866090     
   83656.301315315315        24.099884271240764     
   83656.370729729737        24.096767165548783     
   83656.440144144144        24.093650406391824     
   83656.509558558566        24.090534376368964     
   83656.578972972973        24.087419458081875     
   83656.648387387395        24.084306034129646     
   83656.717801801802        24.081194487113944     
   83656.787216216224        24.078085199633847     
   83656.856630630631        24.074978554291032     
   83656.926045045053        24.071874933684576     
   83656.995459459460        24.068774720416158     
   83657.064873873882        24.065678297084851     
   83657.134288288289        24.062586046292335     
   83657.203702702711        24.059498350637689     
   83657.273117117118        24.056415592722580     
   83657.342531531540        24.053338155146097     
   83657.411945945947        24.050266420509903     
   83657.481360360369        24.047200771413092     
   83657.550774774776        24.044141590457318     
   83657.620189189198        24.041089260241687     
   83657.689603603605        24.038044151152942     
   83657.759018018027        24.035006478401840     
   83657.828432432434        24.031976350456326     
   83657.897846846856        24.028953873679491     
   83657.967261261263        24.025939154436937     
   83658.036675675685        24.022932299091753     
   83658.106090090092        24.019933414009550     
   83658.175504504514        24.016942605553417     
   83658.244918918921        24.013959980088959     
   83658.314333333343        24.010985643979268     
   83658.383747747750        24.008019703589937     
   83658.453162162172        24.005062265284074     
   83658.522576576579        24.002113435427269     
   83658.591990991001        23.999173320382624     
   83658.661405405408        23.996242026515734     
   83658.730819819830        23.993319660189702     
   83658.800234234237        23.990406327770113     
   83658.869648648659        23.987502135620083     
   83658.939063063066        23.984607190105187     
   83659.008477477488        23.981721597588553     
   83659.077891891895        23.978845387045070     
   83659.147306306317        23.975975610933546     
   83659.216720720724        23.973105473557808     
   83659.286135135146        23.970227923886917     
   83659.355549549553        23.967335910892338     
   83659.424963963975        23.964422383543109     
   83659.494378378382        23.961480290810716     
   83659.563792792804        23.958502855984669     
   83659.633207207211        23.955489575349208     
   83659.702621621633        23.952446198034046     
   83659.772036036040        23.949378743463054     
   83659.841450450462        23.946293231057549     
   83659.910864864869        23.943195680241427     
   83659.980279279276        23.940092110436641     
   83660.049693693698        23.936988541065141     
   83660.119108108105        23.933890991550825     
   83660.188522522527        23.930805481315002     
   83660.257936936934        23.927738029781558     
   83660.327351351356        23.924694656371813     
   83660.396765765763        23.921681380509646     
   83660.466180180185        23.918704221616387     
   83660.535594594592        23.915769199115893     
   83660.605009009014        23.912882332429533     
   83660.674423423421        23.910049640981114     
   83660.743837837843        23.907277144192054     
   83660.813252252250        23.904570861486114     
   83660.882666666672        23.901936812284760     
   83660.952081081079        23.899381016011702     
   83661.021495495501        23.896909492088461     
   83661.090909909908        23.894528259938681     
   83661.160324324330        23.892243338983967     
   83661.229738738737        23.890060748647869     
   83661.299153153159        23.887986508352075     
   83661.368567567566        23.886026637520061     
   83661.437981981988        23.884187155573606     
   83661.507396396395        23.882474081936078     
   83661.576810810817        23.880893436029361     
   83661.646225225224        23.879450728102135     
   83661.715639639646        23.878130732208714     
   83661.785054054053        23.876890727341145     
   83661.854468468475        23.875686097723420     
   83661.923882882882        23.874472227580554     
   83661.993297297304        23.873204501136556     
   83662.062711711711        23.871838302616464     
   83662.132126126133        23.870329016244220     
   83662.201540540540        23.868632026244981     
   83662.270954954962        23.866702716842532     
   83662.340369369369        23.864496472262211     
   83662.409783783791        23.861968676727592     
   83662.479198198198        23.859075139754157     
   83662.548612612620        23.855803186218871     
   83662.618027027027        23.852192791734932     
   83662.687441441449        23.848288936492168     
   83662.756855855856        23.844136600683544     
   83662.826270270278        23.839780764498681     
   83662.895684684685        23.835266408130732     
   83662.965099099107        23.830638511769159     
   83663.034513513514        23.825942055607229     
   83663.103927927936        23.821222019834327     
   83663.173342342343        23.816523384643773     
   83663.242756756765        23.811891130224932     
   83663.312171171172        23.807370236771092     
   83663.381585585594        23.803005684471707     
   83663.451000000001        23.798842453519939     
   83663.520414414423        23.794925524105381     
   83663.589828828830        23.791299876421029     
   83663.659243243252        23.788010490656703     
   83663.728657657659        23.785102347005115     
   83663.798072072081        23.782620425656397     
   83663.867486486488        23.780609706802927     
   83663.936900900910        23.779115170635208     
   83664.006315315317        23.778181797345201     
   83664.075729729739        23.777854567123867     
   83664.145144144146        23.778178460162678     
   83664.214558558568        23.779198456653113     
   83664.283972972975        23.780959536786085     
   83664.353387387397        23.783506680753678     
   83664.422801801804        23.786884868746164     
   83664.492216216226        23.791139080956302     
   83664.561630630633        23.796314297573648     
   83664.631045045055        23.802455498791723     
   83664.700459459462        23.809607664799280     
   83664.769873873884        23.817815775790674     
   83664.839288288291        23.827124811953791     
   83664.908702702713        23.837579753483887     
   83664.978117117120        23.849225580567918     
   83665.047531531542        23.862107273402106     
   83665.116945945949        23.876250759064938     
   83665.186360360371        23.891062206014936     
   83665.255774774778        23.905206406419744     
   83665.325189189200        23.917304530764341     
   83665.394603603607        23.925977749523124     
   83665.464018018029        23.929847233178794     
   83665.533432432436        23.927534152209184     
   83665.602846846858        23.917659677092391     
   83665.672261261265        23.898844978312013     
   83665.741675675687        23.870189065966400     
   83665.811090090094        23.864342767426887     
   83665.880504504516        23.933201675108524     
   83665.949918918923        23.999386377570914     
   83666.019333333345        24.053862417875436     
   83666.088747747752        24.097433542978155     
   83666.158162162174        24.130903499876453     
   83666.227576576581        24.155076035535195     
   83666.296990990988        24.170754896941190     
   83666.366405405410        24.178743831074108     
   83666.435819819817        24.179846584909509     
   83666.505234234239        24.174866905426967     
   83666.574648648646        24.164608539607471     
   83666.644063063068        24.149875234425842     
   83666.713477477475        24.131470736867151     
   83666.782891891897        24.110198793902804     
   83666.852306306304        24.086863152520614     
   83666.921720720726        24.062267559689925     
   83666.991135135133        24.037215762399935     
   83667.060549549555        24.012511507619273     
   83667.129963963962        23.988958542337190     
   83667.199378378384        23.967360613522931     
   83667.268792792791        23.948521468164451     
   83667.338207207213        23.933244853232964     
   83667.407621621620        23.922244600267014     
   83667.477036036042        23.915435202535921     
   83667.546450450449        23.912312373510872     
   83667.615864864871        23.912368144760887     
   83667.685279279278        23.915094547856381     
   83667.754693693700        23.919983614368803     
   83667.824108108107        23.926527375866570     
   83667.893522522529        23.934217863922726     
   83667.962936936936        23.942547110104496     
   83668.032351351358        23.951007145985692     
   83668.101765765765        23.959090003133213     
   83668.171180180187        23.966352171068166     
   83668.240594594594        23.972719238625761     
   83668.310009009016        23.978247944961112     
   83668.379423423423        23.982995186374151     
   83668.448837837845        23.987017859169121     
   83668.518252252252        23.990372859646584     
   83668.587666666674        23.993117084110203     
   83668.657081081081        23.995307428861068     
   83668.726495495503        23.997000790202360     
   83668.795909909910        23.998254064435610     
   83668.865324324332        23.999124147863604     
   83668.934738738739        23.999667936788221     
   83669.004153153161        23.999942327511945     
   83669.073567567568        24.000004216336908     
   83669.142981981990        23.999952154786211     
   83669.212396396397        24.000120430697244     
   83669.281810810819        24.000749145497405     
   83669.351225225226        24.001849696572265     
   83669.420639639648        24.003418733261974     
   83669.490054054055        24.005452904905582     
   83669.559468468477        24.007948860843634     
   83669.628882882884        24.010903250414778     
   83669.698297297306        24.014312722959957     
   83669.767711711713        24.018173927817433     
   83669.837126126135        24.022483514328528     
   83669.906540540542        24.027238131831133     
   83669.975954954964        24.032434429666935     
   83670.045369369371        24.038069057173459     
   83670.114783783793        24.044138663692760     
   83670.184198198200        24.050639898561993     
   83670.253612612622        24.057569411123584     
   83670.323027027029        24.064896413807354     
   83670.392441441451        24.072266972642019     
   83670.461855855858        24.079116663979157     
   83670.531270270279        24.084877464681739     
   83670.600684684687        24.088981351607586     
   83670.670099099108        24.090860301618530     
   83670.739513513516        24.089946318256363     
   83670.808927927937        24.088417401749119     
   83670.878342342345        24.097031931615909     
   83670.947756756766        24.108885273958773     
   83671.017171171174        24.117353649177897     
   83671.086585585595        24.123001121137065     
   83671.156000000003        24.126439689107023     
   83671.225414414424        24.128281352362485     
   83671.294828828832        24.129138110175809     
   83671.364243243253        24.129621961820622     
   83671.433657657661        24.130338609375961     
   83671.503072072082        24.131624180961115     
   83671.572486486490        24.133449573945210     
   83671.641900900911        24.135759702335026     
   83671.711315315319        24.138499480135629     
   83671.780729729740        24.141613821354184     
   83671.850144144148        24.145047639995415     
   83671.919558558569        24.148745850066778     
   83671.988972972977        24.152653365572757     
   83672.058387387398        24.156715100521005     
   83672.127801801806        24.160875968915853     
   83672.197216216227        24.165080884765061     
   83672.266630630635        24.169274762072899     
   83672.336045045056        24.173402514847140     
   83672.405459459464        24.177409057092092     
   83672.474873873885        24.181239729263698     
   83672.544288288293        24.184866174334463     
   83672.613702702700        24.188301221081332     
   83672.683117117122        24.191561290323424     
   83672.752531531529        24.194662802877815     
   83672.821945945951        24.197622179564249     
   83672.891360360358        24.200455815743904     
   83672.960774774780        24.203171058169815     
   83673.030189189187        24.205752881856171     
   83673.099603603609        24.208182864689743     
   83673.169018018016        24.210442584555224     
   83673.238432432438        24.212513619339248     
   83673.307846846845        24.214377546926656     
   83673.377261261267        24.216015945203925     
   83673.446675675674        24.217410392056067     
   83673.516090090096        24.218542465369360     
   83673.585504504503        24.219393743029038     
   83673.654918918925        24.219945802921156     
   83673.724333333332        24.220186725839053     
   83673.793747747754        24.220145021045308     
   83673.863162162161        24.219864598266142     
   83673.932576576583        24.219384811517127     
   83674.001990990990        24.218738917318039     
   83674.071405405411        24.217959750494792     
   83674.140819819819        24.217080145873886     
   83674.210234234240        24.216132938281142     
   83674.279648648648        24.215150962543117     
   83674.349063063069        24.214167053485593     
   83674.418477477477        24.213214045935146     
   83674.487891891898        24.212324774717572     
   83674.557306306306        24.211532074659413     
   83674.626720720727        24.210868780586509     
   83674.696135135135        24.210367727325330     
   83674.765549549556        24.210061749701829     
   83674.834963963964        24.209983682542322     
   83674.904378378385        24.210131457835054     
   83674.973792792793        24.210230836249409     
   83675.043207207214        24.209880429680656     
   83675.112621621622        24.208830680217662     
   83675.182036036043        24.207181865763925     
   83675.251450450451        24.205083097160557     
   83675.320864864872        24.202683485247153     
   83675.390279279280        24.200132140865144     
   83675.459693693701        24.197578174853923     
   83675.529108108109        24.195170698054994     
   83675.598522522530        24.193058821307815     
   83675.667936936938        24.191391655453693     
   83675.737351351359        24.190318311332405     
   83675.806765765767        24.189980881963116     
   83675.876180180188        24.189975179129522     
   83675.945594594596        24.189320258157679     
   83676.015009009017        24.187937944886166     
   83676.084423423425        24.185923894702459     
   83676.153837837846        24.183373762992652     
   83676.223252252254        24.180383205144707     
   83676.292666666675        24.177047876544314     
   83676.362081081083        24.173463432579766     
   83676.431495495504        24.169725528636484     
   83676.500909909912        24.165929820102949     
   83676.570324324333        24.162171962364489     
   83676.639738738741        24.158547610809592     
   83676.709153153162        24.155152420823661     
   83676.778567567570        24.152082047795027     
   83676.847981981991        24.149431611171337     
   83676.917396396399        24.147216614082598     
   83676.986810810820        24.145289274942641     
   83677.056225225228        24.143481784172437     
   83677.125639639649        24.141626332191326     
   83677.195054054057        24.139555387578117     
   83677.264468468478        24.137158577464071     
   83677.333882882886        24.134452179208516     
   83677.403297297307        24.131469471512290     
   83677.472711711715        24.128243733078598     
   83677.542126126136        24.124808242608061     
   83677.611540540544        24.121196278804067     
   83677.680954954965        24.117441120367079     
   83677.750369369372        24.113576046000624     
   83677.819783783794        24.109634334405058     
   83677.889198198201        24.105649264283976     
   83677.958612612623        24.101654114337684     
   83678.028027027030        24.097682163269820     
   83678.097441441452        24.093766689780679     
   83678.166855855859        24.089940972573860     
   83678.236270270281        24.086238290349730     
   83678.305684684688        24.082691921811794     
   83678.375099099110        24.079335057281600     
   83678.444513513517        24.076182873314188     
   83678.513927927939        24.073210704543435     
   83678.583342342346        24.070388548437695     
   83678.652756756768        24.067686402462904     
   83678.722171171175        24.065074264087315     
   83678.791585585597        24.062522130776951     
   83678.861000000004        24.059999999999999     
