   55365.224999999999        26.370000000000001     
   55365.288642642641        26.358844959220352     
   55365.352285285284        26.348193205371842     
   55365.415927927927        26.338548025385620     
   55365.479570570569        26.330412706192824     
   55365.543213213212        26.324290534724586     
   55365.606855855855        26.320684797912055     
   55365.670498498497        26.319951328979020     
   55365.734141141140        26.319927568042143     
   55365.797783783783        26.319207007218424     
   55365.861426426425        26.317856401584180     
   55365.925069069068        26.315949627950676     
   55365.988711711710        26.313560563129169     
   55366.052354354353        26.310763083930940     
   55366.115996996996        26.307631067167232     
   55366.179639639638        26.304238389649328     
   55366.243282282281        26.300658928188483     
   55366.306924924924        26.296966559595965     
   55366.370567567566        26.293235160683032     
   55366.434210210209        26.289538608260962     
   55366.497852852852        26.285950779141004     
   55366.561495495494        26.282545550134436     
   55366.625138138137        26.279396798052510     
   55366.688780780780        26.276578399706498     
   55366.752423423422        26.274164231907662     
   55366.816066066065        26.272228171467269     
   55366.879708708708        26.270844095196583     
   55366.943351351350        26.270085879906866     
   55367.006993993993        26.270019920506165     
   55367.070636636636        26.270644909825705     
   55367.134279279278        26.271923555809678     
   55367.197921921921        26.273818233725905     
   55367.261564564564        26.276291318842212     
   55367.325207207206        26.279305186426413     
   55367.388849849849        26.282822211746328     
   55367.452492492492        26.286804770069772     
   55367.516135135134        26.291215236664566     
   55367.579777777777        26.296015986798530     
   55367.643420420420        26.301169395739478     
   55367.707063063062        26.306637838755236     
   55367.770705705705        26.312383691113617     
   55367.834348348348        26.318369328082436     
   55367.897990990990        26.324557124929520     
   55367.961633633633        26.330909456922683     
   55368.025276276276        26.337388699329743     
   55368.088918918918        26.343957227418517     
   55368.152561561561        26.350577416456829     
   55368.216204204204        26.357211641712492     
   55368.279846846846        26.363825602379361     
   55368.343489489489        26.370439125600747     
   55368.407132132132        26.377116073529574     
   55368.470774774774        26.383921586670425     
   55368.534417417417        26.390920805527877     
   55368.598060060060        26.398178870606518     
   55368.661702702702        26.405760922410927     
   55368.725345345345        26.413732101445692     
   55368.788987987988        26.422157548215395     
   55368.852630630630        26.431102403224614     
   55368.916273273273        26.440631806977937     
   55368.979915915916        26.450810705565150     
   55369.043558558558        26.461178366584662     
   55369.107201201201        26.470346819086465     
   55369.170843843844        26.478694284629821     
   55369.234486486486        26.486890795619296     
   55369.298129129129        26.495122950507369     
   55369.361771771772        26.503384075441272     
   55369.425414414414        26.511666987517131     
   55369.489057057057        26.519964503831059     
   55369.552699699700        26.528269441479186     
   55369.616342342342        26.536574617557612     
   55369.679984984985        26.544872849162477     
   55369.743627627628        26.553156953389887     
   55369.807270270270        26.561419747335961     
   55369.870912912913        26.569654048096826     
   55369.934555555556        26.577852672768593     
   55369.998198198198        26.586008438447390     
   55370.061840840841        26.594114162229328     
   55370.125483483484        26.602162661210524     
   55370.189126126126        26.610146752487111     
   55370.252768768769        26.618059253155195     
   55370.316411411412        26.625892980310894     
   55370.380054054054        26.633640751050340     
   55370.443696696697        26.641295382469639     
   55370.507339339340        26.648849691664918     
   55370.570981981982        26.656296495732292     
   55370.634624624625        26.663628804230232     
   55370.698267267268        26.670844118261133     
   55370.761909909910        26.677944466831089     
   55370.825552552553        26.684932078680649     
   55370.889195195195        26.691809182550347     
   55370.952837837838        26.698578007180735     
   55371.016480480481        26.705240781312352     
   55371.080123123123        26.711799733685741     
   55371.143765765766        26.718257093041451     
   55371.207408408409        26.724615088120018     
   55371.271051051051        26.730875947661989     
   55371.334693693694        26.737041900407910     
   55371.398336336337        26.743115175098325     
   55371.461978978979        26.749098000473772     
   55371.525621621622        26.754992605274801     
   55371.589264264265        26.760801218241951     
   55371.652906906907        26.766526068115766     
   55371.716549549550        26.772169383636790     
   55371.780192192193        26.777733393545567     
   55371.843834834835        26.783220326582644     
   55371.907477477478        26.788632411488560     
   55371.971120120121        26.793971877003862     
   55372.034762762763        26.799240951869091     
   55372.098405405406        26.804441450406344     
   55372.162048048049        26.809572611210989     
   55372.225690690691        26.814632684816210     
   55372.289333333334        26.819619919726833     
   55372.352975975977        26.824532564447690     
   55372.416618618619        26.829368867483630     
   55372.480261261262        26.834127686311206     
   55372.543903903905        26.838811508809009     
   55372.607546546547        26.843424162596179     
   55372.671189189190        26.847969477416459     
   55372.734831831833        26.852451283013618     
   55372.798474474475        26.856873409131396     
   55372.862117117118        26.861239685513564     
   55372.925759759761        26.865553941903865     
   55372.989402402403        26.869820008046062     
   55373.053045045046        26.874041713683905     
   55373.116687687689        26.878222888561154     
   55373.180330330331        26.882367362421562     
   55373.243972972974        26.886478965008880     
   55373.307615615617        26.890561526066875     
   55373.371258258259        26.894618875339290     
   55373.434900900902        26.898654842569890     
   55373.498543543545        26.902673257502421     
   55373.562186186187        26.906677949880645     
   55373.625828828830        26.910672749448313     
   55373.689471471473        26.914661485949182     
   55373.753114114115        26.918647989127010     
   55373.816756756758        26.922636088725550     
   55373.880399399401        26.926629614488562     
   55373.944042042043        26.930632396159787     
   55374.007684684686        26.934648263482995     
   55374.071327327329        26.938681046201935     
   55374.134969969971        26.942734574060367     
   55374.198612612614        26.946812676802040     
   55374.262255255257        26.950919184170711     
   55374.325897897899        26.955057925910140     
   55374.389540540542        26.959232731764075     
   55374.453183183185        26.963447431476276     
   55374.516825825827        26.967705854790502     
   55374.580468468470        26.972011831450494     
   55374.644111111113        26.976369191200025     
   55374.707753753755        26.980781763782840     
   55374.771396396398        26.985253378942694     
   55374.835039039041        26.989787866423349     
   55374.898681681683        26.994389055968558     
   55374.962324324326        26.999060777322068     
   55375.025966966969        27.003813878559765     
   55375.089609609611        27.008710939529148     
   55375.153252252254        27.013837672486183     
   55375.216894894897        27.019279897651295     
   55375.280537537539        27.025102733706994     
   55375.344180180182        27.031249529402068     
   55375.407822822825        27.037619256686757     
   55375.471465465467        27.044110823165735     
   55375.535108108110        27.050623151439314     
   55375.598750750753        27.057077434266674     
   55375.662393393395        27.063461821855626     
   55375.726036036038        27.069776996709471     
   55375.789678678681        27.076023641331513     
   55375.853321321316        27.082202438224346     
   55375.916963963959        27.088314069892682     
   55375.980606606601        27.094359218839109     
   55376.044249249244        27.100338567566933     
   55376.107891891887        27.106252798579451     
   55376.171534534529        27.112102594379962     
   55376.235177177172        27.117888637471768     
   55376.298819819815        27.123611610358168     
   55376.362462462457        27.129272195542455     
   55376.426105105100        27.134871075527940     
   55376.489747747743        27.140408932817920     
   55376.553390390385        27.145886449915690     
   55376.617033033028        27.151304309324551     
   55376.680675675670        27.156663193547807     
   55376.744318318313        27.161963785088755     
   55376.807960960956        27.167206766450697     
   55376.871603603598        27.172392820136931     
   55376.935246246241        27.177522628650756     
   55376.998888888884        27.182596874495477     
   55377.062531531526        27.187616240174385     
   55377.126174174169        27.192581148296757     
   55377.189816816812        27.197486600812560     
   55377.253459459454        27.202322471459450     
   55377.317102102097        27.207078432626858     
   55377.380744744740        27.211744156704214     
   55377.444387387382        27.216309316080952     
   55377.508030030025        27.220763574165748     
   55377.571672672668        27.225093843737355     
   55377.635315315310        27.229280420943198     
   55377.698957957953        27.233302627273691     
   55377.762600600596        27.237139784219242     
   55377.826243243238        27.240771213270264     
   55377.889885885881        27.244176235917180     
   55377.953528528524        27.247334173650394     
   55378.017171171166        27.250224348343025     
   55378.080813813809        27.252826982169662     
   55378.144456456452        27.255125123861134     
   55378.208099099094        27.257102375410426     
   55378.271741741737        27.258742338810528     
   55378.335384384380        27.260028616054420     
   55378.399027027022        27.260944809135097     
   55378.462669669665        27.261474520045546     
   55378.526312312308        27.261601350778751     
   55378.589954954950        27.261308903327702     
   55378.653597597593        27.260580779685384     
   55378.717240240236        27.259401385253792     
   55378.780882882878        27.257777663204802     
   55378.844525525521        27.255741610890041     
   55378.908168168164        27.253326534120372     
   55378.971810810806        27.250565738706662     
   55379.035453453449        27.247492530459780     
   55379.099096096092        27.244140215190580     
   55379.162738738734        27.240542098709941     
   55379.226381381377        27.236727548236551     
   55379.290024024020        27.232701422781467     
   55379.353666666662        27.228459169684864     
   55379.417309309305        27.223996216833299     
   55379.480951951948        27.219307992113315     
   55379.544594594590        27.214389923411463     
   55379.608237237233        27.209237314525915     
   55379.671879879876        27.203785022058192     
   55379.735522522518        27.197812704392398     
   55379.799165165161        27.191198328035448     
   55379.862807807804        27.184001320972214     
   55379.926450450446        27.176295585219513     
   55379.990093093089        27.168155022794188     
   55380.053735735732        27.159653535713044     
   55380.117378378374        27.150865025992921     
   55380.181021021017        27.141863395650638     
   55380.244663663660        27.132722546703022     
   55380.308306306302        27.123516381166901     
   55380.371948948945        27.114318801059099     
   55380.435591591588        27.105199359347278     
   55380.499234234230        27.096139527613239     
   55380.562876876873        27.087038862441929     
   55380.626519519516        27.077793806683847     
   55380.690162162158        27.068300803189480     
   55380.753804804801        27.058456369460572     
   55380.817447447444        27.048188104203376     
   55380.881090090086        27.037502585624082     
   55380.944732732729        27.026418750919731     
   55381.008375375372        27.014955537287371     
   55381.072018018014        27.003131881924052     
   55381.135660660657        26.990966722026819     
   55381.199303303300        26.978478994792724     
   55381.262945945942        26.965687637418817     
   55381.326588588585        26.952611587102144     
   55381.390231231228        26.939269781039755     
   55381.453873873870        26.925681156428695     
   55381.517516516513        26.911864650466015     
   55381.581159159156        26.897839200348763     
   55381.644801801798        26.883623743273986     
   55381.708444444441        26.869237216438734     
   55381.772087087083        26.854698557040052     
   55381.835729729726        26.840026702274990     
   55381.899372372369        26.825240589340602     
   55381.963015015011        26.810359155433932     
   55382.026657657654        26.795401337752025     
   55382.090300300297        26.780386073491936     
   55382.153942942939        26.765332299850705     
   55382.217585585582        26.750258954025391     
   55382.281228228225        26.735184973213038     
   55382.344870870867        26.720129294610683     
   55382.408513513510        26.705110855415391     
   55382.472156156153        26.690148592824201     
   55382.535798798795        26.675261444034167     
   55382.599441441438        26.660468346242332     
   55382.663084084081        26.645788236645750     
   55382.726726726723        26.631240052441459     
   55382.790369369366        26.616842730826519     
   55382.854012012009        26.602615208997975     
   55382.917654654651        26.588576424152873     
   55382.981297297294        26.574745191676570     
   55383.044939939937        26.561135038914109     
   55383.108582582579        26.547752285884748     
   55383.172225225222        26.534602735364075     
   55383.235867867865        26.521692190127698     
   55383.299510510507        26.509026452951211     
   55383.363153153150        26.496611326610200     
   55383.426795795793        26.484452613880276     
   55383.490438438435        26.472556117537025     
   55383.554081081078        26.460927640356061     
   55383.617723723721        26.449572985112965     
   55383.681366366363        26.438497954583337     
   55383.745009009006        26.427708351542776     
   55383.808651651649        26.417209978766891     
   55383.872294294291        26.407008639031258     
   55383.935936936934        26.397110135111483     
   55383.999579579577        26.387520269783174     
   55384.063222222219        26.378244845821911     
   55384.126864864862        26.369289666003304     
   55384.190507507505        26.360660533102944     
   55384.254150150147        26.352363249896431     
   55384.317792792790        26.344403619159358     
   55384.381435435433        26.336787443667330     
   55384.445078078075        26.329520526195935     
   55384.508720720718        26.322608669520779     
   55384.572363363361        26.316057676417451     
   55384.636006006003        26.309873349661551     
   55384.699648648646        26.304061492028680     
   55384.763291291289        26.298627906294435     
   55384.826933933931        26.293578395234409     
   55384.890576576574        26.288918761624195     
   55384.954219219217        26.284654808239406     
   55385.017861861859        26.280792337855623     
   55385.081504504502        26.277337153248453     
   55385.145147147145        26.274295057193491     
   55385.208789789787        26.271671852466326     
   55385.272432432430        26.269473303559682     
   55385.336075075073        26.267700898225797     
   55385.399717717715        26.266348002800360     
   55385.463360360358        26.265407075784083     
   55385.527003003001        26.264870575677659     
   55385.590645645643        26.264730960981801     
   55385.654288288286        26.264980690197213     
   55385.717930930929        26.265612221824593     
   55385.781573573571        26.266618014364649     
   55385.845216216214        26.267990526318084     
   55385.908858858857        26.269722216185599     
   55385.972501501499        26.271805610179694     
   55386.036144144142        26.274233653390009     
   55386.099786786785        26.276999450894262     
   55386.163429429427        26.280096108089662     
   55386.227072072070        26.283516730373407     
   55386.290714714713        26.287254423142706     
   55386.354357357355        26.291302291794761     
   55386.417999999998        26.295653441726778     
   55386.481642642641        26.300300978335954     
   55386.545285285283        26.305238007019501     
   55386.608927927926        26.310457633174615     
   55386.672570570568        26.315952962198505     
   55386.736213213211        26.321717099488374     
   55386.799855855854        26.327743150441421     
   55386.863498498496        26.334024220454857     
   55386.927141141139        26.340553414925886     
   55386.990783783782        26.347323839251700     
   55387.054426426424        26.354328598829518     
   55387.118069069067        26.361560799056537     
   55387.181711711710        26.369013545329953     
   55387.245354354352        26.376671596392882     
   55387.308996996995        26.384470176505218     
   55387.372639639638        26.392326307122079     
   55387.436282282280        26.400156981831927     
   55387.499924924923        26.407898964283785     
   55387.563567567566        26.415563462135704     
   55387.627210210208        26.423179202188930     
   55387.690852852851        26.430774911244722     
   55387.754495495494        26.438379316104335     
   55387.818138138136        26.446021143569027     
   55387.881780780779        26.453729120440055     
   55387.945423423422        26.461531930797534     
   55388.009066066064        26.469448623608034     
   55388.072708708707        26.477476459475948     
   55388.136351351350        26.485609705240051     
   55388.199993993992        26.493842627739131     
   55388.263636636635        26.502169493811945     
   55388.327279279278        26.510584570297276     
   55388.390921921920        26.519082124033893     
   55388.454564564563        26.527656421860584     
   55388.518207207206        26.536301730616117     
   55388.581849849848        26.545012317139260     
   55388.645492492491        26.553782448268795     
   55388.709135135134        26.562606390843495     
   55388.772777777776        26.571478411702135     
   55388.836420420419        26.580392777683485     
   55388.900063063062        26.589343755626327     
   55388.963705705704        26.598325612369436     
   55389.027348348347        26.607332614751581     
   55389.090990990990        26.616359029611537     
   55389.154633633632        26.625399123788082     
   55389.218276276275        26.634446907286073     
   55389.281918918918        26.643490238418693     
   55389.345561561560        26.652510684821198     
   55389.409204204203        26.661489529493352     
   55389.472846846846        26.670408055434880     
   55389.536489489488        26.679247545645538     
   55389.600132132131        26.687989283125074     
   55389.663774774774        26.696614550873221     
   55389.727417417416        26.705104631889732     
   55389.791060060059        26.713440809174358     
   55389.854702702702        26.721604365726829     
   55389.918345345344        26.729576584546894     
   55389.981987987987        26.737338748634308     
   55390.045630630630        26.744872140988804     
   55390.109273273272        26.752158044610137     
   55390.172915915915        26.759177742498043     
   55390.236558558558        26.765912517652271     
   55390.300201201200        26.772343653072568     
   55390.363843843843        26.778452431758673     
   55390.427486486486        26.784220136710331     
   55390.491129129128        26.789628050927295     
   55390.554771771771        26.794657457409301     
   55390.618414414414        26.799289639156100     
   55390.682057057056        26.803505879167439     
   55390.745699699699        26.807287460443053     
   55390.809342342342        26.810615665982692     
   55390.872984984984        26.813471778786102     
   55390.936627627627        26.815837081853026     
   55391.000270270270        26.817692858183211     
   55391.063912912912        26.819020390776402     
   55391.127555555555        26.819800962632343     
   55391.191198198198        26.820015856750775     
   55391.254840840840        26.820794543738096     
   55391.318483483483        26.824542543244398     
   55391.382126126126        26.829837796168562     
   55391.445768768768        26.835263070862318     
   55391.509411411411        26.840520852644129     
   55391.573054054054        26.845619380868115     
   55391.636696696696        26.850566902042910     
   55391.700339339339        26.855371662677165     
   55391.763981981981        26.860041909279524     
   55391.827624624624        26.864585888358626     
   55391.891267267267        26.869011846423120     
   55391.954909909909        26.873328029981650     
   55392.018552552552        26.877542685542856     
   55392.082195195195        26.881664059615389     
   55392.145837837837        26.885700398707886     
   55392.209480480480        26.889659949328994     
   55392.273123123123        26.893561735482059     
   55392.336765765765        26.897480765019310     
   55392.400408408408        26.901510167237568     
   55392.464051051051        26.905743080663072     
   55392.527693693693        26.910272639319814     
   55392.591336336336        26.915164718316799     
   55392.654978978979        26.920393525206030     
   55392.718621621621        26.925914019271275     
   55392.782264264264        26.931681159796266     
   55392.845906906907        26.937649906064760     
   55392.909549549549        26.943775217360511     
   55392.973192192192        26.950012052967249     
   55393.036834834835        26.956315372168739     
   55393.100477477477        26.962640134248716     
   55393.164120120120        26.968941298490943     
   55393.227762762763        26.975173824179162     
   55393.291405405405        26.981292670597121     
   55393.355048048048        26.987252797028567     
   55393.418690690691        26.993009162757247     
   55393.482333333333        26.998516727066910     
   55393.545975975976        27.003730449241310     
   55393.609618618619        27.008605288564191     
   55393.673261261261        27.013096204319297     
   55393.736903903904        27.017158155790391     
   55393.800546546547        27.020746102261203     
   55393.864189189189        27.023815003015489     
   55393.927831831832        27.026319817337004     
   55393.991474474475        27.028215504509486     
   55394.055117117117        27.029457023816690     
   55394.118759759760        27.029999334542364     
   55394.182402402403        27.029993425254876     
   55394.246045045045        27.030270512286602     
   55394.309687687688        27.031112659110491     
   55394.373330330331        27.032496236020179     
   55394.436972972973        27.034396713661454     
   55394.500615615616        27.036789562680092     
   55394.564258258259        27.039650253721863     
   55394.627900900901        27.042954257432555     
   55394.691543543544        27.046677044457947     
   55394.755186186187        27.050794085443830     
   55394.818828828829        27.055280851035960     
   55394.882471471472        27.060112811880135     
   55394.946114114115        27.065265438622127     
   55395.009756756757        27.070714201907727     
   55395.073399399400        27.076434572382706     
   55395.137042042043        27.082402020692840     
   55395.200684684685        27.088592017483911     
   55395.264327327328        27.094980033401704     
   55395.327969969971        27.101541539091997     
   55395.391612612613        27.108252005200569     
   55395.455255255256        27.115086902373204     
   55395.518897897899        27.122021701255672     
   55395.582540540541        27.129031872493762     
   55395.646183183184        27.136092886733245     
   55395.709825825827        27.143180214619914     
   55395.773468468469        27.150269326799538     
   55395.837111111112        27.157335693917901     
   55395.900753753755        27.164354786620784     
   55395.964396396397        27.171302075553960     
   55396.028039039040        27.178153031363220     
   55396.091681681683        27.184883124694331     
   55396.155324324325        27.191467826193087     
   55396.218966966968        27.197882606505257     
   55396.282609609611        27.204102936276623     
   55396.346252252253        27.210104286152969     
   55396.409894894896        27.215862126780070     
   55396.473537537539        27.221351928803710     
   55396.537180180181        27.226549162869663     
   55396.600822822824        27.231429299623720     
   55396.664465465466        27.235967809711649     
   55396.728108108109        27.240140163779234     
   55396.791750750752        27.243921832472257     
   55396.855393393394        27.247288286436493     
   55396.919036036037        27.250214999687500     
   55396.982678678680        27.252685979477448     
   55397.046321321315        27.254712191988279     
   55397.109963963958        27.256309914364572     
   55397.173606606601        27.257495423750186     
   55397.237249249243        27.258284997289238     
   55397.300891891886        27.258694912125844     
   55397.364534534529        27.258741445404127     
   55397.428177177171        27.258440874268206     
   55397.491819819814        27.257809475862196     
   55397.555462462456        27.256863527330221     
   55397.619105105099        27.255619305816392     
   55397.682747747742        27.254093088464828     
   55397.746390390384        27.252301152419655     
   55397.810033033027        27.250259774824983     
   55397.873675675670        27.247985232824934     
   55397.937318318312        27.245493803563626     
   55398.000960960955        27.242801764185177     
   55398.064603603598        27.239925391671427     
   55398.128246246240        27.236870033721939     
   55398.191888888883        27.233600501477820     
   55398.255531531526        27.230072210014832     
   55398.319174174168        27.226240574408724     
   55398.382816816811        27.222061009735242     
   55398.446459459454        27.217488931070143     
   55398.510102102096        27.212479753489177     
   55398.573744744739        27.206988892068090     
   55398.637387387382        27.200971761882641     
   55398.701030030024        27.194383778008572     
   55398.764672672667        27.187180355521640     
   55398.828315315310        27.179316936957324     
   55398.891957957952        27.170808815123905     
   55398.955600600595        27.161857936980063     
   55399.019243243238        27.152702534347352     
   55399.082885885880        27.143564300577086     
   55399.146528528523        27.134497308110287     
   55399.210171171166        27.125458141922159     
   55399.273813813808        27.116402180177168     
   55399.337456456451        27.107284801039768     
   55399.401099099094        27.098061382674427     
   55399.464741741736        27.088687303245596     
   55399.528384384379        27.079117940917733     
   55399.592027027022        27.069308673855296     
   55399.655669669664        27.059214880222747     
   55399.719312312307        27.048791938184543     
   55399.782954954950        27.037995225905149     
   55399.846597597592        27.026780121549010     
   55399.910240240235        27.015102003280596     
   55399.973882882878        27.002916249264363     
   55400.037525525520        26.990178237664772     
   55400.101168168163        26.976843346646273     
   55400.164810810806        26.962866954373332     
   55400.228453453448        26.948204439010404     
   55400.292096096091        26.932811178721956     
   55400.355738738734        26.916642551672432     
   55400.419381381376        26.899697362980078     
   55400.483024024019        26.882616361955442     
   55400.546666666662        26.866394510805236     
   55400.610309309304        26.851162895972305     
   55400.673951951947        26.836705104769340     
   55400.737594594590        26.822803851133166     
   55400.801237237232        26.809241849000603     
   55400.864879879875        26.795801812308468     
   55400.928522522518        26.782266454993582     
   55400.992165165160        26.768418697644925     
   55401.055807807803        26.754232987720613     
   55401.119450450446        26.739986033099068     
   55401.183093093088        26.725714408895332     
   55401.246735735731        26.711432372764499     
   55401.310378378374        26.697154182361661     
   55401.374021021016        26.682894095341926     
   55401.437663663659        26.668666369360377     
   55401.501306306302        26.654485262072129     
   55401.564948948944        26.640365031132266     
   55401.628591591587        26.626319934195891     
   55401.692234234230        26.612364228918096     
   55401.755876876872        26.598512172953988     
   55401.819519519515        26.584778023958656     
   55401.883162162158        26.571176039587197     
   55401.946804804800        26.557720477494712     
   55402.010447447443        26.544425595336300     
   55402.074090090086        26.531305650767056     
   55402.137732732728        26.518374901442076     
   55402.201375375371        26.505647605016456     
   55402.265018018014        26.493138019145299     
   55402.328660660656        26.480860401483703     
   55402.392303303299        26.468829009686758     
   55402.455945945941        26.457058101409562     
   55402.519588588584        26.445561934307218     
   55402.583231231227        26.434354766034822     
   55402.646873873869        26.423450854247470     
   55402.710516516512        26.412864456600254     
   55402.774159159155        26.402609830748283     
   55402.837801801797        26.392701234346646     
   55402.901444444440        26.383152925050442     
   55402.965087087083        26.373979160514772     
   55403.028729729725        26.365194198394725     
   55403.092372372368        26.356812296345410     
   55403.156015015011        26.348847712021914     
   55403.219657657653        26.341314703079338     
   55403.283300300296        26.334227527172779     
   55403.346942942939        26.327600441957337     
   55403.410585585581        26.321447705088104     
   55403.474228228224        26.315783574220188     
   55403.537870870867        26.310622307008675     
   55403.601513513509        26.305960285619989     
   55403.665156156152        26.301688623088250     
   55403.728798798795        26.297660027138441     
   55403.792441441437        26.293727149365694     
   55403.856084084080        26.289742641365141     
   55403.919726726723        26.285559154731924     
   55403.983369369365        26.281029341061181     
   55404.047012012008        26.276087200171450     
   55404.110654654651        26.271296082624058     
   55404.174297297293        26.267457885891595     
   55404.237939939936        26.264801148130363     
   55404.301582582579        26.263211535748404     
   55404.365225225221        26.262570140082456     
   55404.428867867864        26.262758052469238     
   55404.492510510507        26.263656364245474     
   55404.556153153149        26.265146166747897     
   55404.619795795792        26.267108551313235     
   55404.683438438435        26.269424609278204     
   55404.747081081077        26.271975431979538     
   55404.810723723720        26.274642110753962     
   55404.874366366363        26.277305736938203     
   55404.938009009005        26.279847401868988     
   55405.001651651648        26.282188293206818     
   55405.065294294291        26.284443264520348     
   55405.128936936933        26.286785563376121     
   55405.192579579576        26.289388449348934     
   55405.256222222219        26.292425182013574     
   55405.319864864861        26.296069020944838     
   55405.383507507504        26.300493138532680     
   55405.447150150147        26.305761840790566     
   55405.510792792789        26.311618074913007     
   55405.574435435432        26.317745780662737     
   55405.638078078075        26.323828897802514     
   55405.701720720717        26.329551366095078     
   55405.765363363360        26.334695501197977     
   55405.829006006003        26.339548808258240     
   55405.892648648645        26.344560510465406     
   55405.956291291288        26.350179903819139     
   55406.019933933931        26.356856284319093     
   55406.083576576573        26.364946533767519     
   55406.147219219216        26.373406458789439     
   55406.210861861859        26.381344732355199     
   55406.274504504501        26.389251462222145     
   55406.338147147144        26.397214693586736     
   55406.401789789787        26.405247412668260     
   55406.465432432429        26.413362605686007     
   55406.529075075072        26.421573258859276     
   55406.592717717715        26.429892358407351     
   55406.656360360357        26.438332890549532     
   55406.720003003000        26.446907841505102     
   55406.783645645643        26.455630197493363     
   55406.847288288285        26.464512944733606     
   55406.910930930928        26.473499466867139     
   55406.974573573571        26.479690352516720     
   55407.038216216213        26.480578147542005     
   55407.101858858856        26.484669351076487     
   55407.165501501499        26.492032781028438     
   55407.229144144141        26.501899429175651     
   55407.292786786784        26.513500287295908     
   55407.356429429426        26.526066347167006     
   55407.420072072069        26.538828600566735     
   55407.483714714712        26.551117319437431     
   55407.547357357354        26.562788653915419     
   55407.610999999997        26.573872215805387     
   55407.674642642640        26.584397724487086     
   55407.738285285282        26.594394899340259     
   55407.801927927925        26.603893459744661     
   55407.865570570568        26.612923125080037     
   55407.929213213210        26.621513614726126     
   55407.992855855853        26.629694648062689     
   55408.056498498496        26.637495944469464     
   55408.120141141138        26.644947223326202     
   55408.183783783781        26.652078204012653     
   55408.247426426424        26.658918605908568     
   55408.311069069066        26.665498148393684     
   55408.374711711709        26.671846550847761     
   55408.438354354352        26.677993532650532     
   55408.501996996994        26.683968813181764     
   55408.565639639637        26.689802111821187     
   55408.629282282280        26.695523147948560     
   55408.692924924922        26.701161640943624     
   55408.756567567565        26.706747310186135     
   55408.820210210208        26.712309875055837     
   55408.883852852850        26.717879054932471     
   55408.947495495493        26.723483026502450     
   55409.011138138136        26.729128664941527     
   55409.074780780778        26.734807313503822     
   55409.138423423421        26.740509962882356     
   55409.202066066064        26.746227603770148     
   55409.265708708706        26.751951226860221     
   55409.329351351349        26.757671822845587     
   55409.392993993992        26.763380382419271     
   55409.456636636634        26.769067896274287     
   55409.520279279277        26.774725355103655     
   55409.583921921920        26.780343749600398     
   55409.647564564562        26.785914070457530     
   55409.711207207205        26.791427308368078     
   55409.774849849848        26.796874454025051     
   55409.838492492490        26.802246498121473     
   55409.902135135133        26.807534431350362     
   55409.965777777776        26.812729244404743     
   55410.029420420418        26.817821927977626     
   55410.093063063061        26.822803472762040     
   55410.156705705704        26.827664869450992     
   55410.220348348346        26.832397108737517     
   55410.283990990989        26.836991181314616     
   55410.347633633632        26.841438077875321     
   55410.411276276274        26.845728789112645     
   55410.474918918917        26.849854305719610     
   55410.538561561560        26.853805618389234     
   55410.602204204202        26.857573717814535     
   55410.665846846845        26.861149883455290     
   55410.729489489488        26.864543463277638     
   55410.793132132130        26.867792246924978     
   55410.856774774773        26.870936522253245     
   55410.920417417416        26.874016577118379     
   55410.984060060058        26.877072699376310     
   55411.047702702701        26.880145176882973     
   55411.111345345344        26.883274297494296     
   55411.174987987986        26.886500349066218     
   55411.238630630629        26.889863619454673     
   55411.302273273272        26.893404396515589     
   55411.365915915914        26.897162968104901     
   55411.429558558557        26.901179622078544     
   55411.493201201200        26.905494646292446     
   55411.556843843842        26.910148328602549     
   55411.620486486485        26.915180956864781     
   55411.684129129128        26.920632738933790     
   55411.747771771770        26.926465937645315     
   55411.811414414413        26.932419198094614     
   55411.875057057056        26.938191313897896     
   55411.938699699698        26.943502577349424     
   55412.002342342341        26.948319376155290     
   55412.065984984984        26.952765070868594     
   55412.129627627626        26.956965558633321     
   55412.193270270269        26.961046736593431     
   55412.256912912912        26.965134501892901     
   55412.320555555554        26.969354751675699     
   55412.384198198197        26.973817190941819     
   55412.447840840839        26.978529861084560     
   55412.511483483482        26.983461438787685     
   55412.575126126125        26.988580515055048     
   55412.638768768767        26.993855680890498     
   55412.702411411410        26.999255527297876     
   55412.766054054053        27.004748645281037     
   55412.829696696695        27.010303625843825     
   55412.893339339338        27.015889059990087     
   55412.956981981981        27.021473538723672     
   55413.020624624623        27.027025653048430     
   55413.084267267266        27.032515039487226     
   55413.147909909909        27.037940600593053     
   55413.211552552551        27.043333736516786     
   55413.275195195194        27.048727541465286     
   55413.338837837837        27.054155109645439     
   55413.402480480479        27.059649535264118     
   55413.466123123122        27.065243912528189     
   55413.529765765765        27.070971335644536     
   55413.593408408407        27.076864898820030     
   55413.657051051050        27.082957696261545     
   55413.720693693693        27.089282822175960     
   55413.784336336335        27.095873370770143     
   55413.847978978978        27.102762436250970     
   55413.911621621621        27.109983112825319     
   55413.975264264263        27.117568494700063     
   55414.038906906906        27.125511096205194     
   55414.102549549549        27.133369350701994     
   55414.166192192191        27.140438542978853     
   55414.229834834834        27.146010272530017     
   55414.293477477477        27.149376138849732     
   55414.357120120119        27.149973808250479     
   55414.420762762762        27.150290311759232     
   55414.484405405405        27.153843241736226     
   55414.548048048047        27.160100572956662     
   55414.611690690690        27.167967844064545     
   55414.675333333333        27.176350593703884     
   55414.738975975975        27.184154360518676     
   55414.802618618618        27.190284769018852     
   55414.866261261261        27.194198526435684     
   55414.929903903903        27.197212053211366     
   55414.993546546546        27.201027549559470     
   55415.057189189189        27.206422283687786     
   55415.120831831831        27.212267771685251     
   55415.184474474474        27.217200488774402     
   55415.248117117117        27.219856910177796     
   55415.311759759759        27.219994368305983     
   55415.375402402402        27.220226282666314     
   55415.439045045045        27.220738698086620     
   55415.502687687687        27.221505558177256     
   55415.566330330330        27.222500806548553     
   55415.629972972973        27.223698386810867     
   55415.693615615615        27.225072242574541     
   55415.757258258258        27.226596317449928     
   55415.820900900901        27.228244555047365     
   55415.884543543543        27.229990898977206     
   55415.948186186186        27.231809292849789     
   55416.011828828829        27.233673680275469     
   55416.075471471471        27.235558004864586     
   55416.139114114114        27.237436210227486     
   55416.202756756757        27.239282239974525     
   55416.266399399399        27.241070037716035     
   55416.330042042042        27.242773547062377     
   55416.393684684685        27.244366711623883     
   55416.457327327327        27.245823475010916     
   55416.520969969970        27.247117780833804     
   55416.584612612613        27.248223572702905     
   55416.648255255255        27.249114794228564     
   55416.711897897898        27.249765389021121     
   55416.775540540541        27.250145936967048     
   55416.839183183183        27.250141819853255     
   55416.902825825826        27.249557810725232     
   55416.966468468469        27.248318689548423     
   55417.030111111111        27.246438627242160     
   55417.093753753754        27.243933758555091     
   55417.157396396397        27.240820218235861     
   55417.221039039039        27.237114141033125     
   55417.284681681682        27.232831661695528     
   55417.348324324324        27.227988914971725     
   55417.411966966967        27.222602035610365     
   55417.475609609610        27.216687158360092     
   55417.539252252252        27.210260417969565     
   55417.602894894895        27.203337949187429     
   55417.666537537538        27.195935886762335     
   55417.730180180180        27.188070365442933     
   55417.793822822823        27.179757519977873     
   55417.857465465466        27.171013485115800     
   55417.921108108108        27.161854395605371     
   55417.984750750751        27.152296386195236     
   55418.048393393394        27.142355591634036     
   55418.112036036036        27.132048146670435     
   55418.175678678679        27.121390186053070     
   55418.239321321314        27.110397844531871     
   55418.302963963957        27.099087256852975     
   55418.366606606600        27.087474557766267     
   55418.430249249242        27.075575882020395     
   55418.493891891885        27.063407364364018     
   55418.557534534528        27.050985139545773     
   55418.621177177170        27.038325342314323     
   55418.684819819813        27.025444107418306     
   55418.748462462456        27.012357569606383     
   55418.812105105098        26.999081863627197     
   55418.875747747741        26.985633124229398     
   55418.939390390384        26.972027486161636     
   55419.003033033026        26.958281084172562     
   55419.066675675669        26.944410053010827     
   55419.130318318312        26.930430527425081     
   55419.193960960954        26.916358642163978     
   55419.257603603597        26.902210531976159     
   55419.321246246240        26.888002331610274     
   55419.384888888882        26.873750056241366     
   55419.448531531525        26.859465972128238     
   55419.512174174168        26.845157940117346     
   55419.575816816810        26.830833569109636     
   55419.639459459453        26.816500468006051     
   55419.703102102096        26.802166245707546     
   55419.766744744738        26.787838511115066     
   55419.830387387381        26.773524873129546     
   55419.894030030024        26.759232940651941     
   55419.957672672666        26.744970322583193     
   55420.021315315309        26.730744627824247     
   55420.084957957952        26.716563465276050     
   55420.148600600594        26.702434443839547     
   55420.212243243237        26.688365172415683     
   55420.275885885880        26.674363259905405     
   55420.339528528522        26.660436315209658     
   55420.403171171165        26.646591947229382     
   55420.466813813808        26.632837764865531     
   55420.530456456450        26.619181615827731     
   55420.594099099093        26.605633154100236     
   55420.657741741736        26.592202859704798     
   55420.721384384378        26.578901216925612     
   55420.785027027021        26.565738710046858     
   55420.848669669664        26.552725823352731     
   55420.912312312306        26.539873041127422     
   55420.975954954949        26.527190847655106     
   55421.039597597592        26.514689727219984     
   55421.103240240234        26.502380164106249     
   55421.166882882877        26.490272642598072     
   55421.230525525520        26.478377646979652     
   55421.294168168162        26.466705661535176     
   55421.357810810805        26.455267170548836     
   55421.421453453448        26.444072658304819     
   55421.485096096090        26.433132609087306     
   55421.548738738733        26.422457507180496     
   55421.612381381376        26.412057836868566     
   55421.676024024018        26.401944082435715     
   55421.739666666661        26.392126728166129     
   55421.803309309304        26.382616258343994     
   55421.866951951946        26.373423157253498     
   55421.930594594589        26.364557909178831     
   55421.994237237232        26.356030998404183     
   55422.057879879874        26.347852909213735     
   55422.121522522517        26.340034125891691     
   55422.185165165160        26.332585132722219     
   55422.248807807802        26.325516413989526     
   55422.312450450445        26.318838453977790     
   55422.376093093088        26.312561736971197     
   55422.439735735730        26.306696747253948     
   55422.503378378373        26.301253969110217     
   55422.567021021016        26.296243886824204     
   55422.630663663658        26.291676984680091     
   55422.694306306301        26.287563746962068     
   55422.757948948944        26.283914657954327     
   55422.821591591586        26.280740201941047     
   55422.885234234229        26.278046725888039     
   55422.948876876872        26.275803611560757     
   55423.012519519514        26.273960794947911     
   55423.076162162157        26.272468038598831     
   55423.139804804799        26.271275105062838     
   55423.203447447442        26.270331756889274     
   55423.267090090085        26.269590090204716     
   55423.330732732727        26.269039614539448     
   55423.394375375370        26.268699972891181     
   55423.458018018013        26.268591664442123     
   55423.521660660655        26.268735188374453     
   55423.585303303298        26.269151043870380     
   55423.648945945941        26.269859730112096     
   55423.712588588583        26.270881746281795     
   55423.776231231226        26.272237591561669     
   55423.839873873869        26.273947765133922     
   55423.903516516511        26.276032766180744     
   55423.967159159154        26.278513093884335     
   55424.030801801797        26.281408704793019     
   55424.094444444439        26.284724998153543     
   55424.158087087082        26.288451559201054     
   55424.221729729725        26.292577178654490     
   55424.285372372367        26.297090647232785     
   55424.349015015010        26.301980755654874     
   55424.412657657653        26.307236294639686     
   55424.476300300295        26.312846054906160     
   55424.539942942938        26.318798827173225     
   55424.603585585581        26.325083402159812     
   55424.667228228223        26.331688570584870     
   55424.730870870866        26.338603123167317     
   55424.794513513509        26.345815850626096     
   55424.858156156151        26.353315543680136     
   55424.921798798794        26.361090979647347     
   55424.985441441437        26.369123510697619     
   55425.049084084079        26.377374745501594     
   55425.112726726722        26.385803047454612     
   55425.176369369365        26.394366779951994     
   55425.240012012007        26.403024306389074     
   55425.303654654650        26.411734039019052     
   55425.367297297293        26.420464902730796     
   55425.430939939935        26.429209353956054     
   55425.494582582578        26.437963044982908     
   55425.558225225221        26.446721628099450     
   55425.621867867863        26.455480755593754     
   55425.685510510506        26.464236079753906     
   55425.749153153149        26.472983252867991     
   55425.812795795791        26.481717927224096     
   55425.876438438434        26.490435755110298     
   55425.940081081077        26.499132388814687     
   55426.003723723719        26.507803480625341     
   55426.067366366362        26.516444682830347     
   55426.131009009005        26.525051647717788     
   55426.194651651647        26.533620027575754     
   55426.258294294290        26.542145474692319     
   55426.321936936933        26.550623641355564     
   55426.385579579575        26.559050179853585     
   55426.449222222218        26.567420742474464     
   55426.512864864861        26.575730981506275     
   55426.576507507503        26.583976549237111     
   55426.640150150146        26.592153097955055     
   55426.703792792789        26.600256279948180     
   55426.767435435431        26.608281747504584     
   55426.831078078074        26.616225152912342     
   55426.894720720717        26.624082148459536     
   55426.958363363359        26.631848386434260     
   55427.022006006002        26.639519519124587     
   55427.085648648645        26.647091198818607     
   55427.149291291287        26.654559077804407     
   55427.212933933930        26.661918808370061     
   55427.276576576573        26.669166042803656     
   55427.340219219215        26.676296433393279     
   55427.403861861858        26.683305632427011     
   55427.467504504501        26.690189292192937     
   55427.531147147143        26.696943064979138     
   55427.594789789786        26.703562603073706     
   55427.658432432429        26.710043558765356     
   55427.722075075071        26.716383673629078     
   55427.785717717714        26.722588877766015     
   55427.849360360357        26.728667107101273     
   55427.913003002999        26.734626297559956     
   55427.976645645642        26.740474385067170     
   55428.040288288285        26.746219305548021     
   55428.103930930927        26.751868994927612     
   55428.167573573570        26.757431389131046     
   55428.231216216212        26.762914424083434     
   55428.294858858855        26.768326035709876     
   55428.358501501498        26.773674159935474     
   55428.422144144140        26.778966732685344     
   55428.485786786783        26.784211689884582     
   55428.549429429426        26.789416967458298     
   55428.613072072068        26.794590501331587     
   55428.676714714711        26.799740227429567     
   55428.740357357354        26.804874081677337     
   55428.803999999996        26.809999999999999     
