   1433.6690000000001        26.000000000000000     
   1433.7298858858860        25.982917545429483     
   1433.7907717717719        25.965855512170830     
   1433.8516576576578        25.948834321535891     
   1433.9125435435437        25.931874394836530     
   1433.9734294294294        25.914996153384671     
   1434.0343153153153        25.898220018492044     
   1434.0952012012012        25.881566411470573     
   1434.1560870870871        25.865055753632127     
   1434.2169729729731        25.848708466288549     
   1434.2778588588590        25.832544970751709     
   1434.3387447447449        25.816585688333461     
   1434.3996306306308        25.800851040345670     
   1434.4605165165167        25.785361448100190     
   1434.5214024024026        25.770137332908885     
   1434.5822882882883        25.755199116083666     
   1434.6431741741742        25.740567218936285     
   1434.7040600600601        25.726262062778652     
   1434.7649459459460        25.712304068922634     
   1434.8258318318319        25.698713658680084     
   1434.8867177177178        25.685511253362865     
   1434.9476036036037        25.672717274282835     
   1435.0084894894896        25.660352142751851     
   1435.0693753753756        25.648436280081782     
   1435.1302612612615        25.636990011354371     
   1435.1911471471471        25.626023770955648     
   1435.2520330330331        25.615529661459611     
   1435.3129189189190        25.605497796727949     
   1435.3738048048049        25.595918290622308     
   1435.4346906906908        25.586781257004333     
   1435.4955765765767        25.578076809735670     
   1435.5564624624626        25.569795062677969     
   1435.6173483483485        25.561926129692878     
   1435.6782342342344        25.554460124642041     
   1435.7391201201201        25.547387161387128     
   1435.8000060060060        25.540697353789739     
   1435.8608918918919        25.534380815711540     
   1435.9217777777778        25.528427661014184     
   1435.9826636636637        25.522828003559315     
   1436.0435495495497        25.517571957208581     
   1436.1044354354356        25.512649635823628     
   1436.1653213213215        25.508052295476531     
   1436.2262072072074        25.503808164708371     
   1436.2870930930933        25.499989595922344     
   1436.3479789789790        25.496671528044551     
   1436.4088648648649        25.493928900001080     
   1436.4697507507508        25.491836650718039     
   1436.5306366366367        25.490469719121535     
   1436.5915225225226        25.489899231068431     
   1436.6524084084085        25.489973557402504     
   1436.7132942942944        25.490261133995048     
   1436.7741801801803        25.490644820432017     
   1436.8350660660662        25.491125881175453     
   1436.8959519519519        25.491705691473790     
   1436.9568378378378        25.492385626575455     
   1437.0177237237237        25.493167061728876     
   1437.0786096096097        25.494051372182483     
   1437.1394954954956        25.495039933184689     
   1437.2003813813815        25.496134119983932     
   1437.2612672672674        25.497335307828628     
   1437.3221531531533        25.498644871967208     
   1437.3830390390392        25.500064187648100     
   1437.4439249249251        25.501594630119722     
   1437.5048108108108        25.503237574630504     
   1437.5656966966967        25.504994396428877     
   1437.6265825825826        25.506866470763264     
   1437.6874684684685        25.508855172882086     
   1437.7483543543544        25.510961878033775     
   1437.8092402402403        25.513187961466755     
   1437.8701261261263        25.515534798429446     
   1437.9310120120122        25.518003764170281     
   1437.9918978978981        25.520596233937685     
   1438.0527837837840        25.523313582980084     
   1438.1136696696697        25.526157186545888     
   1438.1745555555556        25.529128419883548     
   1438.2354414414415        25.532228658241479     
   1438.2963273273274        25.535459276868107     
   1438.3572132132133        25.538821651011858     
   1438.4180990990992        25.542315918861668     
   1438.4789849849851        25.545927408199656     
   1438.5398708708710        25.549631683684240     
   1438.6007567567569        25.553404137648641     
   1438.6616426426426        25.557220162426042     
   1438.7225285285285        25.561055150349684     
   1438.7834144144144        25.564884493752764     
   1438.8443003003003        25.568683584968500     
   1438.9051861861863        25.572427816330091     
   1438.9660720720722        25.576092580170751     
   1439.0269579579581        25.579653268823694     
   1439.0878438438440        25.583090225282319     
   1439.1487297297299        25.586410507175547     
   1439.2096156156158        25.589630142734329     
   1439.2705015015015        25.592765166809187     
   1439.3313873873874        25.595831614250681     
   1439.3922732732733        25.598845519909332     
   1439.4531591591592        25.601822918635669     
   1439.5140450450451        25.604779845280234     
   1439.5749309309310        25.607732334693551     
   1439.6358168168169        25.610696421726171     
   1439.6967027027029        25.613688141228611     
   1439.7575885885888        25.616723528051416     
   1439.8184744744744        25.619818617045098     
   1439.8793603603604        25.622985980015013     
   1439.9402462462463        25.626221703108726     
   1440.0011321321322        25.629516972135718     
   1440.0620180180181        25.632862972101393     
   1440.1229039039040        25.636250888011180     
   1440.1837897897899        25.639671904870490     
   1440.2446756756758        25.643117207684739     
   1440.3055615615617        25.646577981459338     
   1440.3664474474476        25.650045411199702     
   1440.4273333333333        25.653510681911236     
   1440.4882192192192        25.656964978599380     
   1440.5491051051051        25.660399488667938     
   1440.6099909909910        25.663807491597481     
   1440.6708768768769        25.667188187736521     
   1440.7317627627629        25.670541817573575     
   1440.7926486486488        25.673868621597162     
   1440.8535345345347        25.677168840295785     
   1440.9144204204206        25.680442714157962     
   1440.9753063063065        25.683690483672201     
   1441.0361921921922        25.686912389327006     
   1441.0970780780781        25.690108671654038     
   1441.1579639639640        25.693280770570638     
   1441.2188498498499        25.696434457196425     
   1441.2797357357358        25.699576480001014     
   1441.3406216216217        25.702713587454028     
   1441.4015075075076        25.705852528025076     
   1441.4623933933935        25.709000050183775     
   1441.5232792792794        25.712162902399751     
   1441.5841651651651        25.715347833142598     
   1441.6450510510510        25.718561590881968     
   1441.7059369369370        25.721810924087457     
   1441.7668228228229        25.725102581228683     
   1441.8277087087088        25.728443310775262     
   1441.8885945945947        25.731839861196811     
   1441.9494804804806        25.735298980962952     
   1442.0103663663665        25.738827418543295     
   1442.0712522522524        25.742431922407462     
   1442.1321381381383        25.746119241025067     
   1442.1930240240240        25.749896122865714     
   1442.2539099099099        25.753769316399044     
   1442.3147957957958        25.757745570094663     
   1442.3756816816817        25.761831632422187     
   1442.4365675675676        25.766034251851234     
   1442.4974534534535        25.770360176851419     
   1442.5583393393395        25.774816155892356     
   1442.6192252252254        25.779408937443669     
   1442.6801111111113        25.784145269974971     
   1442.7409969969970        25.789031901955859     
   1442.8018828828829        25.794075581855989     
   1442.8627687687688        25.799283058144958     
   1442.9236546546547        25.804659000584966     
   1442.9845405405406        25.810195551933958     
   1443.0454264264265        25.815880185176525     
   1443.1063123123124        25.821700365356232     
   1443.1671981981983        25.827643557516630     
   1443.2280840840842        25.833697226701286     
   1443.2889699699701        25.839848837953749     
   1443.3498558558558        25.846085856317558     
   1443.4107417417417        25.852395746836315     
   1443.4716276276276        25.858765974553563     
   1443.5325135135135        25.865184004512855     
   1443.5933993993995        25.871637301757744     
   1443.6542852852854        25.878113331331800     
   1443.7151711711713        25.884601538762805     
   1443.7760570570572        25.891111181130992     
   1443.8369429429431        25.897662920923164     
   1443.8978288288290        25.904277557459626     
   1443.9587147147147        25.910975890060648     
   1444.0196006006006        25.917778718046570     
   1444.0804864864865        25.924706840737670     
   1444.1413723723724        25.931781057454248     
   1444.2022582582583        25.939022167516590     
   1444.2631441441442        25.946450970245003     
   1444.3240300300301        25.954088264959772     
   1444.3849159159161        25.961954850981204     
   1444.4458018018020        25.970071527629592     
   1444.5066876876876        25.978459094225201     
   1444.5675735735736        25.987138350088387     
   1444.6284594594595        25.996130094539417     
   1444.6893453453454        26.005454073657411     
   1444.7502312312313        26.015112990597487     
   1444.8111171171172        26.025095739860848     
   1444.8720030030031        26.035390818554617     
   1444.9328888888890        26.045986723785923     
   1444.9937747747749        26.056871952661893     
   1445.0546606606608        26.068035002289658     
   1445.1155465465465        26.079464369776300     
   1445.1764324324324        26.091148552229029     
   1445.2373183183183        26.103076046754929     
   1445.2982042042042        26.115235350461134     
   1445.3590900900901        26.127614960454764     
   1445.4199759759761        26.140203373817183     
   1445.4808618618620        26.152982526539756     
   1445.5417477477479        26.165909342081726     
   1445.6026336336338        26.178934784401910     
   1445.6635195195195        26.192009817459066     
   1445.7244054054054        26.205085405212117     
   1445.7852912912913        26.218112511619815     
   1445.8461771771772        26.231042100640984     
   1445.9070630630631        26.243825136234427     
   1445.9679489489490        26.256412582358962     
   1446.0288348348349        26.268755402973405     
   1446.0897207207208        26.280804562036558     
   1446.1506066066067        26.292511023507245     
   1446.2114924924927        26.303825751344277     
   1446.2723783783783        26.314699709506424     
   1446.3332642642642        26.325083861952582     
   1446.3941501501502        26.334929172641523     
   1446.4550360360361        26.344214230769623     
   1446.5159219219220        26.353672476385238     
   1446.5768078078079        26.364170985242726     
   1446.6376936936938        26.375624627379121     
   1446.6985795795797        26.387875273552979     
   1446.7594654654656        26.400764794522857     
   1446.8203513513515        26.414135061047311     
   1446.8812372372372        26.427827943884850     
   1446.9421231231231        26.441685313794132     
   1447.0030090090090        26.455549041533658     
   1447.0638948948949        26.469260997861994     
   1447.1247807807808        26.482663053537699     
   1447.1856666666667        26.495599659854268     
   1447.2465525525527        26.507996275235406     
   1447.3074384384386        26.519873608949879     
   1447.3683243243245        26.531257822994498     
   1447.4292102102102        26.542175079366032     
   1447.4900960960961        26.552651540061376     
   1447.5509819819820        26.562713367077293     
   1447.6118678678679        26.572386722410606     
   1447.6727537537538        26.581697768058120     
   1447.7336396396397        26.590672665002938     
   1447.7945255255256        26.599334722732440     
   1447.8554114114115        26.607698163866068     
   1447.9162972972974        26.615775404935100     
   1447.9771831831833        26.623574925850196     
   1448.0380690690690        26.630996692196902     
   1448.0989549549549        26.637821118735715     
   1448.1598408408408        26.643840879963648     
   1448.2207267267268        26.649072522827289     
   1448.2816126126127        26.653681849403522     
   1448.3424984984986        26.657837375216843     
   1448.4033843843845        26.661707615791755     
   1448.4642702702704        26.665461086652748     
   1448.5251561561563        26.669266303324324     
   1448.5860420420422        26.673291781330978     
   1448.6469279279279        26.677706036197190     
   1448.7078138138138        26.682649865371243     
   1448.7686996996997        26.687689212219517     
   1448.8295855855856        26.691868492727867     
   1448.8904714714715        26.694715911335216     
   1448.9513573573574        26.696283507043940     
   1449.0122432432433        26.696647629304540     
   1449.0731291291293        26.695884627567512     
   1449.1340150150152        26.694070851283360     
   1449.1949009009008        26.691282649902583     
   1449.2557867867868        26.687596372875667     
   1449.3166726726727        26.683088369653113     
   1449.3775585585586        26.677834989685419     
   1449.4384444444445        26.671912582423083     
   1449.4993303303304        26.665397497316604     
   1449.5602162162163        26.658366083816482     
   1449.6211021021022        26.650894691373210     
   1449.6819879879881        26.643059669437289     
   1449.7428738738740        26.634937367459216     
   1449.8037597597597        26.626604134889519     
   1449.8646456456456        26.618136321178632     
   1449.9255315315315        26.609610275777086     
   1449.9864174174174        26.601102348135381     
   1450.0473033033034        26.592688887704007     
   1450.1081891891893        26.584387038075405     
   1450.1690750750752        26.575549664022553     
   1450.2299609609611        26.565134882091424     
   1450.2908468468470        26.552788646104808     
   1450.3517327327327        26.538963043526632     
   1450.4126186186186        26.524155378722980     
   1450.4735045045045        26.508862921573485     
   1450.5343903903904        26.493477580259700     
   1450.5952762762763        26.478053297979759     
   1450.6561621621622        26.462576391520454     
   1450.7170480480481        26.447033177668565     
   1450.7779339339340        26.431409973210890     
   1450.8388198198199        26.415693094934213     
   1450.8997057057059        26.399868859625315     
   1450.9605915915915        26.383923584071052     
   1451.0214774774774        26.367843585058090     
   1451.0823633633634        26.351615179373276     
   1451.1432492492493        26.335224683803403     
   1451.2041351351352        26.318658415135253     
   1451.2650210210211        26.301902690155618     
   1451.3259069069070        26.284943825651286     
   1451.3867927927929        26.267768138409039     
   1451.4476786786788        26.250361945215673     
   1451.5085645645645        26.232711562858043     
   1451.5694504504504        26.214803308122796     
   1451.6303363363363        26.196623497796793     
   1451.6912222222222        26.178158448666821     
   1451.7521081081081        26.159394477519673     
   1451.8129939939940        26.140317901142126     
   1451.8738798798800        26.121169151090495     
   1451.9347657657659        26.103190006976650     
   1451.9956516516518        26.085630524695016     
   1452.0565375375377        26.067438832281578     
   1452.1174234234234        26.048751739650577     
   1452.1783093093093        26.029711595043430     
   1452.2391951951952        26.010460746701774     
   1452.3000810810811        25.991141542867158     
   1452.3609669669670        25.971896331781146     
   1452.4218528528529        25.952867461685294     
   1452.4827387387388        25.934197280821166     
   1452.5436246246247        25.916028137430317     
   1452.6045105105106        25.898502379754305     
   1452.6653963963965        25.881762356034695     
   1452.7262822822822        25.865897132677560     
   1452.7871681681681        25.850700038809791     
   1452.8480540540540        25.835863298839296     
   1452.9089399399400        25.821162696232289     
   1452.9698258258259        25.806523663916124     
   1453.0307117117118        25.791887164830015     
   1453.0915975975977        25.777194319915417     
   1453.1524834834836        25.762424190471471     
   1453.2133693693695        25.747642781757961     
   1453.2742552552552        25.732928227066385     
   1453.3351411411411        25.718358659688114     
   1453.3960270270270        25.704012212914648     
   1453.4569129129129        25.689967020037464     
   1453.5177987987988        25.676301214348019     
   1453.5786846846847        25.663092929137779     
   1453.6395705705706        25.650420297698197     
   1453.7004564564565        25.638361453320751     
   1453.7613423423425        25.626994529296894     
   1453.8222282282284        25.616396699241356     
   1453.8831141141141        25.606593431475368     
   1453.9440000000000        25.597533258384239     
   1454.0048858858859        25.589158455371496     
   1454.0657717717718        25.581411297840646     
   1454.1266576576577        25.574234061195163     
   1454.1875435435436        25.567569020838548     
   1454.2484294294295        25.561358452174293     
   1454.3093153153154        25.555544630605887     
   1454.3702012012013        25.550069831536824     
   1454.4310870870872        25.544885058289189     
   1454.4919729729729        25.539977627484166     
   1454.5528588588588        25.535344298428072     
   1454.6137447447447        25.530981830447747     
   1454.6746306306306        25.526886982870028     
   1454.7355165165166        25.523056515021768     
   1454.7964024024025        25.519487186229789     
   1454.8572882882884        25.516175755820949     
   1454.9181741741743        25.513118983122073     
   1454.9790600600602        25.510313627460000     
   1455.0399459459459        25.507756448161583     
   1455.1008318318318        25.505444204553637     
   1455.1617177177177        25.503373655963017     
   1455.2226036036036        25.501541561716557     
   1455.2834894894895        25.499944681141098     
   1455.3443753753754        25.498579773563478     
   1455.4052612612613        25.497443598310532     
   1455.4661471471472        25.496532914709107     
   1455.5270330330331        25.495844482086035     
   1455.5879189189191        25.495375059768158     
   1455.6488048048047        25.495121407082308     
   1455.7096906906906        25.495080283355335     
   1455.7705765765766        25.495248447914069     
   1455.8314624624625        25.495622660085353     
   1455.8923483483484        25.496199679196021     
   1455.9532342342343        25.496976264572918     
   1456.0141201201202        25.497949175542878     
   1456.0750060060061        25.499115171432742     
   1456.1358918918920        25.500471011569353     
   1456.1967777777777        25.502013455279535     
   1456.2576636636636        25.503739261890146     
   1456.3185495495495        25.505645190728014     
   1456.3794354354354        25.507728001119979     
   1456.4403213213213        25.509984452392878     
   1456.5012072072072        25.512411303873559     
   1456.5620930930932        25.515005314888850     
   1456.6229789789791        25.517763244765593     
   1456.6838648648650        25.520681852830627     
   1456.7447507507509        25.523757898410793     
   1456.8056366366366        25.526988140832913     
   1456.8665225225225        25.530369335178971     
   1456.9274084084084        25.533893567947679     
   1456.9882942942943        25.537539339515469     
   1457.0491801801802        25.541282692504296     
   1457.1100660660661        25.545099669536114     
   1457.1709519519520        25.548966313232885     
   1457.2318378378379        25.552858666216558     
   1457.2927237237238        25.556752771109092     
   1457.3536096096095        25.560624670532427     
   1457.4144954954954        25.564450407108552     
   1457.4753813813813        25.568206023459400     
   1457.5362672672672        25.571867562206933     
   1457.5971531531532        25.575411065973103     
   1457.6580390390391        25.578812577379871     
   1457.7189249249250        25.582050850931282     
   1457.7798108108109        25.585139515074982     
   1457.8406966966968        25.588116396813401     
   1457.9015825825827        25.591019810163019     
   1457.9624684684684        25.593888069140299     
   1458.0233543543543        25.596759487761730     
   1458.0842402402402        25.599672380043781     
   1458.1451261261261        25.602659836934542     
   1458.2060120120120        25.605725730493020     
   1458.2668978978979        25.608863777601925     
   1458.3277837837838        25.612067684969826     
   1458.3886696696698        25.615331159305274     
   1458.4495555555557        25.618647907316820     
   1458.5104414414416        25.622011635713033     
   1458.5713273273273        25.625416051202450     
   1458.6322132132132        25.628854860493647     
   1458.6930990990991        25.632321770295182     
   1458.7539849849850        25.635810487315602     
   1458.8148708708709        25.639314718263464     
   1458.8757567567568        25.642828169847331     
   1458.9366426426427        25.646344548775748     
   1458.9975285285286        25.649857561757287     
   1459.0584144144145        25.653362074964345     
   1459.1193003003002        25.656858193638616     
   1459.1801861861861        25.660347502079688     
   1459.2410720720720        25.663831584674938     
   1459.3019579579579        25.667312025811746     
   1459.3628438438438        25.670790409877508     
   1459.4237297297298        25.674268321259600     
   1459.4846156156157        25.677747344345409     
   1459.5455015015016        25.681229063522323     
   1459.6063873873875        25.684715063177734     
   1459.6672732732734        25.688206927699014     
   1459.7281591591591        25.691706241473540     
   1459.7890450450450        25.695214588888724     
   1459.8499309309309        25.698733554331945     
   1459.9108168168168        25.702264722190584     
   1459.9717027027027        25.705809676852024     
   1460.0325885885886        25.709370002703650     
   1460.0934744744745        25.712947284132856     
   1460.1543603603604        25.716543105527020     
   1460.2152462462464        25.720159051273527     
   1460.2761321321323        25.723796705759767     
   1460.3370180180179        25.727457653373108     
   1460.3979039039039        25.731143478500965     
   1460.4587897897898        25.734855765530710     
   1460.5196756756757        25.738596098849726     
   1460.5805615615616        25.742366062845399     
   1460.6414474474475        25.746167241905120     
   1460.7023333333334        25.750001220416269     
   1460.7632192192193        25.753869582766228     
   1460.8241051051052        25.757773913342394     
   1460.8849909909909        25.761715796532133     
   1460.9458768768768        25.765696816722855     
   1461.0067627627627        25.769718558301932     
   1461.0676486486486        25.773783313836823     
   1461.1285345345345        25.777896868334658     
   1461.1894204204204        25.782066081538900     
   1461.2503063063064        25.786297813489366     
   1461.3111921921923        25.790598924225872     
   1461.3720780780782        25.794976273788247     
   1461.4329639639641        25.799436722216306     
   1461.4938498498498        25.803987129549853     
   1461.5547357357357        25.808634355828747     
   1461.6156216216216        25.813385261092790     
   1461.6765075075075        25.818246705381796     
   1461.7373933933934        25.823225548735600     
   1461.7982792792793        25.828328651194006     
   1461.8591651651652        25.833562872796847     
   1461.9200510510511        25.838935073583940     
   1461.9809369369370        25.844452113595104     
   1462.0418228228227        25.850120852870134     
   1462.1027087087086        25.855948151448906     
   1462.1635945945945        25.861940869371210     
   1462.2244804804805        25.868105866676871     
   1462.2853663663664        25.874450003405702     
   1462.3462522522523        25.880980139597533     
   1462.4071381381382        25.887703135292181     
   1462.4680240240241        25.894625850529465     
   1462.5289099099100        25.901755145349206     
   1462.5897957957959        25.909097879791229     
   1462.6506816816816        25.916660913895321     
   1462.7115675675675        25.924450691850563     
   1462.7724534534534        25.932466565243903     
   1462.8333393393393        25.940701943364296     
   1462.8942252252252        25.949150051971372     
   1462.9551111111111        25.957804116824761     
   1463.0159969969970        25.966657363684096     
   1463.0768828828830        25.975703018309005     
   1463.1377687687689        25.984934306459117     
   1463.1986546546548        25.994344453894072     
   1463.2595405405405        26.003926686373447     
   1463.3204264264264        26.013674229656953     
   1463.3813123123123        26.023580309504183     
   1463.4421981981982        26.033638151674772     
   1463.5030840840841        26.043840981928344     
   1463.5639699699700        26.054182026024534     
   1463.6248558558559        26.064654509722967     
   1463.6857417417418        26.075251658783273     
   1463.7466276276277        26.085966698965091     
   1463.8075135135134        26.096792856027999     
   1463.8683993993993        26.107723355731714     
   1463.9292852852852        26.118751423835825     
   1463.9901711711711        26.129870286099965     
   1464.0510570570571        26.141073168283754     
   1464.1119429429430        26.152353296146831     
   1464.1728288288289        26.163703948901535     
   1464.2337147147148        26.175121797209780     
   1464.2946006006007        26.186608877276203     
   1464.3554864864866        26.198167699811719     
   1464.4163723723723        26.209800775527182     
   1464.4772582582582        26.221510615133575     
   1464.5381441441441        26.233299729341759     
   1464.5990300300300        26.245170628862638     
   1464.6599159159159        26.257125824407105     
   1464.7208018018018        26.269167826686065     
   1464.7816876876877        26.281299146410419     
   1464.8425735735736        26.293522294291058     
   1464.9034594594596        26.305839781038898     
   1464.9643453453455        26.318254117364830     
   1465.0252312312311        26.330767813979712     
   1465.0861171171171        26.343383381594531     
   1465.1470030030030        26.356103330920149     
   1465.2078888888889        26.368930172667461     
   1465.2687747747748        26.381866417547371     
   1465.3296606606607        26.394914576270779     
   1465.3905465465466        26.408077159548579     
   1465.4514324324325        26.421356678091684     
   1465.5123183183184        26.434755642610984     
   1465.5732042042041        26.448269299766302     
   1465.6340900900900        26.461788821717739     
   1465.6949759759759        26.475127561567206     
   1465.7558618618618        26.488096998973816     
   1465.8167477477477        26.500533926150393     
   1465.8776336336336        26.512434900349465     
   1465.9385195195196        26.523858640789946     
   1465.9994054054055        26.534864006081740     
   1466.0602912912914        26.545509854834769     
   1466.1211771771773        26.555855045658948     
   1466.1820630630630        26.565955654321701     
   1466.2429489489489        26.575824821230736     
   1466.3038348348348        26.585441959543704     
   1466.3647207207207        26.594785574902311     
   1466.4256066066066        26.603834172948254     
   1466.4864924924925        26.612566259323227     
   1466.5473783783784        26.620960339668940     
   1466.6082642642643        26.628994919627097     
   1466.6691501501502        26.636648504839386     
   1466.7300360360359        26.643899600947488     
   1466.7909219219218        26.650726713593158     
   1466.8518078078077        26.657108348418070     
   1466.9126936936937        26.663023011063920     
   1466.9735795795796        26.668449207172408     
   1467.0344654654655        26.673365442385240     
   1467.0953513513514        26.677750222344113     
   1467.1562372372373        26.681581159585626     
   1467.2171231231232        26.684806739005182     
   1467.2780090090091        26.687340557880056     
   1467.3388948948948        26.689094156615969     
   1467.3997807807807        26.689979075618677     
   1467.4606666666666        26.689945383003678     
   1467.5215525525525        26.689123794364679     
   1467.5824384384384        26.687697925389539     
   1467.6433243243243        26.685851398468806     
   1467.7042102102102        26.683767835993052     
   1467.7650960960962        26.681630860352822     
   1467.8259819819821        26.679623536994168     
   1467.8868678678677        26.677805892875334     
   1467.9477537537537        26.675960959929881     
   1468.0086396396396        26.673833903472104     
   1468.0695255255255        26.671169888816301     
   1468.1304114114114        26.667725827213953     
   1468.1912972972973        26.663414563508137     
   1468.2521831831832        26.658259588033847     
   1468.3130690690691        26.652286743874594     
   1468.3739549549550        26.645521874113911     
   1468.4348408408409        26.637990821835306     
   1468.4957267267266        26.629719430122339     
   1468.5566126126125        26.620733542058471     
   1468.6174984984984        26.611059000727252     
   1468.6783843843843        26.600721649212208     
   1468.7392702702703        26.589747330596847     
   1468.8001561561562        26.578161887964704     
   1468.8610420420421        26.565991164399293     
   1468.9219279279280        26.553261002984136     
   1468.9828138138139        26.539997246802763     
   1469.0436996996998        26.526225738938685     
   1469.1045855855855        26.511972322475483     
   1469.1654714714714        26.497262840496568     
   1469.2263573573573        26.482123136085516     
   1469.2872432432432        26.466579052325848     
   1469.3481291291291        26.450656432301091     
   1469.4090150150150        26.434381119094759     
   1469.4699009009009        26.417778955790371     
   1469.5307867867868        26.400875785471456     
   1469.5916726726728        26.383697451221536     
   1469.6525585585584        26.366269796124193     
   1469.7134444444443        26.348618663262819     
   1469.7743303303303        26.330769895720998     
   1469.8352162162162        26.312749336582261     
   1469.8961021021021        26.294582828930118     
   1469.9569879879880        26.276296215848095     
   1470.0178738738739        26.257915340419714     
   1470.0787597597598        26.239466045670703     
   1470.1396456456457        26.220971567315537     
   1470.2005315315316        26.202445577236681     
   1470.2614174174173        26.183899555031768     
   1470.3223033033032        26.165344980298215     
   1470.3831891891891        26.146793332633660     
   1470.4440750750750        26.128256091635659     
   1470.5049609609609        26.109744736901781     
   1470.5658468468469        26.091270748029576     
   1470.6267327327328        26.072845604616617     
   1470.6876186186187        26.054480786260463     
   1470.7485045045046        26.036187772558677     
   1470.8093903903905        26.017978043108815     
   1470.8702762762762        25.999863077508511     
   1470.9311621621621        25.981854355355193     
   1470.9920480480480        25.963963356246484     
   1471.0529339339339        25.946201559779951     
   1471.1138198198198        25.928580445553155     
   1471.1747057057057        25.911111493163659     
   1471.2355915915916        25.893806182209023     
   1471.2964774774775        25.876675992286806     
   1471.3573633633634        25.859732402994577     
   1471.4182492492491        25.842986893929957     
   1471.4791351351350        25.826451000333783     
   1471.5400210210209        25.810145992946190     
   1471.6009069069069        25.794113929544505     
   1471.6617927927928        25.778399541224502     
   1471.7226786786787        25.763047559081940     
   1471.7835645645646        25.748102714212585     
   1471.8444504504505        25.733609737712204     
   1471.9053363363364        25.719613360676561     
   1471.9662222222223        25.706158314201417     
   1472.0271081081080        25.693285731704734     
   1472.0879939939939        25.680963730997838     
   1472.1488798798798        25.669092443151193     
   1472.2097657657657        25.657569408936261     
   1472.2706516516516        25.646292169124507     
   1472.3315375375375        25.635161221104010     
   1472.3924234234235        25.624170941050735     
   1472.4533093093094        25.613426705434918     
   1472.5141951951953        25.603040301799822     
   1472.5750810810810        25.593123517688749     
   1472.6359669669669        25.583780629495870     
   1472.6968528528528        25.575030526658935     
   1472.7577387387387        25.566837913129383     
   1472.8186246246246        25.559166629478142     
   1472.8795105105105        25.551980516276139     
   1472.9403963963964        25.545243414094301     
   1473.0012822822823        25.538919163503557     
   1473.0621681681682        25.532971605074835     
   1473.1230540540541        25.527366334550571     
   1473.1839399399398        25.522113993335346     
   1473.2448258258257        25.517273030857485     
   1473.3057117117116        25.512904204802741     
   1473.3665975975975        25.509068272856851     
   1473.4274834834835        25.505825992705564     
   1473.4883693693694        25.503238122034610     
   1473.5492552552553        25.501365418529737     
   1473.6101411411412        25.500268639876676     
   1473.6710270270271        25.499992848819041     
   1473.7319129129128        25.499845392049256     
   1473.7927987987987        25.499204768741233     
   1473.8536846846846        25.498176319842969     
   1473.9145705705705        25.496877200805386     
   1473.9754564564564        25.495424567079425     
   1474.0363423423423        25.493935574116023     
   1474.0972282282282        25.492527377366105     
   1474.1581141141141        25.491317132280606     
   1474.2190000000001        25.490421994310470     
   1474.2798858858860        25.489959002543173     
   1474.3407717717716        25.490002969177770     
   1474.4016576576576        25.490523919748476     
   1474.4625435435435        25.491475903338781     
   1474.5234294294294        25.492812969032151     
   1474.5843153153153        25.494489165912064     
   1474.6452012012012        25.496458543061980     
   1474.7060870870871        25.498675149565376     
   1474.7669729729730        25.501093484163025     
   1474.8278588588589        25.503681786997053     
   1474.8887447447448        25.506424244493644     
   1474.9496306306305        25.509305936776336     
   1475.0105165165164        25.512311943968697     
   1475.0714024024023        25.515427346194262     
   1475.1322882882882        25.518637223576579     
   1475.1931741741741        25.521926656239195     
   1475.2540600600601        25.525280724305652     
   1475.3149459459460        25.528684507899506     
   1475.3758318318319        25.532123087144299     
   1475.4367177177178        25.535581542163577     
   1475.4976036036037        25.539044953080889     
   1475.5584894894894        25.542498400019767     
   1475.6193753753753        25.545926963103788     
   1475.6802612612612        25.549315722456484     
   1475.7411471471471        25.552649758201397     
   1475.8020330330330        25.555914150462087     
   1475.8629189189189        25.559093979362089     
   1475.9238048048048        25.562174325024952     
   1475.9846906906907        25.565140267574229     
   1476.0455765765767        25.567976887133458     
   1476.1064624624623        25.570669366654098     
   1476.1673483483482        25.573214856445784     
   1476.2282342342342        25.575633498104224     
   1476.2891201201201        25.577948040066623     
   1476.3500060060060        25.580181230770208     
   1476.4108918918919        25.582355818652193     
   1476.4717777777778        25.584494552149792     
   1476.5326636636637        25.586620179700226     
   1476.5935495495496        25.588755449740699     
   1476.6544354354355        25.590923110708445     
   1476.7153213213212        25.593145911040658     
   1476.7762072072071        25.595446599174572     
   1476.8370930930930        25.597847923547405     
   1476.8979789789789        25.600372632596361     
   1476.9588648648648        25.603043474758664     
   1477.0197507507507        25.605883198471531     
   1477.0806366366367        25.608914552172173     
   1477.1415225225226        25.612160284297811     
   1477.2024084084085        25.615643143285659     
   1477.2632942942942        25.619385877572917     
   1477.3241801801801        25.623411235596834     
   1477.3850660660660        25.627741965794606     
   1477.4459519519519        25.632400816603457     
   1477.5068378378378        25.637410536460603     
   1477.5677237237237        25.642793873803249     
   1477.6286096096096        25.648573577068625     
   1477.6894954954955        25.654583018789452     
   1477.7503813813814        25.659080266886082     
   1477.8112672672673        25.660005107445560     
   1477.8721531531530        25.660414726470528     
   1477.9330390390389        25.661392038685165     
   1477.9939249249248        25.662898067762562     
   1478.0548108108107        25.664893837375807     
   1478.1156966966967        25.667340371197980     
   1478.1765825825826        25.670198692902176     
   1478.2374684684685        25.673429826161470     
   1478.2983543543544        25.676994794648955     
   1478.3592402402403        25.680854622037721     
   1478.4201261261260        25.684970332000830     
   1478.4810120120119        25.689302948211409     
   1478.5418978978978        25.693813494342521     
   1478.6027837837837        25.698462994067256     
   1478.6636696696696        25.703212471058698     
   1478.7245555555555        25.708022948989935     
   1478.7854414414414        25.712855451534054     
   1478.8463273273273        25.717671002364142     
   1478.9072132132133        25.722431633182097     
   1478.9680990990992        25.727121239036286     
   1479.0289849849848        25.731744868515630     
   1479.0898708708708        25.736308436228313     
   1479.1507567567567        25.740817856782446     
   1479.2116426426426        25.745279044786166     
   1479.2725285285285        25.749697914847609     
   1479.3334144144144        25.754080381574912     
   1479.3943003003003        25.758432359576211     
   1479.4551861861862        25.762759763459652     
   1479.5160720720721        25.767068507833358     
   1479.5769579579578        25.771364507305449     
   1479.6378438438437        25.775653676484104     
   1479.6987297297296        25.779941929977433     
   1479.7596156156155        25.784235182393580     
   1479.8205015015014        25.788539348340677     
   1479.8813873873873        25.792860342426863     
   1479.9422732732733        25.797204079260268     
   1480.0031591591592        25.801576473449039     
   1480.0640450450451        25.805983439601302     
   1480.1249309309310        25.810430892325201     
   1480.1858168168167        25.814924746228851     
   1480.2467027027026        25.819470915920419     
   1480.3075885885885        25.824075316008031     
   1480.3684744744744        25.828743861099820     
   1480.4293603603603        25.833482465803922     
   1480.4902462462462        25.838297044728478     
   1480.5511321321321        25.843193512481616     
   1480.6120180180180        25.848177783671478     
   1480.6729039039039        25.853269413695159     
   1480.7337897897899        25.858663601654211     
   1480.7946756756755        25.864643486609999     
   1480.8555615615614        25.871214187600387     
   1480.9164474474474        25.878242866293338     
   1480.9773333333333        25.885595723569558     
   1481.0382192192192        25.893141129724061     
   1481.0991051051051        25.900825121818041     
   1481.1599909909910        25.908690931659539     
   1481.2208768768769        25.916787927760335     
   1481.2817627627628        25.925165478632223     
   1481.3426486486487        25.933872952786992     
   1481.4035345345344        25.942958731126932     
   1481.4644204204203        25.952406236133388     
   1481.5253063063062        25.962094781667084     
   1481.5861921921921        25.971894313625931     
   1481.6470780780780        25.981674777907813     
   1481.7079639639639        25.991306120410631     
   1481.7688498498499        26.000658287032273     
   1481.8297357357358        26.009601223670639     
   1481.8906216216217        26.018004876223621     
   1481.9515075075074        26.025739190589093     
   1482.0123933933933        26.032691043531457     
   1482.0732792792792        26.039403012643227     
   1482.1341651651651        26.047268018330016     
   1482.1950510510510        26.057570849823747     
   1482.2559369369369        26.069936247248307     
   1482.3168228228228        26.083028155225428     
   1482.3777087087087        26.095498800267919     
   1482.4385945945946        26.106069122067495     
   1482.4994804804805        26.114484007371694     
   1482.5603663663662        26.121276720284616     
   1482.6212522522521        26.127466681693988     
   1482.6821381381380        26.135104140171560     
   1482.7430240240240        26.146377435904686     
   1482.8039099099099        26.163474909080726     
   1482.8647957957958        26.187234170174072     
   1482.9256816816817        26.211538594430497     
   1482.9865675675676        26.235157798257337     
   1483.0474534534535        26.258098977529990     
   1483.1083393393392        26.280369328123786     
   1483.1692252252251        26.301976045914280     
   1483.2301111111110        26.322926326776795     
   1483.2909969969969        26.343227366586738     
   1483.3518828828828        26.362886361219513     
   1483.4127687687687        26.381910506550511     
   1483.4736546546546        26.400306998455143     
   1483.5345405405405        26.418083032808809     
   1483.5954264264265        26.435245805486911     
   1483.6563123123124        26.451802512364850     
   1483.7171981981980        26.467760349317970     
   1483.7780840840840        26.483126512221798     
   1483.8389699699699        26.497908196951666     
   1483.8998558558558        26.512112599382984     
   1483.9607417417417        26.525746915391153     
   1484.0216276276276        26.538818340851570     
   1484.0825135135135        26.551334071639641     
   1484.1433993993994        26.563301303630773     
   1484.2042852852853        26.574727232700354     
   1484.2651711711710        26.585619054723765     
   1484.3260570570569        26.595983965576476     
   1484.3869429429428        26.605829161133855     
   1484.4478288288287        26.615161837271295     
   1484.5087147147146        26.623989189864208     
   1484.5696006006006        26.632318414787996     
   1484.6304864864865        26.640156707918052     
   1484.6913723723724        26.647511265129790     
   1484.7522582582583        26.654389282298602     
   1484.8131441441442        26.660797955299895     
   1484.8740300300299        26.666744480009051     
   1484.9349159159158        26.672236052301514     
   1484.9958018018017        26.677279868052665     
   1485.0566876876876        26.681883123137908     
   1485.1175735735735        26.686053013432634     
   1485.1784594594594        26.689796734812262     
   1485.2393453453453        26.693121483152183     
   1485.3002312312312        26.696034454327805     
   1485.3611171171171        26.698542844214522     
   1485.4220030030031        26.700653848687743     
   1485.4828888888887        26.702374663622869     
   1485.5437747747746        26.703712484895306     
   1485.6046606606606        26.704674508380450     
   1485.6655465465465        26.705267929953706     
   1485.7264324324324        26.705499945490480     
   1485.7873183183183        26.705377750866170     
   1485.8482042042042        26.704908541956172     
   1485.9090900900901        26.704099514635903     
   1485.9699759759760        26.702957864780753     
   1486.0308618618617        26.701490788266131     
   1486.0917477477476        26.699705480967435     
   1486.1526336336335        26.697609138760068     
   1486.2135195195194        26.695208957519430     
   1486.2744054054053        26.692512133120928     
   1486.3352912912912        26.689525842075643     
   1486.3961771771772        26.686248994593036     
   1486.4570630630631        26.682659407798280     
   1486.5179489489490        26.678731583029162     
   1486.5788348348349        26.674440021623475     
   1486.6397207207206        26.669759224919030     
   1486.7006066066065        26.664663694253584     
   1486.7614924924924        26.659127930964928     
   1486.8223783783783        26.653126436390878     
   1486.8832642642642        26.646633711869200     
   1486.9441501501501        26.639624259465045     
   1487.0050360360360        26.632078688003162     
   1487.0659219219219        26.623998530668565     
   1487.1268078078078        26.615389798588371     
   1487.1876936936937        26.606258502889691     
   1487.2485795795794        26.596610654699678     
   1487.3094654654653        26.586452265145368     
   1487.3703513513512        26.575789345353918     
   1487.4312372372372        26.564627906452444     
   1487.4921231231231        26.552973959568050     
   1487.5530090090090        26.540833515827856     
   1487.6138948948949        26.528212586358983     
   1487.6747807807808        26.515117182288535     
   1487.7356666666667        26.501553314743635     
   1487.7965525525524        26.487526994851443     
   1487.8574384384383        26.473044233738968     
   1487.9183243243242        26.458112497270005     
   1487.9792102102101        26.442750223368321     
   1488.0400960960960        26.426980855354216     
   1488.1009819819819        26.410827862099559     
   1488.1618678678678        26.394314712476238     
   1488.2227537537538        26.377464875356132     
   1488.2836396396397        26.360301819611131     
   1488.3445255255256        26.342849014113092     
   1488.4054114114113        26.325129927733990     
   1488.4662972972972        26.307168029345554     
   1488.5271831831831        26.288986787819745     
   1488.5880690690690        26.270609672028435     
   1488.6489549549549        26.252060150843505     
   1488.7098408408408        26.233361693136843     
   1488.7707267267267        26.214537767780318     
   1488.8316126126126        26.195611843645821     
   1488.8924984984985        26.176607389605230     
   1488.9533843843842        26.157547874530497     
   1489.0142702702701        26.138456767293363     
   1489.0751561561560        26.119357536765772     
   1489.1360420420419        26.100273670777277     
   1489.1969279279278        26.081229073679538     
   1489.2578138138138        26.062248055790491     
   1489.3186996996997        26.043354944274100     
   1489.3795855855856        26.024574066294367     
   1489.4404714714715        26.005929749015266     
   1489.5013573573574        25.987446319600778     
   1489.5622432432431        25.969148105214959     
   1489.6231291291290        25.951059433021648     
   1489.6840150150149        25.933204630184903     
   1489.7449009009008        25.915608023868707     
   1489.8057867867867        25.898293941237036     
   1489.8666726726726        25.881286709453878     
   1489.9275585585585        25.864610655683215     
   1489.9884444444444        25.848290101777135     
   1490.0493303303303        25.832343332895363     
   1490.1102162162160        25.816771000837011     
   1490.1711021021019        25.801570554956793     
   1490.2319879879878        25.786739444609594     
   1490.2928738738738        25.772275119150251     
   1490.3537597597597        25.758175027933589     
   1490.4146456456456        25.744436620314445     
   1490.4755315315315        25.731057345647656     
   1490.5364174174174        25.718034653288044     
   1490.5973033033033        25.705365992590444     
   1490.6581891891892        25.693048812909687     
   1490.7190750750749        25.681080563600652     
   1490.7799609609608        25.669458694018076     
   1490.8408468468467        25.658180653516844     
   1490.9017327327326        25.647243891451780     
   1490.9626186186185        25.636645857177719     
   1491.0235045045044        25.626384000049491     
   1491.0843903903904        25.616455769421925     
   1491.1452762762763        25.606858614649859     
   1491.2061621621622        25.597589985088128     
   1491.2670480480481        25.588647330091554     
   1491.3279339339338        25.580028099014999     
   1491.3888198198197        25.571729741213240     
   1491.4497057057056        25.563749706041136     
   1491.5105915915915        25.556085442853519     
   1491.5714774774774        25.548734401005220     
   1491.6323633633633        25.541694029851076     
   1491.6932492492492        25.534961778745913     
   1491.7541351351351        25.528535199521436     
   1491.8150210210210        25.522426754670509     
   1491.8759069069069        25.516679325047935     
   1491.9367927927926        25.511339499098881     
   1491.9976786786785        25.506453865268426     
   1492.0585645645644        25.502069012001741     
   1492.1194504504504        25.498231527743975     
   1492.1803363363363        25.494988000940250     
   1492.2412222222222        25.492385020035719     
   1492.3021081081081        25.490469173475518     
   1492.3629939939940        25.489276691497160     
   1492.4238798798799        25.488726240075128     
   1492.4847657657656        25.488661968945497     
   1492.5456516516515        25.488926844388157     
   1492.6065375375374        25.489363832682990     
   1492.6674234234233        25.489815900109885     
   1492.7283093093092        25.490126012948721     
   1492.7891951951951        25.490137137479390     
   1492.8500810810810        25.489702613581734     
   1492.9109669669670        25.488872034281417     
   1492.9718528528529        25.487870259748576     
   1493.0327387387388        25.486928309717257     
   1493.0936246246245        25.486277203921539     
   1493.1545105105104        25.486147962095462     
   1493.2153963963963        25.486771603973096     
   1493.2762822822822        25.488379149288502     
   1493.3371681681681        25.491201617775740     
   1493.3980540540540        25.495470029168864     
   1493.4589399399399        25.501408277492427     
   1493.5198258258258        25.507945465821678     
   1493.5807117117117        25.511427289194785     
   1493.6415975975974        25.511316230388193     
   1493.7024834834833        25.509971734615345     
   1493.7633693693692        25.509387198102690     
   1493.8242552552551        25.509866549098636     
   1493.8851411411410        25.511321130310797     
   1493.9460270270270        25.513662284446795     
   1494.0069129129129        25.516801354214238     
   1494.0677987987988        25.520649682320752     
   1494.1286846846847        25.525118611473950     
   1494.1895705705706        25.530119484381451     
   1494.2504564564563        25.535563643750841     
   1494.3113423423422        25.541362432289787     
   1494.3722282282281        25.547427192705889     
   1494.4331141141140        25.553669267706752     
   1494.4939999999999        25.559999999999999     
