   37365.067999999999        26.280000000000001     
   37365.095803803801        26.263949522506653     
   37365.123607607609        26.247922609080188     
   37365.151411411411        26.231924497422085     
   37365.179215215212        26.215910485319149     
   37365.207019019021        26.199827443125201     
   37365.234822822822        26.183622241206702     
   37365.262626626623        26.167251533051132     
   37365.290430430432        26.150749653589710     
   37365.318234234233        26.134187976541661     
   37365.346038038035        26.117638103585413     
   37365.373841841843        26.101171636399418     
   37365.401645645645        26.084860176675043     
   37365.429449449446        26.068773890125613     
   37365.457253253255        26.052968093445212     
   37365.485057057056        26.037489331977589     
   37365.512860860857        26.022384037249235     
   37365.540664664666        26.007698640787012     
   37365.568468468467        25.993479574129278     
   37365.596272272269        25.979773268802784     
   37365.624076076077        25.966626156334829     
   37365.651879879879        25.954084668262951     
   37365.679683683680        25.942195236114305     
   37365.707487487489        25.930952059361850     
   37365.735291291290        25.919974023849932     
   37365.763095095092        25.908716098068076     
   37365.790898898900        25.896827332642992     
   37365.818702702702        25.884516702466499     
   37365.846506506503        25.872093181915901     
   37365.874310310312        25.859865745052204     
   37365.902114114113        25.847908202541383     
   37365.929917917914        25.835384680522239     
   37365.957721721723        25.821356852099573     
   37365.985525525524        25.806634388183419     
   37366.013329329326        25.793367558231370     
   37366.041133133134        25.783740828201942     
   37366.068936936936        25.779934145268903     
   37366.096740740737        25.780206633353647     
   37366.124544544546        25.780117010161106     
   37366.152348348347        25.779597072383371     
   37366.180152152148        25.778663310208785     
   37366.207955955957        25.777332213825254     
   37366.235759759758        25.775620273421790     
   37366.263563563560        25.773543979186417     
   37366.291367367368        25.771119821306755     
   37366.319171171170        25.768364289972393     
   37366.346974974971        25.765293875371050     
   37366.374778778780        25.761925067690122     
   37366.402582582581        25.758274357119678     
   37366.430386386382        25.754358233847196     
   37366.458190190191        25.750193188059860     
   37366.485993993992        25.745795709948162     
   37366.513797797794        25.741182289699360     
   37366.541601601602        25.736369417500480     
   37366.569405405404        25.731373583542346     
   37366.597209209205        25.726211278012045     
   37366.625013013014        25.720898991096476     
   37366.652816816815        25.715453212986738     
   37366.680620620617        25.709890433869766     
   37366.708424424425        25.704227143932371     
   37366.736228228227        25.698479833365845     
   37366.764032032028        25.692664992357017     
   37366.791835835837        25.686799111092668     
   37366.819639639638        25.680898679764173     
   37366.847443443439        25.674980188558319     
   37366.875247247248        25.669060127661865     
   37366.903051051049        25.663154987266232     
   37366.930854854851        25.657281257558171     
   37366.958658658659        25.651455428724478     
   37366.986462462461        25.645693990956524     
   37367.014266266262        25.640013434441080     
   37367.042070070071        25.634430249365010     
   37367.069873873872        25.628960925919557     
   37367.097677677673        25.623621954291554     
   37367.125481481482        25.618429824667970     
   37367.153285285283        25.613401027239846     
   37367.181089089085        25.608552052194103     
   37367.208892892893        25.603899389717867     
   37367.236696696695        25.599459530001884     
   37367.264500500496        25.595248963233225     
   37367.292304304305        25.591284179599196     
   37367.320108108106        25.587581669290188     
   37367.347911911907        25.584157922493439     
   37367.375715715716        25.581029429396480     
   37367.403519519517        25.578212680189260     
   37367.431323323326        25.575724165058634     
   37367.459127127127        25.573580374194211     
   37367.486930930929        25.571797797783614     
   37367.514734734737        25.570392926014826     
   37367.542538538539        25.569382249076909     
   37367.570342342340        25.568782257157743     
   37367.598146146149        25.568609440445666     
   37367.625949949950        25.568880289129069     
   37367.653753753752        25.569611293396171     
   37367.681557557560        25.570816736905048     
   37367.709361361362        25.572481677574981     
   37367.737165165163        25.574570468862831     
   37367.764968968972        25.577047025683076     
   37367.792772772773        25.579875262948185     
   37367.820576576574        25.583019095572535     
   37367.848380380383        25.586442438470840     
   37367.876184184184        25.590109206555077     
   37367.903987987986        25.593983314739880     
   37367.931791791794        25.598028677940114     
   37367.959595595596        25.602210194511336     
   37367.987399399397        25.606512937151120     
   37368.015203203206        25.610940881428551     
   37368.043007007007        25.615498731721800     
   37368.070810810808        25.620191192412488     
   37368.098614614617        25.625022967882373     
   37368.126418418418        25.629998762509413     
   37368.154222222220        25.635123280675330     
   37368.182026026028        25.640401226762012     
   37368.209829829830        25.645837305147175     
   37368.237633633631        25.651436220212656     
   37368.265437437440        25.657202676340471     
   37368.293241241241        25.663141377908083     
   37368.321045045042        25.669257029297459     
   37368.348848848851        25.675554334890752     
   37368.376652652652        25.682037970921400     
   37368.404456456454        25.688710621177002     
   37368.432260260262        25.695571692486123     
   37368.460064064064        25.702620286518172     
   37368.487867867865        25.709855504947939     
   37368.515671671674        25.717276449450392     
   37368.543475475475        25.724882221694649     
   37368.571279279276        25.732671923355642     
   37368.599083083085        25.740644656108479     
   37368.626886886886        25.748799521621997     
   37368.654690690688        25.757135621571273     
   37368.682494494496        25.765652057631549     
   37368.710298298298        25.774347931471386     
   37368.738102102099        25.783222344765989     
   37368.765905905908        25.792274399190763     
   37368.793709709709        25.801503196413975     
   37368.821513513511        25.810907838110971     
   37368.849317317319        25.820487425957289     
   37368.877121121121        25.830241061620924     
   37368.904924924922        25.840167846777369     
   37368.932728728731        25.850266883085023     
   37368.960532532532        25.860536235941183     
   37368.988336336333        25.870970138935313     
   37369.016140140142        25.881561940168659     
   37369.043943943943        25.892304987734164     
   37369.071747747745        25.903192629733049     
   37369.099551551553        25.914218214266686     
   37369.127355355355        25.925377183164876     
   37369.155159159156        25.936717888472216     
   37369.182962962965        25.948344376754743     
   37369.210766766766        25.960363345628668     
   37369.238570570567        25.972881492719239     
   37369.266374374376        25.986005515652245     
   37369.294178178177        25.999842112043090     
   37369.321981981979        26.014497979517390     
   37369.349785785787        26.030070616773386     
   37369.377589589589        26.046539395492545     
   37369.405393393390        26.063801803102550     
   37369.433197197199        26.081753683176991     
   37369.461001001000        26.100290879275267     
   37369.488804804801        26.119309234970800     
   37369.516608608610        26.138704593837517     
   37369.544412412411        26.158372799434069     
   37369.572216216213        26.178209695334296     
   37369.600020020021        26.198111125112217     
   37369.627823823823        26.217972932326212     
   37369.655627627624        26.237690960550303     
   37369.683431431433        26.257161053358352     
   37369.711235235234        26.276279054308965     
   37369.739039039036        26.294940806976079     
   37369.766842842844        26.313042154933179     
   37369.794646646646        26.330478941739567     
   37369.822450450447        26.347147010968882     
   37369.850254254256        26.362942206193942     
   37369.878058058057        26.377760370975281     
   37369.905861861858        26.391497348885963     
   37369.933665665667        26.404048983497923     
   37369.961469469468        26.415311118373374     
   37369.989273273270        26.425179597084586     
   37370.017077077078        26.433550263202356     
   37370.044880880880        26.440318960291094     
   37370.072684684681        26.445381531922003     
   37370.100488488490        26.448633821664512     
   37370.128292292291        26.449971673085699     
   37370.156096096092        26.451045231945720     
   37370.183899899901        26.457003921476538     
   37370.211703703702        26.467537945056826     
   37370.239507507504        26.481876841082837     
   37370.267311311312        26.499250147954804     
   37370.295115115114        26.518887404058834     
   37370.322918918915        26.540018147794459     
   37370.350722722724        26.561871917562797     
   37370.378526526525        26.583678251747589     
   37370.406330330326        26.604668405620185     
   37370.434134134135        26.624335935973733     
   37370.461937937936        26.642716182374841     
   37370.489741741738        26.659911498364668     
   37370.517545545546        26.676024237483158     
   37370.545349349348        26.691156753257754     
   37370.573153153149        26.705411399228655     
   37370.600956956958        26.718890528935155     
   37370.628760760759        26.731696546561125     
   37370.656564564561        26.743961603563200     
   37370.684368368369        26.755897634577103     
   37370.712172172171        26.767729810450398     
   37370.739975975972        26.779683302040024     
   37370.767779779781        26.791983280203024     
   37370.795583583582        26.804854915786777     
   37370.823387387383        26.818523379648227     
   37370.851191191192        26.833213842645129     
   37370.878994994993        26.849151475623614     
   37370.906798798795        26.866561449441161     
   37370.934602602603        26.885285899477921     
   37370.962406406405        26.902454787255699     
   37370.990210210206        26.915585915909013     
   37371.018014014015        26.926111223723144     
   37371.045817817816        26.935990522693146     
   37371.073621621617        26.946054417989878     
   37371.101425425426        26.956275332270319     
   37371.129229229227        26.966604243534171     
   37371.157033033029        26.976992129789174     
   37371.184836836837        26.987389969043104     
   37371.212640640639        26.997748739295584     
   37371.240444444440        27.008019418554408     
   37371.268248248249        27.018152984827275     
   37371.296052052050        27.028100416113944     
   37371.323855855851        27.037812690422150     
   37371.351659659660        27.047240785759399     
   37371.379463463461        27.056335680125809     
   37371.407267267263        27.065049901609346     
   37371.435071071071        27.073360600715155     
   37371.462874874873        27.081264640642377     
   37371.490678678674        27.088759437484196     
   37371.518482482483        27.095842407333372     
   37371.546286286284        27.102510966277155     
   37371.574090090086        27.108762530408413     
   37371.601893893894        27.114594515819576     
   37371.629697697696        27.120004338598552     
   37371.657501501497        27.124989414837884     
   37371.685305305306        27.129547160629663     
   37371.713109109107        27.133674992062463     
   37371.740912912908        27.137370325228495     
   37371.768716716717        27.140630576219515     
   37371.796520520518        27.143453161124775     
   37371.824324324320        27.145835496036145     
   37371.852128128128        27.147774997045033     
   37371.879931931930        27.149269080241385     
   37371.907735735731        27.150315222476468     
   37371.935539539540        27.150914140746401     
   37371.963343343341        27.151071354059763     
   37371.991147147142        27.150792769794855     
   37372.018950950951        27.150084295329531     
   37372.046754754752        27.148951838042244     
   37372.074558558561        27.147401305310506     
   37372.102362362362        27.145438604513217     
   37372.130166166164        27.143069643028117     
   37372.157969969972        27.140300328232517     
   37372.185773773774        27.137136567505962     
   37372.213577577575        27.133584268225874     
   37372.241381381384        27.129649337769258     
   37372.269185185185        27.125337683516271     
   37372.296988988986        27.120655212844017     
   37372.324792792795        27.115607833129225     
   37372.352596596596        27.110201451752630     
   37372.380400400398        27.104441976091046     
   37372.408204204206        27.098335313520916     
   37372.436008008008        27.091887371423539     
   37372.463811811809        27.085104057175446     
   37372.491615615618        27.077991278152826     
   37372.519419419419        27.070554941737491     
   37372.547223223220        27.062800955305722     
   37372.575027027029        27.054734321428047     
   37372.602830830830        27.046348793783359     
   37372.630634634632        27.037630506035139     
   37372.658438438440        27.028565447512094     
   37372.686242242242        27.019139607550077     
   37372.714046046043        27.009338975477888     
   37372.741849849852        26.999149540623932     
   37372.769653653653        26.988557292324657     
   37372.797457457455        26.977548219908563     
   37372.825261261263        26.966108312703724     
   37372.853065065065        26.954223560047247     
   37372.880868868866        26.941879951267303     
   37372.908672672675        26.929063475691610     
   37372.936476476476        26.915760122657989     
   37372.964280280277        26.901955881494267     
   37372.992084084086        26.887636741527746     
   37373.019887887887        26.872788692097039     
   37373.047691691689        26.857416585748997     
   37373.075495495497        26.841657683198164     
   37373.103299299299        26.825705957316778     
   37373.131103103100        26.809755596647893     
   37373.158906906909        26.794000789734568     
   37373.186710710710        26.778635725132233     
   37373.214514514511        26.763854591383868     
   37373.242318318320        26.749784016806267     
   37373.270122122121        26.735926904991103     
   37373.297925925923        26.721742155871816     
   37373.325729729731        26.707198594310587     
   37373.353533533533        26.692316149773553     
   37373.381337337334        26.677114751715511     
   37373.409141141143        26.661614329590883     
   37373.436944944944        26.645834812866333     
   37373.464748748745        26.629796130996382     
   37373.492552552554        26.613518213435270     
   37373.520356356355        26.597020989650058     
   37373.548160160157        26.580324389095054     
   37373.575963963965        26.563448341224358     
   37373.603767767767        26.546412775505345     
   37373.631571571568        26.529237621392156     
   37373.659375375377        26.511942808338784     
   37373.687179179178        26.494548265812824     
   37373.714982982980        26.477073923268303     
   37373.742786786788        26.459539710159163     
   37373.770590590590        26.441965555953118     
   37373.798394394391        26.424371390104127     
   37373.826198198200        26.406777142066119     
   37373.854002002001        26.389202741306846     
   37373.881805805802        26.371668117280240     
   37373.909609609611        26.354193199440274     
   37373.937413413412        26.336797917254636     
   37373.965217217214        26.319502200177272     
   37373.993021021022        26.302325977662253     
   37374.020824824824        26.285289179177099     
   37374.048628628625        26.268411731704656     
   37374.076432432434        26.251709737438031     
   37374.104236236235        26.235187750552068     
   37374.132040040036        26.218848154327432     
   37374.159843843845        26.202693332044973     
   37374.187647647646        26.186725666998214     
   37374.215451451448        26.170947542467953     
   37374.243255255256        26.155361341735190     
   37374.271059059058        26.139969448093147     
   37374.298862862859        26.124774244822770     
   37374.326666666668        26.109778115205227     
   37374.354470470469        26.094983319851941     
   37374.382274274270        26.080385130255401     
   37374.410078078079        26.065968193324714     
   37374.437881881880        26.051716265983124     
   37374.465685685682        26.037613105142533     
   37374.493489489490        26.023642467715018     
   37374.521293293292        26.009788110623571     
   37374.549097097093        25.996033790780238     
   37374.576900900902        25.982363265097145     
   37374.604704704703        25.968760290497151     
   37374.632508508505        25.955208623892364     
   37374.660312312313        25.941692022194957     
   37374.688116116115        25.928194242327706     
   37374.715919919916        25.914699943746932     
   37374.743723723725        25.901230423466622     
   37374.771527527526        25.887855489325300     
   37374.799331331327        25.874648285159555     
   37374.827135135136        25.861681954806134     
   37374.854938938937        25.849029642111962     
   37374.882742742739        25.836764490913716     
   37374.910546546547        25.824959645048484     
   37374.938350350349        25.813688248362578     
   37374.966154154150        25.803023444692954     
   37374.993957957959        25.793038377877203     
   37375.021761761760        25.783806191760686     
   37375.049565565561        25.775378993997762     
   37375.077369369370        25.767438026340734     
   37375.105173173171        25.759347383358488     
   37375.132976976973        25.750643600058822     
   37375.160780780781        25.741441953200603     
   37375.188584584583        25.731972068244154     
   37375.216388388384        25.722463570642578     
   37375.244192192193        25.713146085848948     
   37375.271995995994        25.704249239323659     
   37375.299799799795        25.695996916190612     
   37375.327603603604        25.688478669207370     
   37375.355407407405        25.681648425711966     
   37375.383211211207        25.675454114088232     
   37375.411015015015        25.669843662720684     
   37375.438818818817        25.664764999998134     
   37375.466622622618        25.660166054304952     
   37375.494426426427        25.655994754026004     
   37375.522230230228        25.652199027549347     
   37375.550034034030        25.648726803259756     
   37375.577837837838        25.645526009542309     
   37375.605641641640        25.642544574784587     
   37375.633445445441        25.639730427371607     
   37375.661249249250        25.637031495688582     
   37375.689053053051        25.634395708122817     
   37375.716856856852        25.631770993059497     
   37375.744660660661        25.629105278883806     
   37375.772464464462        25.626346493983032     
   37375.800268268264        25.623442566742391     
   37375.828072072072        25.620341425546947     
   37375.855875875874        25.616990998784200     
   37375.883679679675        25.613339214839279     
   37375.911483483484        25.609334002096983     
   37375.939287287285        25.604923288945301     
   37375.967091091086        25.600055003769132     
   37375.994894894895        25.594677074952902     
   37376.022698698696        25.588737430885313     
   37376.050502502498        25.582183999950932     
   37376.078306306306        25.574964710533671     
   37376.106110110108        25.567045074488881     
   37376.133913913909        25.559247150434320     
   37376.161717717718        25.553097923133969     
   37376.189521521519        25.548693397612816     
   37376.217325325320        25.545851693345664     
   37376.245129129129        25.544390929808934     
   37376.272932932930        25.544129226480024     
   37376.300736736732        25.544884702835020     
   37376.328540540540        25.546475478351081     
   37376.356344344342        25.548719672503992     
   37376.384148148143        25.551435404770722     
   37376.411951951952        25.554440794628729     
   37376.439755755753        25.557553961553054     
   37376.467559559555        25.560593306483558     
   37376.495363363363        25.563436933245566     
   37376.523167167165        25.566096166818500     
   37376.550970970966        25.568600360380252     
   37376.578774774775        25.570978867108551     
   37376.606578578576        25.573261040179290     
   37376.634382382377        25.575476232770221     
   37376.662186186186        25.577653798059046     
   37376.689989989987        25.579823089221748     
   37376.717793793796        25.582013459436602     
   37376.745597597597        25.584254261879600     
   37376.773401401399        25.586574849728432     
   37376.801205205207        25.589004576160871     
   37376.829009009009        25.591572794352782     
   37376.856812812810        25.594308857481899     
   37376.884616616619        25.597242118726154     
   37376.912420420420        25.600401921502929     
   37376.940224224221        25.603810224807262     
   37376.968028028030        25.607468468857142     
   37376.995831831831        25.611374558674452     
   37377.023635635633        25.615526399283912     
   37377.051439439441        25.619921895710512     
   37377.079243243243        25.624558952975750     
   37377.107047047044        25.629435476104540     
   37377.134850850853        25.634549370122055     
   37377.162654654654        25.639898540049415     
   37377.190458458455        25.645480890911728     
   37377.218262262264        25.651294327734348     
   37377.246066066065        25.657336755538029     
   37377.273869869867        25.663605964025017     
   37377.301673673675        25.670097800628692     
   37377.329477477477        25.676806498406872     
   37377.357281281278        25.683726241382864     
   37377.385085085087        25.690851213580174     
   37377.412888888888        25.698175599016693     
   37377.440692692689        25.705693581715895     
   37377.468496496498        25.713399345701433     
   37377.496300300299        25.721287074990897     
   37377.524104104101        25.729350953607913     
   37377.551907907909        25.737585165576274     
   37377.579711711711        25.745983894913287     
   37377.607515515512        25.754541325642720     
   37377.635319319321        25.763251641788486     
   37377.663123123122        25.772109027367655     
   37377.690926926924        25.781107666404111     
   37377.718730730732        25.790241742962465     
   37377.746534534534        25.799507857400172     
   37377.774338338335        25.808910220794573     
   37377.802142142144        25.818448911407653     
   37377.829945945945        25.828122193777691     
   37377.857749749746        25.837928332222685     
   37377.885553553555        25.847865591060767     
   37377.913357357356        25.857932234602259     
   37377.941161161158        25.868126527165259     
   37377.968964964966        25.878446733067996     
   37377.996768768768        25.888891116620584     
   37378.024572572569        25.899457942141233     
   37378.052376376378        25.910145473962068     
   37378.080180180179        25.920957767353102     
   37378.107983983980        25.931921119725786     
   37378.135787787789        25.943067167709120     
   37378.163591591590        25.954427547923324     
   37378.191395395392        25.966033896997349     
   37378.219199199200        25.977917851560399     
   37378.247003003002        25.990111048232311     
   37378.274806806803        26.002645123642218     
   37378.302610610612        26.015551714419594     
   37378.330414414413        26.028858998856627     
   37378.358218218214        26.042554308133134     
   37378.386022022023        26.056598311358599     
   37378.413825825824        26.070951219011899     
   37378.441629629626        26.085572573644811     
   37378.469433433434        26.100419721915593     
   37378.497237237236        26.115449559882165     
   37378.525041041037        26.130618983614085     
   37378.552844844846        26.145884889181051     
   37378.580648648647        26.161204172640762     
   37378.608452452449        26.176533730062900     
   37378.636256256257        26.191830457517163     
   37378.664060060059        26.207051251061220     
   37378.691863863860        26.222153006764795     
   37378.719667667669        26.237092620697460     
   37378.747471471470        26.251827111538411     
   37378.775275275271        26.266402673666626     
   37378.803079079080        26.281111948340072     
   37378.830882882881        26.296210298911188     
   37378.858686686683        26.311698665659947     
   37378.886490490491        26.327527201381866     
   37378.914294294293        26.343646058859985     
   37378.942098098094        26.360005390889732     
   37378.969901901903        26.376555350266791     
   37378.997705705704        26.393246089773832     
   37379.025509509505        26.410027762206486     
   37379.053313313314        26.426850520360496     
   37379.081117117115        26.443664517018384     
   37379.108920920917        26.460419904975879     
   37379.136724724725        26.477066837028644     
   37379.164528528527        26.493555465959304     
   37379.192332332328        26.509835944563562     
   37379.220136136137        26.525858425636898     
   37379.247939939938        26.541573061962257     
   37379.275743743739        26.556930006335193     
   37379.303547547548        26.571879411550906     
   37379.331351351349        26.586371430392887     
   37379.359155155151        26.600356215656443     
   37379.386958958959        26.613787935911361     
   37379.414762762761        26.626969025635468     
   37379.442566566562        26.640814563431800     
   37379.470370370371        26.655999228901493     
   37379.498174174172        26.672174800341466     
   37379.525977977974        26.688777167381662     
   37379.553781781782        26.705242219652469     
   37379.581585585584        26.721043542076856     
   37379.609389389385        26.736037913367856     
   37379.637193193194        26.750305493671824     
   37379.664996996995        26.763929228030349     
   37379.692800800796        26.776992061496301     
   37379.720604604605        26.789576939121957     
   37379.748408408406        26.801766805949796     
   37379.776212212208        26.813644607032202     
   37379.804016016016        26.825293287421243     
   37379.831819819818        26.836795792159883     
   37379.859623623619        26.848235066300241     
   37379.887427427428        26.859694054894355     
   37379.915231231229        26.871255702985302     
   37379.943035035030        26.883002955625109     
   37379.970838838839        26.895018757866001     
   37379.998642642640        26.907386054750745     
   37380.026446446442        26.920187791331497     
   37380.054250250250        26.933506912660853     
   37380.082054054052        26.947426363780902     
   37380.109857857853        26.962029089744100     
   37380.137661661662        26.977398035603613     
   37380.165465465463        26.993616146400463     
   37380.193269269264        27.010269951598755     
   37380.221073073073        27.020105926454033     
   37380.248876876874        27.020120798180287     
   37380.276680680676        27.023521331479344     
   37380.304484484484        27.030429652094391     
   37380.332288288286        27.039890918466646     
   37380.360092092087        27.050950289042540     
   37380.387895895896        27.062652922270171     
   37380.415699699697        27.074043976588243     
   37380.443503503499        27.084168610444820     
   37380.471307307307        27.092082656491968     
   37380.499111111109        27.097676003591246     
   37380.526914914910        27.102256973840625     
   37380.554718718719        27.107271871978021     
   37380.582522522520        27.114065103997653     
   37380.610326326321        27.122172835351819     
   37380.638130130130        27.129578291036662     
   37380.665933933931        27.134601746379172     
   37380.693737737733        27.137461067653270     
   37380.721541541541        27.138954037950082     
   37380.749345345343        27.139878585611399     
   37380.777149149144        27.140935783397623     
   37380.804952952953        27.142249742683159     
   37380.832756756754        27.143731810365811     
   37380.860560560555        27.145292997639110     
   37380.888364364364        27.146844315696672     
   37380.916168168165        27.148296775730891     
   37380.943971971967        27.149561388935400     
   37380.971775775775        27.150549166503630     
   37380.999579579577        27.151171119628266     
   37381.027383383378        27.151338259502829     
   37381.055187187187        27.150961597320361     
   37381.082990990988        27.149952145159283     
   37381.110794794789        27.148242622994918     
   37381.138598598598        27.145843788717261     
   37381.166402402399        27.142783929888203     
   37381.194206206201        27.139091334067835     
   37381.222010010009        27.134794288815591     
   37381.249813813811        27.129921081694345     
   37381.277617617619        27.124500000262195     
   37381.305421421421        27.118559332082611     
   37381.333225225222        27.112127364714876     
   37381.361029029031        27.105231564537327     
   37381.388832832832        27.097890441004679     
   37381.416636636633        27.090116992947191     
   37381.444440440442        27.081924138676001     
   37381.472244244243        27.073324796508736     
   37381.500048048045        27.064331884756641     
   37381.527851851853        27.054958321730542     
   37381.555655655655        27.045217025748691     
   37381.583459459456        27.035120915122015     
   37381.611263263265        27.024682908161068     
   37381.639067067066        27.013915923184655     
   37381.666870870868        27.002832878503423     
   37381.694674674676        26.991446692427687     
   37381.722478478478        26.979770283276743     
   37381.750282282279        26.967816569360984     
   37381.778086086088        26.955598468990512     
   37381.805889889889        26.943128900485064     
   37381.833693693690        26.930420782154805     
   37381.861497497499        26.917487032309655     
   37381.889301301300        26.904340569269728     
   37381.917105105102        26.890994311344993     
   37381.944908908910        26.877461176845227     
   37381.972712712712        26.863754084090850     
   37382.000516516513        26.849885951391670     
   37382.028320320322        26.835869697057340     
   37382.056124124123        26.821718239408536     
   37382.083927927924        26.807444496754943     
   37382.111731731733        26.793061387406109     
   37382.139535535534        26.778581829682910     
   37382.167339339336        26.764018741894922     
   37382.195143143144        26.749385042351644     
   37382.222946946946        26.734693649374073     
   37382.250750750747        26.719957481271720     
   37382.278554554556        26.705189456354056     
   37382.306358358357        26.690402492942141     
   37382.334162162158        26.675609509345453     
   37382.361965965967        26.660823423873452     
   37382.389769769768        26.646057154847224     
   37382.417573573570        26.631323620576225     
   37382.445377377378        26.616638022457757     
   37382.473181181180        26.602357955557476     
   37382.500984984981        26.589038298328209     
   37382.528788788790        26.574792678558826     
   37382.556592592591        26.559256345704064     
   37382.584396396393        26.542655255978985     
   37382.612200200201        26.525215365597550     
   37382.640004004003        26.507162630787526     
   37382.667807807804        26.488723007763053     
   37382.695611611613        26.470122452737861     
   37382.723415415414        26.451586921940351     
   37382.751219219215        26.433339873820405     
   37382.779023023024        26.415486099480447     
   37382.806826826825        26.397962451419424     
   37382.834630630627        26.380693056044588     
   37382.862434434435        26.363603029823036     
   37382.890238238237        26.346662253589198     
   37382.918042042038        26.329902674628734     
   37382.945845845847        26.313360806972273     
   37382.973649649648        26.297073164663427     
   37383.001453453449        26.281076261732768     
   37383.029257257258        26.265406612211180     
   37383.057061061059        26.250086955144685     
   37383.084864864861        26.234969548778146     
   37383.112668668669        26.219791542790521     
   37383.140472472471        26.204287924624978     
   37383.168276276272        26.188224457993712     
   37383.196080080081        26.171654144536358     
   37383.223883883882        26.154786515870267     
   37383.251687687683        26.137832678338839     
   37383.279491491492        26.121003738285381     
   37383.307295295293        26.104510802066414     
   37383.335099099095        26.088564976025186     
   37383.362902902903        26.073377366505518     
   37383.390706706705        26.059159052178842     
   37383.418510510506        26.045978107204014     
   37383.446314314315        26.033426457134663     
   37383.474118118116        26.021029682757650     
   37383.501921921918        26.008623881128386     
   37383.529725725726        25.996217005670005     
   37383.557529529528        25.983818829208197     
   37383.585333333329        25.971439124558934     
   37383.613137137138        25.959087664538181     
   37383.640940940939        25.946774221971616     
   37383.668744744740        25.934508569675202     
   37383.696548548549        25.922300480464951     
   37383.724352352350        25.910159727166473     
   37383.752156156152        25.898096082595760     
   37383.779959959960        25.886119319568891     
   37383.807763763762        25.874239210911348     
   37383.835567567563        25.862465529439184     
   37383.863371371372        25.850808047968570     
   37383.891175175173        25.839276539324814     
   37383.918978978974        25.827880776324051     
   37383.946782782783        25.816630531782558     
   37383.974586586584        25.805535578525440     
   37384.002390390386        25.794605689368929     
   37384.030194194194        25.783850637129436     
   37384.057997997996        25.773280194631802     
   37384.085801801797        25.762904134692391     
   37384.113605605606        25.752732230127776     
   37384.141409409407        25.742774253762484     
   37384.169213213208        25.733039978413021     
   37384.197017017017        25.723539176896150     
   37384.224820820818        25.714281622036044     
   37384.252624624620        25.705277086649385     
   37384.280428428428        25.696535343553133     
   37384.308232232230        25.688066165571062     
   37384.336036036031        25.679879325520059     
   37384.363839839840        25.671984596217296     
   37384.391643643641        25.664390800493155     
   37384.419447447443        25.657098281831850     
   37384.447251251251        25.650102926727918     
   37384.475055055053        25.643400582041728     
   37384.502858858854        25.636987094628122     
   37384.530662662663        25.630858311342234     
   37384.558466466464        25.625010079043989     
   37384.586270270265        25.619438244588451     
   37384.614074074074        25.614138654830981     
   37384.641877877875        25.609107156631055     
   37384.669681681677        25.604339596843957     
   37384.697485485485        25.599831822325264     
   37384.725289289287        25.595579679934030     
   37384.753093093088        25.591579016525756     
   37384.780896896897        25.587825678956197     
   37384.808700700698        25.584315514084032     
   37384.836504504499        25.581044368764950     
   37384.864308308308        25.578008089854897     
   37384.892112112109        25.575202524212166     
   37384.919915915911        25.572623518692652     
   37384.947719719719        25.570266920152463     
   37384.975523523521        25.568128575449549     
   37385.003327327322        25.566204331439973     
   37385.031131131131        25.564490034980018     
   37385.058934934932        25.562981532927292     
   37385.086738738733        25.561674672138025     
   37385.114542542542        25.560565299468664     
   37385.142346346343        25.559649288268531     
   37385.170150150145        25.558923494215303     
   37385.197953953953        25.558386022221335     
   37385.225757757755        25.558035058041106     
   37385.253561561556        25.557868787428653     
   37385.281365365365        25.557885396138197     
   37385.309169169166        25.558083069923928     
   37385.336972972967        25.558459994540026     
   37385.364776776776        25.559014355740850     
   37385.392580580577        25.559744339280311     
   37385.420384384379        25.560648130912725     
   37385.448188188187        25.561723916392598     
   37385.475991991989        25.562969881473563     
   37385.503795795790        25.564384211910070     
   37385.531599599599        25.565965093456761     
   37385.559403403400        25.567710711866994     
   37385.587207207202        25.569619252895372     
   37385.615011011010        25.571688902296643     
   37385.642814814812        25.573917845823928     
   37385.670618618613        25.576304269231940     
   37385.698422422422        25.578846358275563     
   37385.726226226223        25.581542298707664     
   37385.754030030024        25.584390276283084     
   37385.781833833833        25.587388476756825     
   37385.809637637634        25.590535091113502     
   37385.837441441436        25.593830080329479     
   37385.865245245244        25.597277742576296     
   37385.893049049046        25.600883028157916     
   37385.920852852854        25.604650887381993     
   37385.948656656656        25.608586270552326     
   37385.976460460457        25.612694127975644     
   37386.004264264266        25.616979409958862     
   37386.032068068067        25.621447066805501     
   37386.059871871868        25.626102048822425     
   37386.087675675677        25.630949306316694     
   37386.115479479478        25.635993789591545     
   37386.143283283280        25.641240448953980     
   37386.171087087088        25.646694234711227     
   37386.198890890890        25.652360097166195     
   37386.226694694691        25.658242986626050     
   37386.254498498500        25.664347853398187     
   37386.282302302301        25.670679647785182     
   37386.310106106102        25.677243320094366     
   37386.337909909911        25.684043820633317     
   37386.365713713712        25.691086099704240     
   37386.393517517514        25.698375107614655     
   37386.421321321322        25.705915794672336     
   37386.449125125124        25.713711002839197     
   37386.476928928925        25.721708074983422     
   37386.504732732734        25.729794658009361     
   37386.532536536535        25.737855449703705     
   37386.560340340337        25.745788275240464     
   37386.588144144145        25.753612524247988     
   37386.615947947947        25.761413417901014     
   37386.643751751748        25.769276825902367     
   37386.671555555557        25.777288617954930     
   37386.699359359358        25.785534663755293     
   37386.727163163159        25.794099161411111     
   37386.754966966968        25.803022604553288     
   37386.782770770769        25.812298644959984     
   37386.810574574571        25.821918634401928     
   37386.838378378379        25.831873924650179     
   37386.866182182181        25.842155867467959     
   37386.893985985982        25.852755814626256     
   37386.921789789791        25.863665117896389     
   37386.949593593592        25.874875129041065     
   37386.977397397393        25.886377199831536     
   37387.005201201202        25.898162682039334     
   37387.033005005003        25.910222927426730     
   37387.060808808805        25.922549287765186     
   37387.088612612613        25.935133114826456     
   37387.116416416415        25.947965760372380     
   37387.144220220216        25.961038576174641     
   37387.172024024025        25.974342285657791     
   37387.199827827826        25.987827415839668     
   37387.227631631627        26.001380710382698     
   37387.255435435436        26.014883249636370     
   37387.283239239237        26.028216113939557     
   37387.311043043039        26.041289777630976     
   37387.338846846847        26.054191891442187     
   37387.366650650649        26.067076166542833     
   37387.394454454450        26.080096426603546     
   37387.422258258259        26.093406495295110     
   37387.450062062060        26.107160196277835     
   37387.477865865862        26.121511152009514     
   37387.505669669670        26.136367177054073     
   37387.533473473472        26.150912239791779     
   37387.561277277273        26.164197731109269     
   37387.589081081082        26.175416053819593     
   37387.616884884883        26.186717978680800     
   37387.644688688684        26.200175818314481     
   37387.672492492493        26.215358648129722     
   37387.700296296294        26.231755774941337     
   37387.728100100096        26.248856505575958     
   37387.755903903904        26.266154032083321     
   37387.783707707706        26.283340436339277     
   37387.811511511507        26.300397862826077     
   37387.839315315316        26.317331393650100     
   37387.867119119117        26.334146110904420     
   37387.894922922918        26.350847096695453     
   37387.922726726727        26.367439433129476     
   37387.950530530528        26.383928202299742     
   37387.978334334330        26.400318486312575     
   37388.006138138138        26.416615367274169     
   37388.033941941940        26.432823927277948     
   37388.061745745741        26.448949248430139     
   37388.089549549550        26.464996412836889     
   37388.117353353351        26.480970502591752     
   37388.145157157152        26.496876599800881     
   37388.172960960961        26.512719786570372     
   37388.200764764762        26.528505144993879     
   37388.228568568564        26.544237757177505     
   37388.256372372372        26.559922705227315     
   37388.284176176174        26.575565071237037     
   37388.311979979975        26.591169937312742     
   37388.339783783784        26.606742385560445     
   37388.367587587585        26.622287498073952     
   37388.395391391387        26.637810356959296     
   37388.423195195195        26.653316044322477     
   37388.450998998997        26.668809642257337     
   37388.478802802798        26.684296232869887     
   37388.506606606607        26.699780898266127     
   37388.534410410408        26.715263549269086     
   37388.562214214209        26.730722514609226     
   37388.590018018018        26.746130493595391     
   37388.617821821819        26.761460185509041     
   37388.645625625621        26.776684289643732     
   37388.673429429429        26.791775505292932     
   37388.701233233231        26.806706531738268     
   37388.729037037032        26.821450068273226     
   37388.756840840841        26.835978814191115     
   37388.784644644642        26.850265468773848     
   37388.812448448443        26.864282731314781     
   37388.840252252252        26.878003301107000     
   37388.868056056053        26.891399877432839     
   37388.895859859855        26.904445159585460     
   37388.923663663663        26.917111846857658     
   37388.951467467465        26.929372638532318     
   37388.979271271266        26.941200233902340     
   37389.007075075075        26.952567332260156     
   37389.034878878876        26.963446632889351     
   37389.062682682677        26.973810835082478     
   37389.090486486486        26.983632638131571     
   37389.118290290287        26.992884741321003     
   37389.146094094089        27.001540177016935     
   37389.173897897897        27.009660355992757     
   37389.201701701699        27.017513407572800     
   37389.229505505500        27.025396971451826     
   37389.257309309309        27.033608687324648     
   37389.285113113110        27.042446194879620     
   37389.312916916911        27.052207133811422     
   37389.340720720720        27.063179819485491     
   37389.368524524521        27.074781565367878     
   37389.396328328323        27.084926907061821     
   37389.424132132131        27.092771656337788     
   37389.451935935933        27.098821888709431     
   37389.479739739734        27.103638246581710     
   37389.507543543543        27.107781372358289     
   37389.535347347344        27.111802528570646     
   37389.563151151146        27.115967967476088     
   37389.590954954954        27.120214132503893     
   37389.618758758756        27.124459067598430     
   37389.646562562557        27.128620816707411     
   37389.674366366366        27.132617924511891     
   37389.702170170167        27.136374887409794     
   37389.729973973968        27.139820104605192     
   37389.757777777777        27.142882043237698     
   37389.785581581578        27.145489170444556     
   37389.813385385380        27.147569953365476     
   37389.841189189188        27.149052859139641     
   37389.868992992990        27.149866354905111     
   37389.896796796791        27.149943851642377     
   37389.924600600600        27.149334512803673     
   37389.952404404401        27.148204401459125     
   37389.980208208202        27.146724753955564     
   37390.008012012011        27.145066806639463     
   37390.035815815812        27.143401795858626     
   37390.063619619614        27.141900957959546     
   37390.091423423422        27.140735529288882     
   37390.119227227224        27.140076746194186     
   37390.147031031025        27.140052513311254     
   37390.174834834834        27.138991568927626     
   37390.202638638635        27.135597249487436     
   37390.230442442436        27.130309037789822     
   37390.258246246245        27.123589284788498     
   37390.286050050046        27.115900341442689     
   37390.313853853848        27.107704558706416     
   37390.341657657656        27.099464287533159     
   37390.369461461458        27.091641878882957     
   37390.397265265259        27.084699683709239     
   37390.425069069068        27.079097356904740     
   37390.452872872869        27.074570048443416     
   37390.480676676671        27.069155070271314     
   37390.508480480479        27.061335184556498     
   37390.536284284281        27.051456403048174     
   37390.564088088089        27.040176760004066     
   37390.591891891891        27.028154289692740     
   37390.619695695692        27.016047026373936     
   37390.647499499501        27.004490141762375     
   37390.675303303302        26.993555431739253     
   37390.703107107103        26.982729637843160     
   37390.730910910912        26.971513655440560     
   37390.758714714713        26.959765816444957     
   37390.786518518515        26.947527441669109     
   37390.814322322323        26.934841333089977     
   37390.842126126125        26.921750292694536     
   37390.869929929926        26.908297122459842     
   37390.897733733735        26.894524624362589     
   37390.925537537536        26.880475600390305     
   37390.953341341337        26.866192852519763     
   37390.981145145146        26.851719182727471     
   37391.008948948947        26.837097393001336     
   37391.036752752749        26.822370285317930     
   37391.064556556557        26.807580661653699     
   37391.092360360359        26.792771323996710     
   37391.120164164160        26.777985074323436     
   37391.147967967969        26.763264714610351     
   37391.175771771770        26.748653046845504     
   37391.203575575571        26.734192873005352     
   37391.231379379380        26.719926995066515     
   37391.259183183181        26.705897800355519     
   37391.286986986983        26.692114068271135     
   37391.314790790791        26.678526729747670     
   37391.342594594593        26.665081000089895     
   37391.370398398394        26.651722094591893     
   37391.398202202203        26.638395228547843     
   37391.426006006004        26.625045617262380     
   37391.453809809806        26.611618476029683     
   37391.481613613614        26.598059020143843     
   37391.509417417416        26.584312464909619     
   37391.537221221217        26.570324025621154     
   37391.565025025026        26.556038917572323     
   37391.592828828827        26.541402356068261     
   37391.620632632628        26.526359556402944     
   37391.648436436437        26.510855733869924     
   37391.676240240238        26.494836103774954     
   37391.704044044040        26.478245881411716     
   37391.731847847848        26.461030282073292     
   37391.759651651650        26.443134521066341     
   37391.787455455451        26.424503813684112     
   37391.815259259260        26.405083375219085     
   37391.843063063061        26.384818420979073     
   37391.870866866862        26.363654166256776     
   37391.898670670671        26.341535826343943     
   37391.926474474472        26.318408616549799     
   37391.954278278274        26.294217752166357     
   37391.982082082082        26.269869576664739     
   37392.009885885884        26.252723814092384     
   37392.037689689685        26.249890610600193     
   37392.065493493494        26.247363575625602     
   37392.093297297295        26.241818798597937     
   37392.121101101096        26.233535320533548     
   37392.148904904905        26.222792182445932     
   37392.176708708706        26.209868425357378     
   37392.204512512508        26.195043090281985     
   37392.232316316316        26.178595218231862     
   37392.260120120118        26.160803850232277     
   37392.287923923919        26.141948027295744     
   37392.315727727728        26.122306790433630     
   37392.343531531529        26.102159180672885     
   37392.371335335331        26.081784239025062     
   37392.399139139139        26.061461006501474     
   37392.426942942941        26.041468524129428     
   37392.454746746742        26.022085832920183     
   37392.482550550551        26.003591973885641     
   37392.510354354352        25.986265988052150     
   37392.538158158153        25.970365177630409     
   37392.565961961962        25.955842635613941     
   37392.593765765763        25.942427602115714     
   37392.621569569565        25.929844125178363     
   37392.649373373373        25.917816252845370     
   37392.677177177175        25.906068033169589     
   37392.704980980976        25.894323514194397     
   37392.732784784785        25.882306743963191     
   37392.760588588586        25.869780497602385     
   37392.788392392387        25.856782616063441     
   37392.816196196196        25.843469993328185     
   37392.843999999997        25.829999999999998     
