   87155.611000000004        26.500000000000000     
   87155.660275275281        26.499973307374702     
   87155.709550550557        26.498988196844149     
   87155.758825825833        26.497040231430518     
   87155.808101101109        26.494320268450469     
   87155.857376376385        26.491019165220671     
   87155.906651651661        26.487327779057793     
   87155.955926926938        26.483436967278493     
   87156.005202202214        26.479537587199445     
   87156.054477477475        26.475820496138358     
   87156.103752752751        26.472476551409656     
   87156.153028028028        26.469696530470685     
   87156.202303303304        26.467609862306961     
   87156.251578578580        26.466175170140509     
   87156.300853853856        26.465321586740821     
   87156.350129129132        26.464978244877386     
   87156.399404404408        26.465074277319701     
   87156.448679679685        26.465538816837253     
   87156.497954954961        26.466300996199539     
   87156.547230230237        26.467289948176052     
   87156.596505505513        26.468434805536283     
   87156.645780780789        26.469664701049730     
   87156.695056056065        26.470917106106427     
   87156.744331331342        26.472206668872847     
   87156.793606606618        26.473589813262038     
   87156.842881881879        26.475123374125197     
   87156.892157157155        26.476864186314906     
   87156.941432432432        26.478869084682422     
   87156.990707707708        26.481194904079413     
   87157.039982982984        26.483898479357574     
   87157.089258258260        26.487036645368583     
   87157.138533533536        26.490665799293037     
   87157.187808808812        26.494708025001955     
   87157.237084084089        26.498762195988348     
   87157.286359359365        26.502412499335854     
   87157.335634634641        26.505612077595522     
   87157.384909909917        26.508545619855621     
   87157.434185185193        26.511401392969240     
   87157.483460460469        26.514367663789468     
   87157.532735735746        26.517632699169390     
   87157.582011011022        26.521384765962100     
   87157.631286286283        26.525812131019258     
   87157.680561561559        26.531102311526652     
   87157.729836836836        26.537271148032584     
   87157.779112112112        26.543944990398160     
   87157.828387387388        26.550696472308971     
   87157.877662662664        26.557098227450606     
   87157.926937937940        26.562742018546871     
   87157.976213213216        26.567647236888067     
   87158.025488488493        26.572254157458257     
   87158.074763763769        26.577020835198290     
   87158.124039039045        26.582405325049024     
   87158.173314314321        26.588865681951297     
   87158.222589589597        26.596598296002181     
   87158.271864864873        26.604117368160757     
   87158.321140140150        26.609271466269401     
   87158.370415415426        26.610361438029578     
   87158.419690690702        26.610060319385116     
   87158.468965965963        26.611672480795569     
   87158.518241241240        26.615232861858040     
   87158.567516516516        26.620431634814082     
   87158.616791791792        26.626958971905381     
   87158.666067067068        26.634505045373643     
   87158.715342342344        26.642760027460561     
   87158.764617617620        26.651414090407844     
   87158.813892892897        26.660157406768018     
   87158.863168168173        26.668735281092282     
   87158.912443443449        26.677101882105632     
   87158.961718718725        26.685260831294602     
   87159.010993994001        26.693215750145715     
   87159.060269269277        26.700970260145503     
   87159.109544544554        26.708527982780499     
   87159.158819819830        26.715892539537226     
   87159.208095095106        26.723067551902211     
   87159.257370370367        26.730056641359958     
   87159.306645645644        26.736863429401115     
   87159.355920920920        26.743491537510121     
   87159.405196196196        26.749944587173502     
   87159.454471471472        26.756226199877794     
   87159.503746746748        26.762339997109521     
   87159.553022022024        26.768289600355217     
   87159.602297297301        26.774078631101403     
   87159.651572572577        26.779710710834618     
   87159.700847847853        26.785189461041384     
   87159.750123123129        26.790518503208226     
   87159.799398398405        26.795701458821689     
   87159.848673673681        26.800741949368295     
   87159.897948948957        26.805643596334562     
   87159.947224224234        26.810410021207034     
   87159.996499499510        26.815044845472233     
   87160.045774774786        26.819551690616688     
   87160.095050050048        26.823934178125654     
   87160.144325325324        26.828195929488253     
   87160.193600600600        26.832340566189689     
   87160.242875875876        26.836371709716502     
   87160.292151151152        26.840292981555216     
   87160.341426426428        26.844108003192360     
   87160.390701701705        26.847820396114468     
   87160.439976976981        26.851433781808066     
   87160.489252252257        26.854951781759681     
   87160.538527527533        26.858378017455845     
   87160.587802802809        26.861716110383085     
   87160.637078078085        26.864969682027933     
   87160.686353353361        26.868142353876920     
   87160.735628628638        26.871237747416565     
   87160.784903903914        26.874259484133407     
   87160.834179179190        26.877211185513975     
   87160.883454454452        26.880096473043952     
   87160.932729729728        26.882918968211570     
   87160.982005005004        26.885682292502498     
   87161.031280280280        26.888390067403265     
   87161.080555555556        26.891045914400401     
   87161.129830830832        26.893653454980434     
   87161.179106106109        26.896216310629896     
   87161.228381381385        26.898738102835310     
   87161.277656656661        26.901222453083211     
   87161.326931931937        26.903672982860122     
   87161.376207207213        26.906093313652580     
   87161.425482482489        26.908487066947110     
   87161.474757757765        26.910857864230241     
   87161.524033033042        26.913209326988504     
   87161.573308308318        26.915545076708426     
   87161.622583583594        26.917868734876535     
   87161.671858858856        26.920183922978680     
   87161.721134134132        26.922494262502759     
   87161.770409409408        26.924803374934612     
   87161.819684684684        26.927114881760769     
   87161.868959959960        26.929432404467761     
   87161.918235235236        26.931782166446521     
   87161.967510510513        26.934383441884222     
   87162.016785785789        26.937553371330942     
   87162.066061061065        26.941605326493701     
   87162.115336336341        26.946635900870906     
   87162.164611611617        26.952434077718792     
   87162.213886886893        26.958765440584930     
   87162.263162162169        26.965395573016899     
   87162.312437437446        26.972091267628016     
   87162.361712712722        26.978703542904089     
   87162.410987987998        26.985221168242319     
   87162.460263263274        26.991645646079842     
   87162.509538538536        26.997978478851959     
   87162.558813813812        27.004221168999564     
   87162.608089089088        27.010375218957915     
   87162.657364364364        27.016442131164169     
   87162.706639639640        27.022423408055463     
   87162.755914914917        27.028320552068966     
   87162.805190190193        27.034135065641809     
   87162.854465465469        27.039868451211159     
   87162.903740740745        27.045522211214148     
   87162.953016016021        27.051097848087942     
   87163.002291291297        27.056596864269679     
   87163.051566566573        27.062020762196518     
   87163.100841841850        27.067371044305595     
   87163.150117117126        27.072649213034079     
   87163.199392392402        27.077856770819103     
   87163.248667667678        27.082995220097828     
   87163.297942942940        27.088066063305909     
   87163.347218218216        27.093070802883496     
   87163.396493493492        27.098010941266228     
   87163.445768768768        27.102887980891254     
   87163.495044044044        27.107703424195726     
   87163.544319319320        27.112458773616794     
   87163.593594594597        27.117155531591603     
   87163.642869869873        27.121795200557308     
   87163.692145145149        27.126379282951063     
   87163.741420420425        27.130909281210002     
   87163.790695695701        27.135386697771295     
   87163.839970970977        27.139813035072073     
   87163.889246246254        27.144189795549501     
   87163.938521521530        27.148518481640718     
   87163.987796796806        27.152800595782882     
   87164.037072072082        27.157037640413137     
   87164.086347347344        27.161231117967404     
   87164.135622622620        27.165382530885303     
   87164.184897897896        27.169493381602749     
   87164.234173173172        27.173565172556884     
   87164.283448448448        27.177599406184861     
   87164.332723723724        27.181597584923828     
   87164.381998999001        27.185561211210938     
   87164.431274274277        27.189491787483341     
   87164.480549549553        27.193390816178180     
   87164.529824824829        27.197259799732613     
   87164.579100100105        27.201100240583784     
   87164.628375375381        27.204913641168847     
   87164.677650650658        27.208701503924949     
   87164.726925925934        27.212465331289238     
   87164.776201201210        27.216206625698870     
   87164.825476476486        27.219926889590990     
   87164.874751751762        27.223627625402749     
   87164.924027027024        27.227310335570209     
   87164.973302302300        27.230976522532703     
   87165.022577577576        27.234627688726277     
   87165.071852852852        27.238265336588096     
   87165.121128128128        27.241890968555303     
   87165.170403403405        27.245506087065042     
   87165.219678678681        27.249112194554471     
   87165.268953953957        27.252710793460736     
   87165.318229229233        27.256303386220988     
   87165.367504504509        27.259891475272379     
   87165.416779779785        27.263476563052055     
   87165.466055055062        27.267060151997164     
   87165.515330330338        27.270643744544859     
   87165.564605605614        27.274228843132292     
   87165.613880880890        27.277816950196613     
   87165.663156156166        27.281409568174968     
   87165.712431431428        27.285008199503441     
   87165.761706706704        27.288614346621312     
   87165.810981981980        27.292229511964671     
   87165.860257257256        27.295855197970656     
   87165.909532532532        27.299492907076431     
   87165.958807807809        27.303144141719137     
   87166.008083083085        27.306810404335927     
   87166.057358358361        27.310493197363954     
   87166.106633633637        27.314194023240358     
   87166.155908908913        27.317914384402297     
   87166.205184184189        27.321655783286918     
   87166.254459459466        27.325419722331375     
   87166.303734734742        27.329207703972813     
   87166.353010010018        27.332979877294804     
   87166.402285285294        27.336382460543749     
   87166.451560560570        27.338917650986009     
   87166.500835835846        27.340089102181942     
   87166.550111111108        27.340020250713636     
   87166.599386386384        27.340087967610099     
   87166.648661661660        27.340661903778937     
   87166.697936936936        27.341677428335622     
   87166.747212212213        27.343069379487844     
   87166.796487487489        27.344772595443295     
   87166.845762762765        27.346721914409656     
   87166.895038038041        27.348852174594619     
   87166.944313313317        27.351098214205873     
   87166.993588588593        27.353394871451101     
   87167.042863863870        27.355676984538000     
   87167.092139139146        27.357879391674249     
   87167.141414414422        27.359936931067541     
   87167.190689689698        27.361786354411819     
   87167.239964964974        27.363372843542198     
   87167.289240240250        27.364643901161273     
   87167.338515515512        27.365547030041736     
   87167.387790790788        27.366029732957045     
   87167.437066066064        27.366039512679791     
   87167.486341341340        27.365523871982880     
   87167.535616616617        27.364430313639225     
   87167.584891891893        27.362706340421738     
   87167.634167167169        27.360299455103327     
   87167.683442442445        27.357157160456900     
   87167.732717717721        27.353226959255370     
   87167.781992992997        27.348465437449754     
   87167.831268268274        27.343508270803518     
   87167.880543543550        27.340129063412480     
   87167.929818818826        27.339591621005987     
   87167.979094094102        27.340118320772753     
   87168.028369369378        27.339967635760800     
   87168.077644644654        27.339026995889348     
   87168.126919919916        27.337338183439034     
   87168.176195195192        27.334942980688872     
   87168.225470470468        27.331883169919280     
   87168.274745745744        27.328200533410286     
   87168.324021021021        27.323936853441911     
   87168.373296296297        27.319133912294191     
   87168.422571571573        27.313833492247149     
   87168.471846846849        27.308077375580808     
   87168.521122122125        27.301907344575199     
   87168.570397397401        27.295365181510341     
   87168.619672672678        27.288492668666272     
   87168.668947947954        27.281331588323010     
   87168.718223223230        27.273923722760589     
   87168.767498498506        27.266310854259029     
   87168.816773773782        27.258534765098357     
   87168.866049049058        27.250637237558603     
   87168.915324324335        27.242664914247179     
   87168.964599599596        27.234689188031403     
   87169.013874874872        27.226789310231361     
   87169.063150150148        27.219044420394322     
   87169.112425425425        27.211449946521689     
   87169.161700700701        27.203769915911757     
   87169.210975975977        27.195728707133249     
   87169.260251251253        27.187050698754888     
   87169.309526526529        27.177462651382392     
   87169.358801801805        27.166967859312415     
   87169.408077077082        27.156100509542249     
   87169.457352352358        27.145454931944208     
   87169.506627627634        27.135608117556547     
   87169.555902902910        27.126650070438529     
   87169.605178178186        27.118129100793563     
   87169.654453453462        27.109565209914905     
   87169.703728728738        27.100573866977822     
   87169.753004004000        27.091099556970228     
   87169.802279279276        27.081157590784311     
   87169.851554554552        27.070763279320591     
   87169.900829829829        27.059931933476850     
   87169.950105105105        27.048678864150880     
   87169.999380380381        27.037019382240473     
   87170.048655655657        27.024968798643418     
   87170.097930930933        27.012542424257507     
   87170.147206206209        26.999755569980525     
   87170.196481481486        26.986623546710263     
   87170.245756756762        26.973161665344506     
   87170.295032032038        26.959385236781053     
   87170.344307307314        26.945309767484432     
   87170.393582582590        26.930962702433540     
   87170.442857857866        26.916390109865397     
   87170.492133133142        26.901639673955351     
   87170.541408408404        26.886759078883149     
   87170.590683683680        26.871796008815348     
   87170.639958958956        26.856798147931670     
   87170.689234234233        26.841813180407449     
   87170.738509509509        26.826888790418042     
   87170.787784784785        26.812072662138799     
   87170.837060060061        26.797412479745059     
   87170.886335335337        26.782955927412161     
   87170.935610610613        26.768750689315475     
   87170.984885885890        26.754844449630319     
   87171.034161161166        26.741284892532057     
   87171.083436436442        26.728119702196032     
   87171.132711711718        26.715396562797586     
   87171.181986986994        26.703163158512073     
   87171.231262262270        26.691467173514830     
   87171.280537537546        26.680356291981205     
   87171.329812812823        26.669878198086554     
   87171.379088088084        26.660080576009001     
   87171.428363363360        26.651011109918095     
   87171.477638638637        26.642717483992183     
   87171.526913913913        26.635247382406607     
   87171.576189189189        26.628648489336712     
   87171.625464464465        26.622968488957849     
   87171.674739739741        26.618255065445364     
   87171.724015015017        26.614555902974601     
   87171.773290290294        26.611918685720905     
   87171.822565565570        26.610391097859623     
   87171.871840840846        26.610010712443209     
   87171.921116116122        26.609220436799756     
   87171.970391391398        26.606453205434136     
   87172.019666666674        26.601937892292430     
   87172.068941941950        26.595922946834250     
   87172.118217217227        26.588656818519190     
   87172.167492492488        26.580387956809417     
   87172.216767767764        26.571364811159590     
   87172.266043043041        26.561835831031612     
   87172.315318318317        26.552049465885087     
   87172.364593593593        26.542254165179610     
   87172.413868868869        26.532698378374789     
   87172.463144144145        26.523630554930218     
   87172.512419419421        26.515290067367950     
   87172.561694694698        26.507767128452375     
   87172.610969969974        26.501029896742864     
   87172.660245245250        26.495042943415392     
   87172.709520520526        26.489770839645949     
   87172.758795795802        26.485178156610502     
   87172.808071071078        26.481229465485043     
   87172.857346346354        26.477889337445539     
   87172.906621621631        26.475122343667984     
   87172.955896896907        26.472893055328349     
   87173.005172172168        26.471166043603056     
   87173.054447447445        26.469905879667074     
   87173.103722722721        26.469077134696967     
   87173.152997997997        26.468644379868710     
   87173.202273273273        26.468572186358287     
   87173.251548548549        26.468825125341681     
   87173.300823823825        26.469367767994868     
   87173.350099099101        26.470164665808454     
   87173.399374374378        26.471175251267585     
   87173.448649649654        26.472347032084087     
   87173.497924924930        26.473625821420480     
   87173.547200200206        26.474957432439265     
   87173.596475475482        26.476287678302963     
   87173.645750750758        26.477562372174077     
   87173.695026026035        26.478727327215118     
   87173.744301301311        26.479728356588602     
   87173.793576576572        26.480511273456845     
   87173.842851851849        26.481021890982831     
   87173.892127127125        26.481206022328802     
   87173.941402402401        26.481009480657278     
   87173.990677677677        26.480378079130759     
   87174.039952952953        26.479305421538790     
   87174.089228228229        26.478478379492358     
   87174.138503503505        26.479106558591916     
   87174.187778778782        26.482412393702525     
   87174.237054054058        26.489618319689242     
   87174.286329329334        26.500792584353800     
   87174.335604604610        26.512145649095888     
   87174.384879879886        26.522811215695139     
   87174.434155155162        26.532817812231819     
   87174.483430430439        26.542193966786183     
   87174.532705705715        26.550968207438480     
   87174.581980980976        26.559169062266633     
   87174.631256256253        26.566825059355729     
   87174.680531531529        26.573964726783533     
   87174.729806806805        26.580616592630285     
   87174.779082082081        26.586809184976254     
   87174.828357357357        26.592571031901688     
   87174.877632632633        26.597930661486842     
   87174.926907907909        26.602916601811984     
   87174.976183183186        26.607557380957360     
   87175.025458458462        26.611881527003227     
   87175.074733733738        26.615917568029843     
   87175.124009009014        26.619694032117469     
   87175.173284284290        26.623239447346357     
   87175.222559559566        26.626582341796755     
   87175.271834834843        26.629751243548938     
   87175.321110110119        26.632774680683148     
   87175.370385385395        26.635681181279647     
   87175.419660660657        26.638499273417864     
   87175.468935935933        26.641257485179722     
   87175.518211211209        26.643984344644622     
   87175.567486486485        26.646708379892829     
   87175.616761761761        26.649458119004599     
   87175.666037037037        26.652262090060184     
   87175.715312312313        26.655148821139843     
   87175.764587587590        26.658146840323830     
   87175.813862862866        26.661284675692404     
   87175.863138138142        26.664590855325823     
   87175.912413413418        26.668093907304339     
   87175.961688688694        26.671821527266165     
   87176.010963963970        26.675780415429823     
   87176.060239239247        26.679955194750985     
   87176.109514514523        26.684329439203406     
   87176.158789789799        26.688886722760859     
   87176.208065065061        26.693610619395685     
   87176.257340340337        26.698484703084446     
   87176.306615615613        26.703492547799527     
   87176.355890890889        26.708617727514699     
   87176.405166166165        26.713843816203727     
   87176.454441441441        26.719154387840369     
   87176.503716716717        26.724533016398389     
   87176.552991991994        26.729963275851553     
   87176.602267267270        26.735428740173631     
   87176.651542542546        26.740912983338376     
   87176.700817817822        26.746399579319558     
   87176.750093093098        26.751872102090942     
   87176.799368368374        26.757314125626287     
   87176.848643643651        26.762709223899364     
   87176.897918918927        26.768040970883931     
   87176.947194194203        26.773292940553748     
   87176.996469469465        26.778448706881083     
   87177.045744744741        26.783491843842747     
   87177.095020020017        26.788405925410956     
   87177.144295295293        26.793174525559483     
   87177.193570570569        26.797781218262095     
   87177.242845845845        26.802203083441317     
   87177.292121121121        26.806270760142816     
   87177.341396396398        26.809670051869361     
   87177.390671671674        26.812182430238185     
   87177.439946946950        26.814163815937157     
   87177.489222222226        26.816171356499424     
   87177.538497497502        26.818762414600432     
   87177.587772772778        26.822444174421069     
   87177.637048048055        26.827041311921668     
   87177.686323323331        26.831892919795727     
   87177.735598598607        26.836609523218357     
   87177.784873873883        26.841176075794884     
   87177.834149149145        26.845603340413270     
   87177.883424424421        26.849902079965389     
   87177.932699699697        26.854083057339167     
   87177.981974974973        26.858157035423869     
   87178.031250250249        26.862134777108743     
   87178.080525525525        26.866027045283051     
   87178.129800800802        26.869844602836046     
   87178.179076076078        26.873598212656987     
   87178.228351351354        26.877298637635135     
   87178.277626626630        26.880956640659740     
   87178.326901901906        26.884582984620060     
   87178.376177177182        26.888188432405357     
   87178.425452452459        26.891783746904888     
   87178.474727727735        26.895379691007903     
   87178.524003003011        26.898987027603667     
   87178.573278278287        26.902616519581429     
   87178.622553553549        26.906278929829366     
   87178.671828828825        26.909985021238889     
   87178.721104104101        26.913745556698181     
   87178.770379379377        26.917571299096501     
   87178.819654654653        26.921473011323101     
   87178.868929929929        26.925461456267243     
   87178.918205205206        26.929547396818180     
   87178.967480480482        26.933741595865172     
   87179.016755755758        26.938054816297473     
   87179.066031031034        26.942497821004345     
   87179.115306306310        26.947081372875040     
   87179.164581581586        26.951816234798819     
   87179.213856856863        26.956713169664933     
   87179.263132132139        26.961781505845586     
   87179.312407407415        26.966952764668758     
   87179.361682682691        26.972042392547873     
   87179.410957957967        26.976856361828322     
   87179.460233233229        26.981200644854312     
   87179.509508508505        26.984881213973850     
   87179.558783783781        26.987704041530975     
   87179.608059059057        26.989475099871086     
   87179.657334334333        26.990009575546424     
   87179.706609609610        26.990088104508470     
   87179.755884884886        26.990524162200476     
   87179.805160160162        26.991311563073406     
   87179.854435435438        26.992440170376170     
   87179.903710710714        26.993899847357707     
   87179.952985985990        26.995680457266928     
   87180.002261261267        26.997771863352764     
   87180.051536536543        27.000163928864140     
   87180.100811811819        27.002846517049971     
   87180.150087087095        27.005809491159187     
   87180.199362362371        27.009042714440710     
   87180.248637637633        27.012536050142401     
   87180.297912912909        27.016279361515242     
   87180.347188188185        27.020262511807161     
   87180.396463463461        27.024475364267090     
   87180.445738738737        27.028907782143950     
   87180.495014014014        27.033549628686664     
   87180.544289289290        27.038390767144151     
   87180.593564564566        27.043421060765336     
   87180.642839839842        27.048630372799153     
   87180.692115115118        27.054008566494510     
   87180.741390390394        27.059545505100346     
   87180.790665665671        27.065231051865574     
   87180.839940940947        27.071055070039122     
   87180.889216216223        27.077007422869912     
   87180.938491491499        27.083077973606869     
   87180.987766766775        27.089256585498919     
   87181.037042042037        27.095533121793114     
   87181.086317317313        27.101897445742090     
   87181.135592592589        27.108339420592934     
   87181.184867867865        27.114848909594564     
   87181.234143143141        27.121415775995906     
   87181.283418418418        27.128029883045880     
   87181.332693693694        27.134681093993422     
   87181.381968968970        27.141359272087442     
   87181.431244244246        27.148054280576869     
   87181.480519519522        27.154755982710626     
   87181.529794794798        27.161454241737637     
   87181.579070070075        27.168138920906831     
   87181.628345345351        27.174799883467124     
   87181.677620620627        27.181426992667443     
   87181.726895895903        27.188010111756711     
   87181.776171171179        27.194539103983850     
   87181.825446446455        27.201003832597792     
   87181.874721721717        27.207394160845574     
   87181.923996996993        27.213699059438859     
   87181.973272272269        27.219893514566579     
   87182.022547547545        27.225941415810077     
   87182.071822822822        27.231806347496011     
   87182.121098098098        27.237451893951054     
   87182.170373373374        27.242841639501854     
   87182.219648648650        27.247939168475078     
   87182.268923923926        27.252708065197382     
   87182.318199199202        27.257111913995431     
   87182.367474474479        27.261114299195885     
   87182.416749749755        27.264678805125399     
   87182.466025025031        27.267769016110638     
   87182.515300300307        27.270348803969483     
   87182.564575575583        27.272514700798901     
   87182.613850850859        27.274706088585468     
   87182.663126126121        27.277416997249997     
   87182.712401401397        27.281138187896001     
   87182.761676676673        27.286039103113584     
   87182.810951951949        27.291701531992068     
   87182.860227227226        27.297644562521896     
   87182.909502502502        27.303404838425450     
   87182.958777777778        27.308783016747846     
   87183.008053053054        27.313783673635800     
   87183.057328328330        27.318416670237351     
   87183.106603603606        27.322691867700527     
   87183.155878878883        27.326619127173373     
   87183.205154154159        27.330208309803922     
   87183.254429429435        27.333469276740210     
   87183.303704704711        27.336411889130275     
   87183.352979979987        27.339046008122153     
   87183.402255255263        27.341381494863882     
   87183.451530530539        27.343428210503497     
   87183.500805805801        27.345196016188552     
   87183.550081081077        27.346694773068126     
   87183.599356356353        27.347934342289690     
   87183.648631631630        27.348924585001289     
   87183.697906906906        27.349675362350947     
   87183.747182182182        27.350196731312149     
   87183.796457457458        27.350505172281018     
   87183.845732732734        27.350624880503062     
   87183.895008008010        27.350580508054939     
   87183.944283283286        27.350396707013282     
   87183.993558558563        27.350098129454739     
   87184.042833833839        27.349707627122733     
   87184.092109109115        27.349231131766221     
   87184.141384384391        27.348665303083646     
   87184.190659659667        27.348006705754411     
   87184.239934934943        27.347251904457924     
   87184.289210210205        27.346397463873846     
   87184.338485485481        27.345439948681086     
   87184.387760760757        27.344375923559280     
   87184.437036036034        27.343201953187833     
   87184.486311311310        27.341914602246149     
   87184.535586586586        27.340510435413634     
   87184.584861861862        27.338986017369688     
   87184.634137137138        27.337337912793721     
   87184.683412412414        27.335562686365130     
   87184.732687687690        27.333656902763320     
   87184.781962962967        27.331617126667702     
   87184.831238238243        27.329439922757672     
   87184.880513513519        27.327121855712637     
   87184.929788788795        27.324659490211992     
   87184.979064064071        27.322049390935160     
   87185.028339339347        27.319288122561524     
   87185.077614614609        27.316372249771391     
   87185.126889889885        27.313298337242429     
   87185.176165165161        27.310062949654885     
   87185.225440440438        27.306662651688164     
   87185.274715715714        27.303094008021670     
   87185.323990990990        27.299353583334803     
   87185.373266266266        27.295437942306972     
   87185.422541541542        27.291343649617577     
   87185.471816816818        27.287067269946025     
   87185.521092092094        27.282605367971719     
   87185.570367367371        27.277954508374059     
   87185.619642642647        27.273111255832447     
   87185.668917917923        27.268072175026298     
   87185.718193193199        27.262833830635010     
   87185.767468468475        27.257392787337984     
   87185.816743743751        27.251745609814627     
   87185.866019019028        27.245888862744337     
   87185.915294294289        27.239819110808355     
   87185.964569569565        27.233532918682485     
   87186.013844844842        27.227026851047906     
   87186.063120120118        27.220297472584015     
   87186.112395395394        27.213341347970207     
   87186.161670670670        27.206155041885904     
   87186.210945945946        27.198735119010500     
   87186.260221221222        27.191078144023393     
   87186.309496496498        27.183180681604000     
   87186.358771771775        27.175039296431713     
   87186.408047047051        27.166650553185946     
   87186.457322322327        27.158011016546094     
   87186.506597597603        27.149117251191566     
   87186.555872872879        27.139965821801763     
   87186.605148148155        27.130553293056096     
   87186.654423423432        27.120876229633954     
   87186.703698698693        27.110931196217734     
   87186.752973973969        27.100714757480958     
   87186.802249249246        27.090223478105926     
   87186.851524524522        27.079453922772046     
   87186.900799799798        27.068402656158725     
   87186.950075075074        27.057066242945353     
   87186.999350350350        27.045441247811350     
   87187.048625625626        27.033526601011701     
   87187.097900900902        27.021366570196317     
   87187.147176176179        27.009046229299816     
   87187.196451451455        26.996652108459532     
   87187.245726726731        26.984270737812789     
   87187.295002002007        26.971988647496914     
   87187.344277277283        26.959892367649239     
   87187.393552552559        26.948068428407094     
   87187.442827827836        26.936603359907803     
   87187.492103103097        26.925583692291877     
   87187.541378378373        26.915088926804106     
   87187.590653653649        26.905015712660099     
   87187.639928928926        26.895065238896080     
   87187.689204204202        26.884929140519773     
   87187.738479479478        26.874299052538888     
   87187.787754754754        26.862866609961138     
   87187.837030030030        26.850323447794249     
   87187.886305305306        26.836361201045932     
   87187.935580580583        26.820747851561912     
   87187.984855855859        26.804475557067079     
   87188.034131131135        26.788765885726082     
   87188.083406406411        26.773695983030159     
   87188.132681681687        26.759245224372176     
   87188.181956956963        26.745392985145003     
   87188.231232232240        26.732118640741493     
   87188.280507507516        26.719401566554513     
   87188.329782782777        26.707221137980447     
   87188.379058058053        26.695556730404963     
   87188.428333333330        26.684387719224603     
   87188.477608608606        26.673693479832231     
   87188.526883883882        26.663453387620706     
   87188.576159159158        26.653646817982892     
   87188.625434434434        26.644253146311652     
   87188.674709709710        26.635251747999845     
   87188.723984984987        26.626621998440335     
   87188.773260260263        26.618343273025992     
   87188.822535535539        26.610394947149668     
   87188.871810810815        26.602756396204228     
   87188.921086086091        26.595406995582543     
   87188.970361361367        26.588326120677465     
   87189.019636636644        26.581493146881858     
   87189.068911911920        26.574887449588594     
   87189.118187187181        26.568488404192383     
   87189.167462462457        26.562275386082320     
   87189.216737737734        26.556227770653191     
   87189.266013013010        26.550324933297855     
   87189.315288288286        26.544546249409169     
   87189.364563563562        26.538871094380003     
   87189.413838838838        26.533278843603213     
   87189.463114114114        26.527749365313976     
   87189.512389389391        26.522280790504141     
   87189.561664664667        26.516894468149534     
   87189.610939939943        26.511613249052221     
   87189.660215215219        26.506459984014278     
   87189.709490490495        26.501457523837768     
   87189.758765765771        26.496628719324768     
   87189.808041041048        26.491996421277332     
   87189.857316316324        26.487583480497545     
   87189.906591591600        26.483412747787469     
   87189.955866866861        26.479507073950288     
   87190.005142142138        26.475889309785757     
   87190.054417417414        26.472582306097138     
   87190.103692692690        26.469608913686507     
   87190.152967967966        26.466991983355925     
   87190.202243243242        26.464754365907464     
   87190.251518518518        26.462918912143191     
   87190.300793793795        26.461508472865177     
   87190.350069069071        26.460545898875498     
   87190.399344344347        26.460054040976210     
   87190.448619619623        26.460051332822978     
   87190.497894894899        26.460507663123604     
   87190.547170170175        26.461362883432010     
   87190.596445445452        26.462556399258631     
   87190.645720720728        26.464027616113921     
   87190.694995996004        26.465715939508314     
   87190.744271271265        26.467560774951700     
   87190.793546546542        26.469501527955618     
   87190.842821821818        26.471482326589786     
   87190.892097097094        26.473488779519251     
   87190.941372372370        26.475528014295474     
   87190.990647647646        26.477607341166767     
   87191.039922922922        26.479734070381433     
   87191.089198198199        26.481916211638747     
   87191.138473473475        26.484165838220662     
   87191.187748748751        26.486496487148024     
   87191.237024024027        26.488921697389053     
   87191.286299299303        26.491455007911949     
   87191.335574574579        26.494109957684906     
   87191.384849849856        26.496900085676138     
   87191.434125125132        26.499838930853848     
   87191.483400400408        26.502940032186238     
   87191.532675675669        26.506216928640526     
   87191.581950950946        26.509683159186842     
   87191.631226226222        26.513352262792452     
   87191.680501501498        26.517237778425557     
   87191.729776776774        26.521353245054364     
   87191.779052052050        26.525712201647082     
   87191.828327327326        26.530328187171911     
   87191.877602602603        26.535214740597048     
   87191.926877877879        26.540385400890713     
   87191.976153153155        26.545853707021102     
   87192.025428428431        26.551633197956424     
   87192.074703703707        26.557737412664885     
   87192.123978978983        26.564179890114680     
   87192.173254254260        26.570974169274020     
   87192.222529529536        26.578133789111110     
   87192.271804804812        26.585672288594157     
   87192.321080080088        26.593599449377908     
   87192.370355355350        26.601813271868728     
   87192.419630630626        26.610083754022394     
   87192.468905905902        26.618173873546176     
   87192.518181181178        26.625846608149729     
   87192.567456456454        26.632864935542713     
   87192.616731731730        26.638991833434794     
   87192.666007007007        26.643990279535622     
   87192.715282282283        26.647623251554865     
   87192.764557557559        26.649653727202178     
   87192.813832832835        26.649977811425224     
   87192.863108108111        26.651232426592703     
   87192.912383383387        26.654708281100348     
   87192.961658658664        26.659956802947463     
   87193.010933933940        26.666526726848652     
   87193.060209209216        26.673966787518520     
   87193.109484484492        26.681825719671686     
   87193.158759759754        26.689652258020502     
   87193.208035035030        26.697065364340538     
   87193.257310310306        26.704006010376911     
   87193.306585585582        26.710507406182220     
   87193.355860860858        26.716602769397010     
   87193.405136136134        26.722325317661820     
   87193.454411411411        26.727708268617206     
   87193.503686686687        26.732784839903708     
   87193.552961961963        26.737588249161874     
   87193.602237237239        26.742151714032246     
   87193.651512512515        26.746508452155375     
   87193.700787787791        26.750691681171805     
   87193.750063063068        26.754734618722079     
   87193.799338338344        26.758670482446743     
   87193.848613613620        26.762532489986341     
   87193.897888888896        26.766353858981422     
   87193.947164164158        26.770167806574889     
   87193.996439439434        26.774000884592283     
   87194.045714714710        26.777856268426326     
   87194.094989989986        26.781732011562553     
   87194.144265265262        26.785626167486505     
   87194.193540540538        26.789536789683709     
   87194.242815815815        26.793461931639705     
   87194.292091091091        26.797399646840034     
   87194.341366366367        26.801347988770225     
   87194.390641641643        26.805305010915813     
   87194.439916916919        26.809268766762333     
   87194.489192192195        26.813237465439386     
   87194.538467467471        26.817210410233869     
   87194.587742742748        26.821187373696286     
   87194.637018018024        26.825168130173537     
   87194.686293293300        26.829152454012544     
   87194.735568568576        26.833140119560220     
   87194.784843843838        26.837130901162297     
   87194.834119119114        26.841124573168052     
   87194.883394394390        26.845120909923214     
   87194.932669669666        26.849119685774699     
   87194.981944944942        26.853120675069416     
   87195.031220220219        26.857123652154286     
   87195.080495495495        26.861128391376223     
   87195.129770770771        26.865134667082131     
   87195.179046046047        26.869142253618932     
   87195.228321321323        26.873150925333533     
   87195.277596596599        26.877160456572859     
   87195.326871871875        26.881170621683808     
   87195.376147147152        26.885181195013310     
   87195.425422422428        26.889191950908263     
   87195.474697697704        26.893202663715591     
   87195.523972972980        26.897213107782200     
   87195.573248248242        26.901223057453830     
   87195.622523523518        26.905232287079752     
   87195.671798798794        26.909240571005704     
   87195.721074074070        26.913247683578597     
   87195.770349349346        26.917253399145334     
   87195.819624624623        26.921257492052845     
   87195.868899899899        26.925259736648030     
   87195.918175175175        26.929259907277817     
   87195.967450450451        26.933257778289107     
   87196.016725725727        26.937253124028814     
   87196.066001001003        26.941245718843859     
   87196.115276276279        26.945235337081158     
   87196.164551551556        26.949221753087610     
   87196.213826826832        26.953204741210140     
   87196.263102102108        26.957184075795656     
   87196.312377377384        26.961159551588196     
   87196.361652652660        26.965132651767920     
   87196.410927927922        26.969107785823695     
   87196.460203203198        26.973089654941958     
   87196.509478478474        26.977082960305630     
   87196.558753753750        26.981092403098817     
   87196.608029029027        26.985122684505601     
   87196.657304304303        26.989178505710083     
   87196.706579579579        26.993264567896357     
   87196.755854854855        26.997385572248518     
   87196.805130130131        27.001546219950669     
   87196.854405405407        27.005751212186894     
   87196.903680680683        27.010005250141290     
   87196.952955955960        27.014313034997954     
   87197.002231231236        27.018679267940986     
   87197.051506506512        27.023108199167208     
   87197.100781781788        27.027599427616938     
   87197.150057057064        27.032149810313388     
   87197.199332332326        27.036756168919901     
   87197.248607607602        27.041415325103877     
   87197.297882882878        27.046124100528669     
   87197.347158158154        27.050879316858971     
   87197.396433433431        27.055677795759472     
   87197.445708708707        27.060516358894876     
   87197.494983983983        27.065391827929865     
   87197.544259259259        27.070301024529147     
   87197.593534534535        27.075240770357407     
   87197.642809809811        27.080207887079350     
   87197.692085085087        27.085199196359664     
   87197.741360360364        27.090211519863043     
   87197.790635635640        27.095241679254187     
   87197.839910910916        27.100286496197782     
   87197.889186186192        27.105342792358535     
   87197.938461461468        27.110407389401129     
   87197.987736736730        27.115477108988770     
   87198.037012012006        27.120548772789142     
   87198.086287287282        27.125619202465451     
   87198.135562562558        27.130685219682384     
   87198.184837837834        27.135743646104640     
   87198.234113113111        27.140791303396909     
   87198.283388388387        27.145825013223899     
   87198.332663663663        27.150841597250285     
   87198.381938938939        27.155837877140783     
   87198.431214214215        27.160810674560068     
   87198.480489489491        27.165756811172848     
   87198.529764764768        27.170673108643818     
   87198.579040040044        27.175556388637663     
   87198.628315315320        27.180403472819087     
   87198.677590590596        27.185211182852782     
   87198.726865865872        27.189976340403440     
   87198.776141141148        27.194695767135762     
   87198.825416416410        27.199366284713065     
   87198.874691691686        27.203984714802811     
   87198.923966966962        27.208547879068298     
   87198.973242242238        27.213052599174230     
   87199.022517517515        27.217495696785292     
   87199.071792792791        27.221873993566192     
   87199.121068068067        27.226184311181612     
   87199.170343343343        27.230423471296259     
   87199.219618618619        27.234588295574817     
   87199.268893893895        27.238675605681987     
   87199.318169169172        27.242682223282458     
   87199.367444444448        27.246604970040938     
   87199.416719719724        27.250440761690825     
   87199.465994995000        27.254269753904449     
   87199.515270270276        27.258408106948373     
   87199.564545545552        27.263213519671432     
   87199.613820820814        27.269043690920569     
   87199.663096096090        27.276040784454175     
   87199.712371371366        27.283005046719314     
   87199.761646646642        27.288221139629826     
   87199.810921921919        27.289999009157693     
   87199.860197197195        27.291771013123068     
   87199.909472472471        27.296043023060172     
   87199.958747747747        27.301241985934663     
   87200.008023023023        27.306281453486701     
   87200.057298298299        27.311050870889982     
   87200.106573573576        27.315556205456751     
   87200.155848848852        27.319803424499256     
   87200.205124124128        27.323798495329751     
   87200.254399399404        27.327547385260466     
   87200.303674674680        27.331056061603661     
   87200.352949949956        27.334330491671576     
   87200.402225225218        27.337376642775588     
   87200.451500500494        27.340200482229754     
   87200.500775775770        27.342807977345373     
   87200.550051051046        27.345205095434693     
   87200.599326326323        27.347397803809969     
   87200.648601601599        27.349392069783441     
   87200.697876876875        27.351193860667351     
   87200.747152152151        27.352809143773953     
   87200.796427427427        27.354243886415489     
   87200.845702702703        27.355504055904209     
   87200.894977977980        27.356595619552355     
   87200.944253253256        27.357524544672174     
   87200.993528528532        27.358296798575914     
   87201.042803803808        27.358918348575820     
   87201.092079079084        27.359395161984136     
   87201.141354354360        27.359733206113116     
   87201.190629629637        27.359938448274995     
   87201.239904904898        27.360016855782021     
   87201.289180180174        27.359974339979782     
   87201.338455455450        27.359812751799012     
   87201.387730730727        27.359527207507682     
   87201.437006006003        27.359112189249043     
   87201.486281281279        27.358562179166345     
   87201.535556556555        27.357871659402839     
   87201.584831831831        27.357035112101773     
   87201.634107107107        27.356047019406404     
   87201.683382382384        27.354901863459975     
   87201.732657657660        27.353594126405746     
   87201.781932932936        27.352118290386958     
   87201.831208208212        27.350468837546870     
   87201.880483483488        27.348640250028723     
   87201.929758758764        27.346627009975776     
   87201.979034034041        27.344423599531282     
   87202.028309309302        27.342024500839223     
   87202.077584584578        27.339424190434460     
   87202.126859859854        27.336616153102941     
   87202.176135135131        27.333591750580538     
   87202.225410410407        27.330342070744180     
   87202.274685685683        27.326858201470770     
   87202.323960960959        27.323131230637237     
   87202.373236236235        27.319152013983022     
   87202.422511511511        27.314866718735498     
   87202.471786786788        27.310123941543385     
   87202.521062062064        27.304797210633449     
   87202.570337337340        27.298922887256772     
   87202.619612612616        27.292581159341267     
   87202.668887887892        27.285852215422992     
   87202.718163163168        27.278816244037984     
   87202.767438438445        27.271553433722300     
   87202.816713713721        27.264143973011983     
   87202.865988988982        27.256668050445288     
   87202.915264264258        27.249205826957411     
   87202.964539539535        27.241806885477310     
   87203.013814814811        27.234431747165321     
   87203.063090090087        27.227024807285531     
   87203.112365365363        27.219530461102032     
   87203.161640640639        27.211893103878921     
   87203.210915915915        27.204057130880287     
   87203.260191191192        27.195966937370212     
   87203.309466466468        27.187566918612799     
   87203.358741741744        27.178801469872138     
   87203.408017017020        27.169614990827554     
   87203.457292292296        27.160024471022009     
   87203.506567567572        27.150303763242736     
   87203.555842842849        27.140783508520887     
   87203.605118118125        27.131729874059364     
   87203.654393393386        27.123076510174716     
   87203.703668668662        27.114650179787077     
   87203.752943943939        27.106277595390658     
   87203.802219219215        27.097785469477088     
   87203.851494494491        27.089000559713057     
   87203.900769769767        27.079794187446360     
   87203.950045045043        27.070165714299783     
   87203.999320320319        27.060137356109120     
   87204.048595595596        27.049731328710152     
   87204.097870870872        27.038969847938663     
   87204.147146146148        27.027875129630431     
   87204.196421421424        27.016469389621243     
   87204.245696696700        27.004774843746880     
   87204.294971971976        26.992813707843130     
   87204.344247247252        26.980608197745767     
   87204.393522522529        26.968180529290585     
   87204.442797797790        26.955552918317117     
   87204.492073073066        26.942747580653680     
   87204.541348348343        26.929786732139764     
   87204.590623623619        26.916692588611149     
   87204.639898898895        26.903487365903619     
   87204.689174174171        26.890193279852955     
   87204.738449449447        26.876832546294942     
   87204.787724724723        26.863427381065364     
   87204.837000000000        26.850000000000001     
