   67614.244999999995        24.390000000000001     
   67614.290087087080        24.400556098671434     
   67614.335174174164        24.411101729812998     
   67614.380261261264        24.421626425898218     
   67614.425348348348        24.432119719390432     
   67614.470435435433        24.442571142763171     
   67614.515522522517        24.452970228486574     
   67614.560609609602        24.463306509030762     
   67614.605696696686        24.473569516865879     
   67614.650783783785        24.483748784465320     
   67614.695870870870        24.493833844292645     
   67614.740957957954        24.503814228821291     
   67614.786045045039        24.513679470521385     
   67614.831132132123        24.523419101863063     
   67614.876219219208        24.533022655316451     
   67614.921306306307        24.542479663354719     
   67614.966393393392        24.551779658441887     
   67615.011480480476        24.560912173051165     
   67615.056567567561        24.569866739652682     
   67615.101654654645        24.578632890716570     
   67615.146741741744        24.587200158715699     
   67615.191828828829        24.595558076114663     
   67615.236915915913        24.603696175386396     
   67615.282003002998        24.611603989001033     
   67615.327090090082        24.619271049428697     
   67615.372177177167        24.626686889139528     
   67615.417264264266        24.633841040605923     
   67615.462351351351        24.640723036293391     
   67615.507438438435        24.647322408674420     
   67615.552525525520        24.653628690219140     
   67615.597612612604        24.659631413397680     
   67615.642699699689        24.665320110680181     
   67615.687786786788        24.670684314538445     
   67615.732873873872        24.675713557439146     
   67615.777960960957        24.680397374443494     
   67615.823048048042        24.684730206636448     
   67615.868135135126        24.688721601584898     
   67615.913222222211        24.692384005092816     
   67615.958309309310        24.695729862965194     
   67616.003396396394        24.698771621003846     
   67616.048483483479        24.701521725013876     
   67616.093570570563        24.703992620799241     
   67616.138657657648        24.706196754163916     
   67616.183744744747        24.708146570912458     
   67616.228831831831        24.709854516847571     
   67616.273918918916        24.711333037773898     
   67616.319006006001        24.712594579495406     
   67616.364093093085        24.713651587816067     
   67616.409180180170        24.714516508539838     
   67616.454267267269        24.715201787470892     
   67616.499354354353        24.715719870412748     
   67616.544441441438        24.716083203169628     
   67616.589528528522        24.716304231545500     
   67616.634615615607        24.716395401344322     
   67616.679702702691        24.716369158370078     
   67616.724789789791        24.716237948426663     
   67616.769876876875        24.716014217318140     
   67616.814963963960        24.715710410848448     
   67616.860051051044        24.715338974821556     
   67616.905138138129        24.714912355041427     
   67616.950225225228        24.714442997311881     
   67616.995312312312        24.713943347437180     
   67617.040399399397        24.713425851221157     
   67617.085486486481        24.712902954467769     
   67617.130573573566        24.712387102980991     
   67617.175660660650        24.711890742564787     
   67617.220747747750        24.711426319022987     
   67617.265834834834        24.711006278159854     
   67617.310921921919        24.710643065779202     
   67617.356009009003        24.710349127684999     
   67617.401096096088        24.710136909681214     
   67617.446183183172        24.710018857571814     
   67617.491270270271        24.710001605633810     
   67617.536357357356        24.709645030175640     
   67617.581444444440        24.708652977313861     
   67617.626531531525        24.707056784256260     
   67617.671618618610        24.704887816152507     
   67617.716705705694        24.702177438152251     
   67617.761792792793        24.698957015404041     
   67617.806879879878        24.695257913059621     
   67617.851966966962        24.691111496267702     
   67617.897054054047        24.686549130177937     
   67617.942141141131        24.681602179939993     
   67617.987228228230        24.676302010701768     
   67618.032315315315        24.670679987616349     
   67618.077402402399        24.664767475831745     
   67618.122489489484        24.658595840497611     
   67618.167576576569        24.652196446763618     
   67618.212663663653        24.645600659779422     
   67618.257750750752        24.638839844692480     
   67618.302837837837        24.631945366656826     
   67618.347924924921        24.624948590819962     
   67618.393012012006        24.617880882331555     
   67618.438099099090        24.610773606341258     
   67618.483186186175        24.603678264090714     
   67618.528273273274        24.596758202946564     
   67618.573360360358        24.590215380440959     
   67618.618447447443        24.584251790622801     
   67618.663534534528        24.579069427543228     
   67618.708621621612        24.574870285253411     
   67618.753708708711        24.571856357803746     
   67618.798795795796        24.570229639247380     
   67618.843882882880        24.569908843211060     
   67618.888969969965        24.568640942357337     
   67618.934057057049        24.566070356508511     
   67618.979144144134        24.562435519883685     
   67619.024231231233        24.557974866700391     
   67619.069318318318        24.552926831180656     
   67619.114405405402        24.547529847542258     
   67619.159492492487        24.542022350004270     
   67619.204579579571        24.536642772785790     
   67619.249666666656        24.531629550105901     
   67619.294753753755        24.527221116182389     
   67619.339840840839        24.523655905237256     
   67619.384927927924        24.521172351488051     
   67619.430015015008        24.520008889153864     
   67619.475102102093        24.520024815607400     
   67619.520189189177        24.520071374022926     
   67619.565276276277        24.520031486213455     
   67619.610363363361        24.519999736367879     
   67619.655450450446        24.520048817843829     
   67619.700537537530        24.520189875392010     
   67619.745624624615        24.520423316114673     
   67619.790711711714        24.520749547114189     
   67619.835798798798        24.521168975492582     
   67619.880885885883        24.521682008352201     
   67619.925972972967        24.522289052795287     
   67619.971060060052        24.522990515924086     
   67620.016147147137        24.523786804840846     
   67620.061234234236        24.524678326648122     
   67620.106321321320        24.525665488447579     
   67620.151408408405        24.526748697341738     
   67620.196495495489        24.527928360432846     
   67620.241582582574        24.529204884823148     
   67620.286669669658        24.530578677614891     
   67620.331756756757        24.532050145910816     
   67620.376843843842        24.533619696812217     
   67620.421930930926        24.535287737421797     
   67620.467018018011        24.537054674841805     
   67620.512105105096        24.538920916174490     
   67620.557192192195        24.540886868522747     
   67620.602279279279        24.542952938987554     
   67620.647366366364        24.545119534671777     
   67620.692453453448        24.547387062677664     
   67620.737540540533        24.549755930107459     
   67620.782627627617        24.552226544063409     
   67620.827714714716        24.554799311648608     
   67620.872801801801        24.557474639963644     
   67620.917888888885        24.560252936111571     
   67620.962975975970        24.563134607194645     
   67621.008063063055        24.566120060315107     
   67621.053150150139        24.569209702575204     
   67621.098237237238        24.572403941078232     
   67621.143324324323        24.575703182924372     
   67621.188411411407        24.579107835216892     
   67621.233498498492        24.582617733281840     
   67621.278585585576        24.586227617470339     
   67621.323672672675        24.589929553714455     
   67621.368759759760        24.593715584270274     
   67621.413846846845        24.597577751397470     
   67621.458933933929        24.601508097354515     
   67621.504021021014        24.605498664399899     
   67621.549108108098        24.609541494792108     
   67621.594195195197        24.613628630790949     
   67621.639282282282        24.617752114652262     
   67621.684369369366        24.621903988635847     
   67621.729456456451        24.626076295000185     
   67621.774543543535        24.630261076003766     
   67621.819630630620        24.634450373905068     
   67621.864717717719        24.638636230963922     
   67621.909804804804        24.642810689436111     
   67621.954891891888        24.646965791581476     
   67621.999978978973        24.651093544596140     
   67622.045066066057        24.655182305259927     
   67622.090153153142        24.659213638762907     
   67622.135240240241        24.663168370035553     
   67622.180327327325        24.667027324004536     
   67622.225414414410        24.670771342382601     
   67622.270501501494        24.674384455835636     
   67622.315588588579        24.677857636859681     
   67622.360675675678        24.681182770965052     
   67622.405762762763        24.684351743658876     
   67622.450849849847        24.687356440451506     
   67622.495936936932        24.690188746852208     
   67622.541024024016        24.692840548370260     
   67622.586111111101        24.695303730514915     
   67622.631198198200        24.697570178796145     
   67622.676285285284        24.699631778721745     
   67622.721372372369        24.701480415801750     
   67622.766459459453        24.703107975545421     
   67622.811546546538        24.704506343462029     
   67622.856633633623        24.705667405060840     
   67622.901720720722        24.706583045851371     
   67622.946807807806        24.707245151342299     
   67622.991894894891        24.707645607043219     
   67623.036981981975        24.707776298463401     
   67623.082069069060        24.707629111112116     
   67623.127156156159        24.707195930498436     
   67623.172243243243        24.706468642131906     
   67623.217330330328        24.705439131521697     
   67623.262417417413        24.704099284177083     
   67623.307504504497        24.702440985607321     
   67623.352591591582        24.700456121321682     
   67623.397678678681        24.698120588273401     
   67623.442765765765        24.695288771393844     
   67623.487852852850        24.691759255893334     
   67623.532939939934        24.687389307212193     
   67623.578027027019        24.683010951695447     
   67623.623114114103        24.680256813038383     
   67623.668201201202        24.679972719792111     
   67623.713288288287        24.679234836627330     
   67623.758375375372        24.677563858017290     
   67623.803462462456        24.675011738858434     
   67623.848549549541        24.671630434047209     
   67623.893636636625        24.667471898480052     
   67623.938723723724        24.662588087051734     
   67623.983810810809        24.657030954661863     
   67624.028897897893        24.650852456205413     
   67624.073984984978        24.644104546578841     
   67624.119072072062        24.636839180678585     
   67624.164159159161        24.629108313398525     
   67624.209246246246        24.620963899640124     
   67624.254333333331        24.612457894297386     
   67624.299420420415        24.603642252266766     
   67624.344507507500        24.594568928444708     
   67624.389594594584        24.585289877727654     
   67624.434681681683        24.575857055008992     
   67624.479768768768        24.566322415191266     
   67624.524855855852        24.556737913167900     
   67624.569942942937        24.547155503835334     
   67624.615030030021        24.537627142090024     
   67624.660117117106        24.528204782828411     
   67624.705204204205        24.518940356798005     
   67624.750291291290        24.509864101202815     
   67624.795378378374        24.500944630381337     
   67624.840465465459        24.492139690885629     
   67624.885552552543        24.483407029267752     
   67624.930639639642        24.474704392076951     
   67624.975726726727        24.465990162952600     
   67625.020813813811        24.457240573628123     
   67625.065900900896        24.448451683258639     
   67625.110987987980        24.439620585317279     
   67625.156075075065        24.430744373277179     
   67625.201162162164        24.421820140608578     
   67625.246249249249        24.412844980790382     
   67625.291336336333        24.403815987292845     
   67625.336423423418        24.394730253589106     
   67625.381510510502        24.385584873152304     
   67625.426597597587        24.376376939455572     
   67625.471684684686        24.367103545969034     
   67625.516771771770        24.357762959329676     
   67625.561858858855        24.348512348975483     
   67625.606945945940        24.339827061212855     
   67625.652033033024        24.332083514068831     
   67625.697120120109        24.325144077822209     
   67625.742207207208        24.318750452158735     
   67625.787294294292        24.312644336770198     
   67625.832381381377        24.306575681367892     
   67625.877468468461        24.300437996259678     
   67625.922555555546        24.294246591082548     
   67625.967642642645        24.288020636344474     
   67626.012729729729        24.281779302559457     
   67626.057816816814        24.275541760235470     
   67626.102903903899        24.269327179882506     
   67626.147990990983        24.263154732010538     
   67626.193078078068        24.257043587129544     
   67626.238165165167        24.251012915747577     
   67626.283252252251        24.245081888378518     
   67626.328339339336        24.239269675530384     
   67626.373426426420        24.233595447713157     
   67626.418513513505        24.228078375436816     
   67626.463600600589        24.222737629211348     
   67626.508687687689        24.217592379545103     
   67626.553774774773        24.212661796951384     
   67626.598861861858        24.207965051938487     
   67626.643948948942        24.203521315016385     
   67626.689036036027        24.199349756695064     
   67626.734123123126        24.195469547483299     
   67626.779210210210        24.191899857893581     
   67626.824297297295        24.188659858434598     
   67626.869384384379        24.185768719616320     
   67626.914471471464        24.183245611948735     
   67626.959558558548        24.181109705941815     
   67627.004645645648        24.179380172105063     
   67627.049732732732        24.178076180949571     
   67627.094819819817        24.177216902984696     
   67627.139906906901        24.176821508720430     
   67627.184993993986        24.176909168666743     
   67627.230081081070        24.177499053333619     
   67627.275168168169        24.178610333231479     
   67627.320255255254        24.180262147128271     
   67627.365342342338        24.182456209146530     
   67627.410429429423        24.185147965729612     
   67627.455516516507        24.188285269617960     
   67627.500603603607        24.191815858319700     
   67627.545690690691        24.195684835473557     
   67627.590777777776        24.199834679992556     
   67627.635864864860        24.204207757382502     
   67627.680951951945        24.208746433149209     
   67627.726039039029        24.213393072798496     
   67627.771126126128        24.218090041837684     
   67627.816213213213        24.222779705769540     
   67627.861300300297        24.227404430101384     
   67627.906387387382        24.231906580339032     
   67627.951474474467        24.236228521988295     
   67627.996561561551        24.240312926651615     
   67628.041648648650        24.244881340211933     
   67628.086735735735        24.253058706917678     
   67628.131822822819        24.264110872241705     
   67628.176909909904        24.270032470043525     
   67628.221996996988        24.270135366252720     
   67628.267084084073        24.271592385439398     
   67628.312171171172        24.274394032086864     
   67628.357258258256        24.278446848866928     
   67628.402345345341        24.283657378453924     
   67628.447432432426        24.289932163521502     
   67628.492519519510        24.297177746743301     
   67628.537606606609        24.305300670795724     
   67628.582693693694        24.314207478347139     
   67628.627780780778        24.323804712073677     
   67628.672867867863        24.333998914648987     
   67628.717954954947        24.344696628746711     
   67628.763042042032        24.355804397040494     
   67628.808129129131        24.367228762207702     
   67628.853216216216        24.378876266914588     
   67628.898303303300        24.390653453838432     
   67628.943390390385        24.402466865652876     
   67628.988477477469        24.414223045031573     
   67629.033564564554        24.425828534648158     
   67629.078651651653        24.437189877179900     
   67629.123738738737        24.448222203250857     
   67629.168825825822        24.458915815579847     
   67629.213912912906        24.469299903418744     
   67629.258999999991        24.479403982833908     
   67629.304087087090        24.489257569894868     
   67629.349174174175        24.498890180661640     
   67629.394261261259        24.508331331203824     
   67629.439348348344        24.517610537587792     
   67629.484435435428        24.526757315879916     
   67629.529522522513        24.535801182146582     
   67629.574609609612        24.544771652457047     
   67629.619696696696        24.553697663598445     
   67629.664783783781        24.562587469885280     
   67629.709870870865        24.571423475142876     
   67629.754957957950        24.580186454176548     
   67629.800045045034        24.588857181791603     
   67629.845132132134        24.597416432796106     
   67629.890219219218        24.605844981989826     
   67629.935306306303        24.614123604180868     
   67629.980393393387        24.622233074174538     
   67630.025480480472        24.630154166776151     
   67630.070567567556        24.637867656791016     
   67630.115654654655        24.645354319026829     
   67630.160741741740        24.652594928284060     
   67630.205828828824        24.659570259370479     
   67630.250915915909        24.666261087091392     
   67630.296003002994        24.672648186252122     
   67630.341090090093        24.678712331659870     
   67630.386177177177        24.684437334559316     
   67630.431264264262        24.689830930657010     
   67630.476351351346        24.694912187877360     
   67630.521438438431        24.699700242032506     
   67630.566525525515        24.704214228934582     
   67630.611612612614        24.708473284397051     
   67630.656699699699        24.712496544229321     
   67630.701786786783        24.716303144244936     
   67630.746873873868        24.719912220256031     
   67630.791960960953        24.723337273191852     
   67630.837048048037        24.726567510017514     
   67630.882135135136        24.729585591989597     
   67630.927222222221        24.732374180267087     
   67630.972309309305        24.734915936011909     
   67631.017396396390        24.737193520385006     
   67631.062483483474        24.739189594547302     
   67631.107570570573        24.740887083498340     
   67631.152657657658        24.742273868598925     
   67631.197744744743        24.743342238774343     
   67631.242831831827        24.744084636553367     
   67631.287918918912        24.744493504464746     
   67631.333006005996        24.744561285037236     
   67631.378093093095        24.744280420799448     
   67631.423180180180        24.743643354280312     
   67631.468267267264        24.742642528008560     
   67631.513354354349        24.741270384512941     
   67631.558441441433        24.739519992430790     
   67631.603528528518        24.737457427007978     
   67631.648615615617        24.735289096326721     
   67631.693702702702        24.733237330339691     
   67631.738789789786        24.731524458997377     
   67631.783876876871        24.730372812250998     
   67631.828963963955        24.730004216946000     
   67631.874051051040        24.730126793485546     
   67631.919138138139        24.729101946749481     
   67631.964225225223        24.726469386427844     
   67632.009312312308        24.722642490206908     
   67632.054399399392        24.718046802138243     
   67632.099486486477        24.713107866273411     
   67632.144573573576        24.708246586207800     
   67632.189660660661        24.703663461106895     
   67632.234747747745        24.699247203126305     
   67632.279834834830        24.694892688784076     
   67632.324921921914        24.690566764885119     
   67632.370009008999        24.686246929127059     
   67632.415096096098        24.681910679206112     
   67632.460183183182        24.677535512822701     
   67632.505270270267        24.673098927673056     
   67632.550357357351        24.668578421454800     
   67632.595444444436        24.663951491865561     
   67632.640531531521        24.659195668145326     
   67632.685618618620        24.654299109658933     
   67632.730705705704        24.649276005740830     
   67632.775792792789        24.644144456533205     
   67632.820879879873        24.638922562179786     
   67632.865966966958        24.633628422824287     
   67632.911054054057        24.628280138608726     
   67632.956141141141        24.622895809680273     
   67633.001228228226        24.617493536180955     
   67633.046315315310        24.612091418254494     
   67633.091402402395        24.606707556044622     
   67633.136489489480        24.601360049695067     
   67633.181576576579        24.596066999347869     
   67633.226663663663        24.590846505150168     
   67633.271750750748        24.585716667243986     
   67633.316837837832        24.580695585773050     
   67633.361924924917        24.575801360881094     
   67633.407012012001        24.571052092711838     
   67633.452099099100        24.566465881407570     
   67633.497186186185        24.562060827114983     
   67633.542273273270        24.557854500574532     
   67633.587360360354        24.553853174043880     
   67633.632447447439        24.550052288439119     
   67633.677534534538        24.546446848754211     
   67633.722621621622        24.543031859986598     
   67633.767708708707        24.539802327130175     
   67633.812795795791        24.536753255180059     
   67633.857882882876        24.533879649131343     
   67633.902969969960        24.531176513979133     
   67633.948057057059        24.528638854717737     
   67633.993144144144        24.526261676343896     
   67634.038231231229        24.524039983851871     
   67634.083318318313        24.521968782236758     
   67634.128405405398        24.520043076493664     
   67634.173492492482        24.518257871617692     
   67634.218579579581        24.516608172603434     
   67634.263666666666        24.515088984447054     
   67634.308753753750        24.513695312143106     
   67634.353840840835        24.512422160686686     
   67634.398927927919        24.511264535072900     
   67634.444015015004        24.510217440296852     
   67634.489102102103        24.509280732492044     
   67634.534189189188        24.508492698376791     
   67634.579276276272        24.507909912387120     
   67634.624363363357        24.507589060616503     
   67634.669450450441        24.507586829158427     
   67634.714537537540        24.507959904106567     
   67634.759624624625        24.508764971554179     
   67634.804711711709        24.510058716628848     
   67634.849798798794        24.511878087189196     
   67634.894885885878        24.514189567888984     
   67634.939972972963        24.516943925367300     
   67634.985060060062        24.520091926264310     
   67635.030147147147        24.523584337217063     
   67635.075234234231        24.527371924865601     
   67635.120321321316        24.531405455849018     
   67635.165408408400        24.535635696806409     
   67635.210495495485        24.540013414376865     
   67635.255582582584        24.544489375200939     
   67635.300669669668        24.549014345914809     
   67635.345756756753        24.553539093159003     
   67635.390843843838        24.558014383572619     
   67635.435930930922        24.562390983794749     
   67635.481018018021        24.566619660465811     
   67635.526105105106        24.570651180222164     
   67635.571192192190        24.574436309704289     
   67635.616279279275        24.577925815551275     
   67635.661366366359        24.581070464402217     
   67635.706453453444        24.583821022896210     
   67635.751540540543        24.586128257673010     
   67635.796627627627        24.587942935370204     
   67635.841714714712        24.589215822627715     
   67635.886801801797        24.589897686084623     
   67635.931888888881        24.589990297733411     
   67635.976975975966        24.590344314814299     
   67636.022063063065        24.591456368298623     
   67636.067150150149        24.593272165222473     
   67636.112237237234        24.595734572047515     
   67636.157324324318        24.598786455235157     
   67636.202411411403        24.602370681246814     
   67636.247498498487        24.606430116543905     
   67636.292585585586        24.610907627589349     
   67636.337672672671        24.615746080841657     
   67636.382759759756        24.620888342763635     
   67636.427846846840        24.626277279816684     
   67636.472933933925        24.631855758462230     
   67636.518021021024        24.637566645163542     
   67636.563108108108        24.643352806378338     
   67636.608195195193        24.649157108569852     
   67636.653282282277        24.654922418199511     
   67636.698369369362        24.660591601728726     
   67636.743456456446        24.666107525618905     
   67636.788543543546        24.671413056333151     
   67636.833630630630        24.676451060329427     
   67636.878717717715        24.681164404070906     
   67636.923804804799        24.685495954019000     
   67636.968891891884        24.689388576635125     
   67637.013978978968        24.692785138380700     
   67637.059066066067        24.695628505717959     
   67637.104153153152        24.697861545106473     
   67637.149240240236        24.699427123008661     
   67637.194327327321        24.700272374895377     
   67637.239414414405        24.700485397971747     
   67637.284501501505        24.700324128108932     
   67637.329588588589        24.700056608524410     
   67637.374675675674        24.699930445001250     
   67637.419762762758        24.699999527259187     
   67637.464849849843        24.700210866811197     
   67637.509936936927        24.700510355175034     
   67637.555024024026        24.700843883868597     
   67637.600111111111        24.701157344409413     
   67637.645198198195        24.701396628315361     
   67637.690285285280        24.701507627104213     
   67637.735372372365        24.701436232293737     
   67637.780459459449        24.701128335401712     
   67637.825546546548        24.700529827945651     
   67637.870633633633        24.699587210862777     
   67637.915720720717        24.698271970966381     
   67637.960807807802        24.696588822135734     
   67638.005894894886        24.694544778004982     
   67638.050981981971        24.692146852208282     
   67638.096069069070        24.689402058378835     
   67638.141156156154        24.686317410152569     
   67638.186243243239        24.682899921162804     
   67638.231330330324        24.679156605043687     
   67638.276417417408        24.675094475429361     
   67638.321504504507        24.670720545952527     
   67638.366591591592        24.666041830250155     
   67638.411678678676        24.661065341955027     
   67638.456765765761        24.655798514331778     
   67638.501852852845        24.650251949987748     
   67638.546939939930        24.644437699095509     
   67638.592027027029        24.638367819254050     
   67638.637114114114        24.632054368068289     
   67638.682201201198        24.625509403137308     
   67638.727288288283        24.618744982062097     
   67638.772375375367        24.611773162443651     
   67638.817462462452        24.604606001882971     
   67638.862549549551        24.597255557978642     
   67638.907636636635        24.589733888336418     
   67638.952723723720        24.582053050554940     
   67638.997810810804        24.574225102235211     
   67639.042897897889        24.566262100978228     
   67639.087984984988        24.558176104382348     
   67639.133072072073        24.549979170053792     
   67639.178159159157        24.541683355590969     
   67639.223246246242        24.533300718594873     
   67639.268333333326        24.524843316666498     
   67639.313420420411        24.516323110040290     
   67639.358507507510        24.507748880086833     
   67639.403594594594        24.499125598775663     
   67639.448681681679        24.490458013295939     
   67639.493768768763        24.481750870839591     
   67639.538855855848        24.473008918598563     
   67639.583942942932        24.464236903764778     
   67639.629030030032        24.455439573527322     
   67639.674117117116        24.446621675083811     
   67639.719204204201        24.437787955623342     
   67639.764291291285        24.428943162337845     
   67639.809378378370        24.420092042419249     
   67639.854465465454        24.411239343059492     
   67639.899552552553        24.402389811447645     
   67639.944639639638        24.393548194781353     
   67639.989726726722        24.384719240249694     
   67640.034813813807        24.375907695044603     
   67640.079900900892        24.367118306358002     
   67640.124987987991        24.358355821379003     
   67640.170075075075        24.349624987305198     
   67640.215162162160        24.340930551325688     
   67640.260249249244        24.332281369502613     
   67640.305336336329        24.323709023172004     
   67640.350423423413        24.315252906668761     
   67640.395510510512        24.306952421460288     
   67640.440597597597        24.298846969022016     
   67640.485684684681        24.290975950821284     
   67640.530771771766        24.283378768328163     
   67640.575858858851        24.276094823012691     
   67640.620945945935        24.269163516344939     
   67640.666033033034        24.262624249792914     
   67640.711120120119        24.256508634884256     
   67640.756207207203        24.250721616097358     
   67640.801294294288        24.245065187354999     
   67640.846381381372        24.239338359927611     
   67640.891468468471        24.233340145083606     
   67640.936555555556        24.226869554097227     
   67640.981642642641        24.219725621337229     
   67641.026729729725        24.212239110950136     
   67641.071816816810        24.206484755050280     
   67641.116903903894        24.203031974352410     
   67641.161990990993        24.201185373549812     
   67641.207078078078        24.200227656489893     
   67641.252165165162        24.199482047810012     
   67641.297252252247        24.198703198450129     
   67641.342339339331        24.197906368897335     
   67641.387426426416        24.197110431800610     
   67641.432513513515        24.196334259808676     
   67641.477600600600        24.195596725571026     
   67641.522687687684        24.194916701736386     
   67641.567774774769        24.194313060953725     
   67641.612861861853        24.193804675872030     
   67641.657948948952        24.193410419140168     
   67641.703036036037        24.193149163407384     
   67641.748123123121        24.193039781322494     
   67641.793210210206        24.193101145534492     
   67641.838297297290        24.193352128692347     
   67641.883384384375        24.193811603445042     
   67641.928471471474        24.194498442441816     
   67641.973558558559        24.195431518331208     
   67642.018645645643        24.196629703762376     
   67642.063732732728        24.198111871384302     
   67642.108819819812        24.199896893845970     
   67642.153906906897        24.202003643796346     
   67642.198993993996        24.204450993885267     
   67642.244081081080        24.207257816760126     
   67642.289168168165        24.210442985070642     
   67642.334255255249        24.214025371465791     
   67642.379342342334        24.218023848594555     
   67642.424429429419        24.222456868914211     
   67642.469516516518        24.227334883507414     
   67642.514603603602        24.232661169599041     
   67642.559690690687        24.238438750350188     
   67642.604777777771        24.244670648920437     
   67642.649864864856        24.251359888469381     
   67642.694951951955        24.258509492158986     
   67642.740039039039        24.266081798500487     
   67642.785126126124        24.273748418031570     
   67642.830213213208        24.281300706642941     
   67642.875300300293        24.288790676736767     
   67642.920387387378        24.296282201743416     
   67642.965474474477        24.303839155095723     
   67643.010561561561        24.311525410219215     
   67643.055648648646        24.319404840546689     
   67643.100735735730        24.327530005051941     
   67643.145822822815        24.335896858773150     
   67643.190909909899        24.344483692134695     
   67643.235996996998        24.353268789705549     
   67643.281084084083        24.362230436046154     
   67643.326171171168        24.371346915725418     
   67643.371258258252        24.380596513309460     
   67643.416345345337        24.389957513364379     
   67643.461432432436        24.399408200459362     
   67643.506519519520        24.408926859154406     
   67643.551606606605        24.418491774018658     
   67643.596693693689        24.428081229618229     
   67643.641780780774        24.437673510519236     
   67643.686867867858        24.447246901287784     
   67643.731954954957        24.456779686493050     
   67643.777042042042        24.466250150694993     
   67643.822129129127        24.475637515050732     
   67643.867216216211        24.484934920645696     
   67643.912303303296        24.494146176181587     
   67643.957390390380        24.503275362011440     
   67644.002477477479        24.512326558491196     
   67644.047564564564        24.521303845968045     
   67644.092651651648        24.530211304797959     
   67644.137738738733        24.539053015333973     
   67644.182825825817        24.547833057929122     
   67644.227912912902        24.556555177371209     
   67644.273000000001        24.565220218787260     
   67644.318087087086        24.573827361151196     
   67644.363174174170        24.582370283527766     
   67644.408261261255        24.590836338156265     
   67644.453348348339        24.599212526449168     
   67644.498435435438        24.607485849821600     
   67644.543522522523        24.615643309680685     
   67644.588609609607        24.623671907441583     
   67644.633696696692        24.631558644516772     
   67644.678783783776        24.639290522318721     
   67644.723870870861        24.646854542259902     
   67644.768957957960        24.654237705755143     
   67644.814045045045        24.661427014212144     
   67644.859132132129        24.668409469045791     
   67644.904219219214        24.675172071668555     
   67644.949306306298        24.681701823492919     
   67644.994393393383        24.687985725931341     
   67645.039480480482        24.694010780398202     
   67645.084567567566        24.699763988302077     
   67645.129654654651        24.705232351057433     
   67645.174741741735        24.710402870076734     
   67645.219828828820        24.715262546772461     
   67645.264915915919        24.719798382558494     
   67645.310003003004        24.723999801199987     
   67645.355090090088        24.727867359056926     
   67645.400177177173        24.731404808597496     
   67645.445264264257        24.734615902565633     
   67645.490351351342        24.737504393705269     
   67645.535438438441        24.740074034761108     
   67645.580525525525        24.742328578475419     
   67645.625612612610        24.744271777593021     
   67645.670699699695        24.745907384857833     
   67645.715786786779        24.747239153013787     
   67645.760873873864        24.748270834804821     
   67645.805960960963        24.749006182975045     
   67645.851048048047        24.749448950267915     
   67645.896135135132        24.749602889427653     
   67645.941222222216        24.749471753198179     
   67645.986309309301        24.749059294323430     
   67646.031396396385        24.748369265547328     
   67646.076483483484        24.747405419613454     
   67646.121570570569        24.746171509266361     
   67646.166657657654        24.744671287249705     
   67646.211744744738        24.742908506307423     
   67646.256831831823        24.740886919183435     
   67646.301918918922        24.738605721328938     
   67646.347006006006        24.735995112526155     
   67646.392093093091        24.732931764759073     
   67646.437180180175        24.729291204750147     
   67646.482267267260        24.725018575458272     
   67646.527354354344        24.720222676519796     
   67646.572441441444        24.715035803341241     
   67646.617528528528        24.709590251334237     
   67646.662615615613        24.704018315905415     
   67646.707702702697        24.698452292463031     
   67646.752789789782        24.693024476415331     
   67646.797876876866        24.687867163170566     
   67646.842963963965        24.683112648135534     
   67646.888051051050        24.678893226721584     
   67646.933138138134        24.675341194335360     
   67646.978225225219        24.672588846385114     
   67647.023312312303        24.670768478279097     
   67647.068399399403        24.670012385425494     
   67647.113486486487        24.669717911417973     
   67647.158573573572        24.667120984349136     
   67647.203660660656        24.662581192837202     
   67647.248747747741        24.656936010569527     
   67647.293834834825        24.650732001714172     
   67647.338921921924        24.644244403681903     
   67647.384009009009        24.637738083405104     
   67647.429096096093        24.631477907809824     
   67647.474183183178        24.625728743824180     
   67647.519270270262        24.620755458376301     
   67647.564357357347        24.616747501624580     
   67647.609444444446        24.613385358935645     
   67647.654531531531        24.610139052344429     
   67647.699618618615        24.606477935796573     
   67647.744705705700        24.601871363238889     
   67647.789792792784        24.595874662490708     
   67647.834879879883        24.589064252070258     
   67647.879966966968        24.582685744118731     
   67647.925054054052        24.577949620338934     
   67647.970141141137        24.574933968523947     
   67648.015228228222        24.572551951993347     
   67648.060315315306        24.569663464776699     
   67648.105402402405        24.565128400901699     
   67648.150489489490        24.557822491773074     
   67648.195576576574        24.548445401497709     
   67648.240663663659        24.539966837556619     
   67648.285750750743        24.532742326583477     
   67648.330837837828        24.526676555618614     
   67648.375924924927        24.521674211700919     
   67648.421012012011        24.517639981873923     
   67648.466099099096        24.514478553176186     
   67648.511186186181        24.512094612648049     
   67648.556273273265        24.510392847329832     
   67648.601360360350        24.509277944261882     
   67648.646447447449        24.508654590484404     
   67648.691534534533        24.508427473038104     
   67648.736621621618        24.508501278963045     
   67648.781708708702        24.508780695299563     
   67648.826795795787        24.509170409087989     
   67648.871882882886        24.509575107368789     
   67648.916969969971        24.509899477182007     
   67648.962057057055        24.510052798565624     
   67649.007144144140        24.510044548309182     
   67649.052231231224        24.509981466650359     
   67649.097318318309        24.509974300001250     
   67649.142405405408        24.510127338361382     
   67649.187492492492        24.510477407506883     
   67649.232579579577        24.511021160955263     
   67649.277666666661        24.511754718401974     
   67649.322753753746        24.512674199542463     
   67649.367840840830        24.513775724072168     
   67649.412927927930        24.515055411686976     
   67649.458015015014        24.516509382081512     
   67649.503102102099        24.518133754951599     
   67649.548189189183        24.519924649992689     
   67649.593276276268        24.521878274918851     
   67649.638363363367        24.523991234646132     
   67649.683450450451        24.526260246080000     
   67649.728537537536        24.528682026134391     
   67649.773624624620        24.531253291722599     
   67649.818711711705        24.533970759757899     
   67649.863798798790        24.536831147153592     
   67649.908885885889        24.539831170823934     
   67649.953972972973        24.542967547680291     
   67649.999060060058        24.546236994636878     
   67650.044147147142        24.549636228606992     
   67650.089234234227        24.553161966503914     
   67650.134321321311        24.556810925240931     
   67650.179408408410        24.560579821732567     
   67650.224495495495        24.564465372889664     
   67650.269582582579        24.568464295626711     
   67650.314669669664        24.572573306856992     
   67650.359756756749        24.576789123493793     
   67650.404843843833        24.581108462450398     
   67650.449930930932        24.585528040641535     
   67650.495018018017        24.590044574977636     
   67650.540105105101        24.594654782373397     
   67650.585192192186        24.599355379742100     
   67650.630279279270        24.604143083997034     
   67650.675366366369        24.609014612053073     
   67650.720453453454        24.613966680820347     
   67650.765540540538        24.618996007213710     
   67650.810627627623        24.624099308146437     
   67650.855714714708        24.629273300531821     
   67650.900801801792        24.634511347939256     
   67650.945888888891        24.639786340111051     
   67650.990975975976        24.645063441435898     
   67651.036063063060        24.650307802054886     
   67651.081150150145        24.655484572107405     
   67651.126237237229        24.660558901732838     
   67651.171324324314        24.665495941070567     
   67651.216411411413        24.670260840261506     
   67651.261498498498        24.674818749441940     
   67651.306585585582        24.679134818752836     
   67651.351672672667        24.683174198333582     
   67651.396759759751        24.686902038323563     
   67651.441846846850        24.690283488863201     
   67651.486933933935        24.693283700089694     
   67651.532021021019        24.695867822143576     
   67651.577108108104        24.698001005164240     
   67651.622195195188        24.699648399291075     
   67651.667282282273        24.700775154663468     
   67651.712369369372        24.701346421420894     
   67651.757456456457        24.701327349702371     
   67651.802543543541        24.700683089647562     
   67651.847630630626        24.699391142847404     
   67651.892717717710        24.697873706353278     
   67651.937804804795        24.697110932641241     
   67651.982891891894        24.698118343805106     
   67652.027978978978        24.701857233932451     
   67652.073066066063        24.707165270689401     
   67652.118153153147        24.710118121592750     
   67652.163240240232        24.709647453305205     
   67652.208327327317        24.708843298593941     
   67652.253414414416        24.707874336616591     
   67652.298501501500        24.706733201040407     
   67652.343588588585        24.705412525531713     
   67652.388675675669        24.703904943757131     
   67652.433762762754        24.702203089383282     
   67652.478849849853        24.700299596076142     
   67652.523936936937        24.698187097503556     
   67652.569024024022        24.695858227331559     
   67652.614111111106        24.693305619226777     
   67652.659198198191        24.690521906855828     
   67652.704285285276        24.687499723885331     
   67652.749372372375        24.684231703980814     
   67652.794459459459        24.680710480811001     
   67652.839546546544        24.676928688041496     
   67652.884633633628        24.672878959338924     
   67652.929720720713        24.668553928369910     
   67652.974807807797        24.663946228801059     
   67653.019894894896        24.659048494297373     
   67653.064981981981        24.653853358528632     
   67653.110069069066        24.648353455159921     
   67653.155156156150        24.642541417857863     
   67653.200243243235        24.636409880289069     
   67653.245330330334        24.629951476123171     
   67653.290417417418        24.623172192746413     
   67653.335504504503        24.616130271232901     
   67653.380591591587        24.608896732078620     
   67653.425678678672        24.601542595779556     
   67653.470765765756        24.594138882831704     
   67653.515852852855        24.586754468928010     
   67653.560939939940        24.579391741149870     
   67653.606027027025        24.571975385298572     
   67653.651114114109        24.564425682759548     
   67653.696201201194        24.556664233507949     
   67653.741288288278        24.548656853459107     
   67653.786375375377        24.540423024372977     
   67653.831462462462        24.531985458843689     
   67653.876549549546        24.523366869457398     
   67653.921636636631        24.514589968802916     
   67653.966723723715        24.505677469469028     
   67654.011810810814        24.496652084041607     
   67654.056897897899        24.487536525115274     
   67654.101984984984        24.478353505275937     
   67654.147072072068        24.469125737112382     
   67654.192159159153        24.459875933213414     
   67654.237246246237        24.450626806167818     
   67654.282333333336        24.441401068561426     
   67654.327420420421        24.432221432988985     
   67654.372507507505        24.423110612036318     
   67654.417594594590        24.414089724021917     
   67654.462681681674        24.405160645058540     
   67654.507768768759        24.396312491855667     
   67654.552855855858        24.387534152408101     
   67654.597942942943        24.378814514719139     
   67654.643030030027        24.370142466783566     
   67654.688117117112        24.361506896599021     
   67654.733204204196        24.352899108875320     
   67654.778291291281        24.344326893810624     
   67654.823378378380        24.335804924548867     
   67654.868465465464        24.327347897230371     
   67654.913552552549        24.318970507987196     
   67654.958639639633        24.310687452954163     
   67655.003726726718        24.302513428266082     
   67655.048813813817        24.294463130055199     
   67655.093900900902        24.286551254461532     
   67655.138987987986        24.278792497617282     
   67655.184075075071        24.271201555657271     
   67655.229162162155        24.263793124716308     
   67655.274249249240        24.256581900929220     
   67655.319336336339        24.249582580428594     
   67655.364423423423        24.242809859353780     
   67655.409510510508        24.236278433837295     
   67655.454597597593        24.230003000013962     
   67655.499684684677        24.223998254018596     
   67655.544771771762        24.218278891986017     
   67655.589858858861        24.212859610049339     
   67655.634945945945        24.207755104346891     
   67655.680033033030        24.202980071011687     
   67655.725120120114        24.198549206178555     
   67655.770207207199        24.194477205982299     
   67655.815294294298        24.190778766556612     
   67655.860381381382        24.187468584038704     
   67655.905468468467        24.184561354562142     
   67655.950555555552        24.182071774261740     
   67655.995642642636        24.180014539272314     
   67656.040729729721        24.178399417607668     
   67656.085816816820        24.177215990442978     
   67656.130903903904        24.176448670816583     
   67656.175990990989        24.176081871763113     
   67656.221078078073        24.176100006317647     
   67656.266165165158        24.176487487515253     
   67656.311252252242        24.177228728391007     
   67656.356339339342        24.178308141980388     
   67656.401426426426        24.179710141317763     
   67656.446513513511        24.181419139438511     
   67656.491600600595        24.183419549377696     
   67656.536687687680        24.185695784170402     
   67656.581774774764        24.188232256851698     
   67656.626861861863        24.191013380457598     
   67656.671948948948        24.194023568021375     
   67656.717036036032        24.197247232578960     
   67656.762123123117        24.200668787165434     
   67656.807210210201        24.204272644815866     
   67656.852297297301        24.208043218566580     
   67656.897384384385        24.211965562045805     
   67656.942471471470        24.216039709711893     
   67656.987558558554        24.220280815441516     
   67657.032645645639        24.224704701426276     
   67657.077732732723        24.229327189857791     
   67657.122819819822        24.234164102929277     
   67657.167906906907        24.239231262829225     
   67657.212993993991        24.244544491750776     
   67657.258081081076        24.250119611885545     
   67657.303168168160        24.255972445425140     
   67657.348255255245        24.262118814561180     
   67657.393342342344        24.268574541487414     
   67657.438429429429        24.275355448391291     
   67657.483516516513        24.282477357466462     
   67657.528603603598        24.289956090904532     
   67657.573690690682        24.297807470897126     
   67657.618777777781        24.306047319638573     
   67657.663864864866        24.314691459315174     
   67657.708951951950        24.323755712121145     
   67657.754039039035        24.333255900248091     
   67657.799126126120        24.343207845887630     
   67657.844213213204        24.353627371231376     
   67657.889300300303        24.364530298474541     
   67657.934387387388        24.375932449801709     
   67657.979474474472        24.387824069234174     
   67658.024561561557        24.399883641062676     
   67658.069648648641        24.411670435689171     
   67658.114735735726        24.423106395183957     
   67658.159822822825        24.434207791732192     
   67658.204909909909        24.444990897592582     
   67658.249996996994        24.455471985034642     
   67658.295084084079        24.465667326324258     
   67658.340171171163        24.475593193727303     
   67658.385258258248        24.485265859509653     
   67658.430345345347        24.494701595940192     
   67658.475432432431        24.503916675278720     
   67658.520519519516        24.512927369794191     
   67658.565606606600        24.521749951752490     
   67658.610693693685        24.530400693419487     
   67658.655780780784        24.538895867063786     
   67658.700867867869        24.547251744945775     
   67658.745954954953        24.555484599334108     
   67658.791042042038        24.563610702494660     
   67658.836129129122        24.571646326693305     
   67658.881216216207        24.579607744195926     
   67658.926303303306        24.587511227270941     
   67658.971390390390        24.595373048179134     
   67659.016477477475        24.603209320773981     
   67659.061564564559        24.611030343254392     
   67659.106651651644        24.618839051583990     
   67659.151738738728        24.626637908592933     
   67659.196825825828        24.634429377113904     
   67659.241912912912        24.642215919972031     
   67659.286999999997        24.649999999999999     
