   44455.230000000003        26.090000000000000     
   44455.316649649656        26.081977807235912     
   44455.403299299302        26.073961053945432     
   44455.489948948954        26.065955179600152     
   44455.576598598600        26.057965623674352     
   44455.663248248253        26.049997825639629     
   44455.749897897898        26.042057224970247     
   44455.836547547551        26.034149261137820     
   44455.923197197204        26.026279373615949     
   44456.009846846850        26.018453001878225     
   44456.096496496502        26.010675585396267     
   44456.183146146148        26.002952563644314     
   44456.269795795801        25.995289376094018     
   44456.356445445446        25.987691462219590     
   44456.443095095099        25.980164261492696     
   44456.529744744745        25.972713213387532     
   44456.616394394398        25.965343757375788     
   44456.703044044050        25.958061332931024     
   44456.789693693696        25.950871379526777     
   44456.876343343349        25.943779336634780     
   44456.962992992994        25.936790643729154     
   44457.049642642647        25.929910740281670     
   44457.136292292293        25.923145065766413     
   44457.222941941945        25.916499059655180     
   44457.309591591598        25.909978161421485     
   44457.396241241244        25.903587810538792     
   44457.482890890897        25.897333446478967     
   44457.569540540542        25.891220508715996     
   44457.656190190195        25.885254436721791     
   44457.742839839841        25.879440669970290     
   44457.829489489493        25.873784647933444     
   44457.916139139139        25.868291810085143     
   44458.002788788792        25.862967595897405     
   44458.089438438445        25.857817444843633     
   44458.176088088090        25.852846796397170     
   44458.262737737743        25.848061090030122     
   44458.349387387389        25.843465765216219     
   44458.436037037041        25.839066261427636     
   44458.522686686687        25.834868018138046     
   44458.609336336340        25.830876474819675     
   44458.695985985993        25.827096338131661     
   44458.782635635638        25.823526404654125     
   44458.869285285291        25.820162615536358     
   44458.955934934937        25.817000893392002     
   44459.042584584589        25.814037160833593     
   44459.129234234235        25.811267340474700     
   44459.215883883888        25.808687354927926     
   44459.302533533533        25.806293126806786     
   44459.389183183186        25.804080578723941     
   44459.475832832839        25.802045633292664     
   44459.562482482484        25.800184213126187     
   44459.649132132137        25.798492240837266     
   44459.735781781783        25.796965639039250     
   44459.822431431436        25.795600330344961     
   44459.909081081081        25.794392237367688     
   44459.995730730734        25.793337282720316     
   44460.082380380387        25.792431389016009     
   44460.169030030032        25.791670478867907     
   44460.255679679685        25.791050474888937     
   44460.342329329331        25.790567299692295     
   44460.428978978984        25.790216875890955     
   44460.515628628629        25.789995126795283     
   44460.602278278282        25.789925289506265     
   44460.688927927928        25.790128031576835     
   44460.775577577580        25.790668790023538     
   44460.862227227233        25.791518407461162     
   44460.948876876879        25.792642038844892     
   44461.035526526532        25.794004839130199     
   44461.122176176177        25.795571963272149     
   44461.208825825830        25.797308566226292     
   44461.295475475476        25.799179802947624     
   44461.382125125128        25.801150828391755     
   44461.468774774781        25.803186797513817     
   44461.555424424427        25.805252865268912     
   44461.642074074080        25.807314186612690     
   44461.728723723725        25.809335916500086     
   44461.815373373378        25.811283209886732     
   44461.902023023024        25.813121221727584     
   44461.988672672676        25.814815106978251     
   44462.075322322322        25.816330020593739     
   44462.161971971975        25.817631117529579     
   44462.248621621628        25.818683552740932     
   44462.335271271273        25.819452481183028     
   44462.421920920926        25.819903057811285     
   44462.508570570571        25.820005766744394     
   44462.595220220224        25.819866151642259     
   44462.681869869870        25.819732141354478     
   44462.768519519523        25.819858460305330     
   44462.855169169175        25.820485049489044     
   44462.941818818821        25.821682859276152     
   44463.028468468474        25.823415159814289     
   44463.115118118119        25.825643486094435     
   44463.201767767772        25.828329373108240     
   44463.288417417418        25.831434355846525     
   44463.375067067071        25.834919969301090     
   44463.461716716716        25.838747748462616     
   44463.548366366369        25.842879228323024     
   44463.635016016022        25.847275943873274     
   44463.721665665667        25.851899430104236     
   44463.808315315320        25.856711222007963     
   44463.894964964966        25.861671162454474     
   44463.981614614619        25.866638253335694     
   44464.068264264264        25.871317172646464     
   44464.154913913917        25.875530772844570     
   44464.241563563570        25.879330013841216     
   44464.328213213215        25.882788609723569     
   44464.414862862868        25.885980274579641     
   44464.501512512514        25.888978722496329     
   44464.588162162167        25.891857667561567     
   44464.674811811812        25.894690823862309     
   44464.761461461465        25.897551905486459     
   44464.848111111110        25.900514626520962     
   44464.934760760763        25.903652701053758     
   44465.021410410416        25.907039843172043     
   44465.108060060062        25.910749766962930     
   44465.194709709715        25.914856186514484     
   44465.281359359360        25.919432815913432     
   44465.368009009013        25.924553369247988     
   44465.454658658658        25.930291560604719     
   44465.541308308311        25.936721104072017     
   44465.627957957964        25.943903122939233     
   44465.714607607610        25.951646637804167     
   44465.801257257262        25.959527785001480     
   44465.887906906908        25.967113961328586     
   44465.974556556561        25.973972563585452     
   44466.061206206206        25.979670988569669     
   44466.147855855859        25.984035318493810     
   44466.234505505505        25.988156877636960     
   44466.321155155158        25.993434578798166     
   44466.407804804810        26.000151287811594     
   44466.494454454456        26.007760571288497     
   44466.581104104109        26.015726207665846     
   44466.667753753754        26.023803118031168     
   44466.754403403407        26.031910382756202     
   44466.841053053053        26.039968927330829     
   44466.927702702706        26.047899677247635     
   44467.014352352358        26.055633757843985     
   44467.101002002004        26.063196888184862     
   44467.187651651657        26.070666074015165     
   44467.274301301302        26.078118828327259     
   44467.360950950955        26.085632664116012     
   44467.447600600601        26.093285094373769     
   44467.534250250254        26.101153632095439     
   44467.620899899899        26.109315790273310     
   44467.707549549552        26.117828057792646     
   44467.794199199205        26.126639289468542     
   44467.880848848850        26.135663987523589     
   44467.967498498503        26.144818864071659     
   44468.054148148149        26.154066243651773     
   44468.140797797801        26.163411173368633     
   44468.227447447447        26.172860346411895     
   44468.314097097100        26.182420455974381     
   44468.400746746753        26.192098195246544     
   44468.487396396398        26.201900257418778     
   44468.574046046051        26.211833335683970     
   44468.660695695697        26.221904123231681     
   44468.747345345349        26.232119313254831     
   44468.833994994995        26.242485598942949     
   44468.920644644648        26.253009601351529     
   44469.007294294293        26.263691586354426     
   44469.093943943946        26.274520583594256     
   44469.180593593599        26.285484473834355     
   44469.267243243245        26.296571137838015     
   44469.353892892897        26.307768456371331     
   44469.440542542543        26.319064310196651     
   44469.527192192196        26.330446580080107     
   44469.613841841841        26.341903146784013     
   44469.700491491494        26.353421891074525     
   44469.787141141147        26.364990693714908     
   44469.873790790793        26.376597435468419     
   44469.960440440445        26.388229997101242     
   44470.047090090091        26.399876259375645     
   44470.133739739744        26.411524103057818     
   44470.220389389389        26.423161408910037     
   44470.307039039042        26.434776057698485     
   44470.393688688688        26.446355930185440     
   44470.480338338341        26.457888907137082     
   44470.566987987993        26.469362869316658     
   44470.653637637639        26.480765697487449     
   44470.740287287292        26.492085272415601     
   44470.826936936937        26.503309474863439     
   44470.913586586590        26.514426185597078     
   44471.000236236236        26.525423285378885     
   44471.086885885888        26.536288654974932     
   44471.173535535541        26.547010175148525     
   44471.260185185187        26.557575726663014     
   44471.346834834840        26.567973190284391     
   44471.433484484485        26.578190446775153     
   44471.520134134138        26.588271353912297     
   44471.606783783784        26.598646750919347     
   44471.693433433436        26.609910991579994     
   44471.780083083082        26.622656279511293     
   44471.866732732735        26.636874273188930     
   44471.953382382388        26.651205985826628     
   44472.040032032033        26.664108001781404     
   44472.126681681686        26.674036905413519     
   44472.213331331332        26.679449281079584     
   44472.299980980984        26.680615037335365     
   44472.386630630630        26.686111453274705     
   44472.473280280283        26.696054367803647     
   44472.559929929936        26.708928443299122     
   44472.646579579581        26.723218342137059     
   44472.733229229234        26.737408726697122     
   44472.819878878880        26.749984259354363     
   44472.906528528532        26.759841273030609     
   44472.993178178178        26.767529702645142     
   44473.079827827831        26.774005536484481     
   44473.166477477476        26.780105017531213     
   44473.253127127129        26.786439404544794     
   44473.339776776782        26.793084429470643     
   44473.426426426427        26.799989041831942     
   44473.513076076080        26.807102191153621     
   44473.599725725726        26.814372826958262     
   44473.686375375379        26.821749898770857     
   44473.773025025024        26.829182356113940     
   44473.859674674677        26.836619148512533     
   44473.946324324330        26.844009225489778     
   44474.032973973975        26.851301536568837     
   44474.119623623628        26.858445031274698     
   44474.206273273274        26.865388659129945     
   44474.292922922927        26.872081369659512     
   44474.379572572572        26.878472112386046     
   44474.466222222225        26.884436171116480     
   44474.552871871871        26.889213433124976     
   44474.639521521523        26.891907780094559     
   44474.726171171176        26.893112128202240     
   44474.812820820822        26.894127820171882     
   44474.899470470475        26.896260489395637     
   44474.986120120120        26.900815769264984     
   44475.072769769773        26.909099293172666     
   44475.159419419419        26.920835325648660     
   44475.246069069071        26.930008112265217     
   44475.332718718724        26.935679602676963     
   44475.419368368370        26.938448080436032     
   44475.506018018023        26.938911829095105     
   44475.592667667668        26.937669132206246     
   44475.679317317321        26.935318273321464     
   44475.765966966967        26.932457535993315     
   44475.852616616619        26.929684970172623     
   44475.939266266265        26.927419920301148     
   44476.025915915918        26.925584454511572     
   44476.112565565571        26.924014833872047     
   44476.199215215216        26.922547319450622     
   44476.285864864869        26.921018172314991     
   44476.372514514514        26.919265443477759     
   44476.459164164167        26.917197462650577     
   44476.545813813813        26.914814257950866     
   44476.632463463466        26.912122026651168     
   44476.719113113119        26.909126966024605     
   44476.805762762764        26.905835273344401     
   44476.892412412417        26.902253145882952     
   44476.979062062062        26.898386780913789     
   44477.065711711715        26.894242375709197     
   44477.152361361361        26.889826127542815     
   44477.239011011014        26.885144233686837     
   44477.325660660659        26.880202891414989     
   44477.412310310312        26.875008297999379     
   44477.498959959965        26.869566650713345     
   44477.585609609610        26.863884146830319     
   44477.672259259263        26.857966983622280     
   44477.758908908909        26.851821358363157     
   44477.845558558562        26.845451876203878     
   44477.932208208207        26.838847291627907     
   44478.018857857860        26.831987267989671     
   44478.105507507513        26.824851360832682     
   44478.192157157158        26.817419125700546     
   44478.278806806811        26.809670118134999     
   44478.365456456457        26.801583893680306     
   44478.452106106110        26.793143095813903     
   44478.538755755755        26.784352536306891     
   44478.625405405408        26.775226712749568     
   44478.712055055053        26.765780163312819     
   44478.798704704706        26.756027426164422     
   44478.885354354359        26.745983039474535     
   44478.972004004005        26.735661541413393     
   44479.058653653658        26.725077470148626     
   44479.145303303303        26.714245363851386     
   44479.231952952956        26.703179760689213     
   44479.318602602601        26.691895198833329     
   44479.405252252254        26.680406224568408     
   44479.491901901907        26.668727438058568     
   44479.578551551553        26.656873461414676     
   44479.665201201205        26.644858916808815     
   44479.751850850851        26.632698426417100     
   44479.838500500504        26.620406612411553     
   44479.925150150149        26.607998096968338     
   44480.011799799802        26.595487502259438     
   44480.098449449448        26.582889450461050     
   44480.185099099101        26.570218563745133     
   44480.271748748753        26.557489464286824     
   44480.358398398399        26.544716774261286     
   44480.445048048052        26.531915115840455     
   44480.531697697697        26.519098223217124     
   44480.618347347350        26.506274236571553     
   44480.704996996996        26.493449123360712     
   44480.791646646649        26.480628846217254     
   44480.878296296301        26.467819367777050     
   44480.964945945947        26.455026650675975     
   44481.051595595600        26.442256657546686     
   44481.138245245245        26.429515351026126     
   44481.224894894898        26.416808693746955     
   44481.311544544544        26.404142648346102     
   44481.398194194197        26.391523177456250     
   44481.484843843842        26.378956243714313     
   44481.571493493495        26.366447809752984     
   44481.658143143148        26.354003838208115     
   44481.744792792793        26.341630291715550     
   44481.831442442446        26.329333132908012     
   44481.918092092092        26.317118324422360     
   44482.004741741745        26.304991828891346     
   44482.091391391390        26.292959608951808     
   44482.178041041043        26.281027627236529     
   44482.264690690696        26.269201846381318     
   44482.351340340341        26.257488229021956     
   44482.437989989994        26.245892737791280     
   44482.524639639640        26.234421335326036     
   44482.611289289292        26.223079984259098     
   44482.697938938938        26.211857448050246     
   44482.784588588591        26.200580375765171     
   44482.871238238236        26.189037868901440     
   44482.957887887889        26.177258145166189     
   44483.044537537542        26.165339304177724     
   44483.131187187188        26.153379453503110     
   44483.217836836840        26.141476700706406     
   44483.304486486486        26.129729153355647     
   44483.391136136139        26.118234919014938     
   44483.477785785784        26.107092105252242     
   44483.564435435437        26.096398819631755     
   44483.651085085090        26.086253169720493     
   44483.737734734736        26.076753263085298     
   44483.824384384388        26.067997207290627     
   44483.911034034034        26.060083109904003     
   44483.997683683687        26.052939592627471     
   44484.084333333332        26.045826960884281     
   44484.170982982985        26.038352417335098     
   44484.257632632631        26.030550641395831     
   44484.344282282284        26.022468589438951     
   44484.430931931936        26.014153217838892     
   44484.517581581582        26.005651482970151     
   44484.604231231235        25.997010341205090     
   44484.690880880880        25.988276748918921     
   44484.777530530533        25.979497662483968     
   44484.864180180179        25.970720038275481     
   44484.950829829831        25.961990832665762     
   44485.037479479484        25.953357002029328     
   44485.124129129130        25.944865502740683     
   44485.210778778783        25.936563291172167     
   44485.297428428428        25.928497323698959     
   44485.384078078081        25.920714556693479     
   44485.470727727727        25.913261946530813     
   44485.557377377379        25.906186449583490     
   44485.644027027025        25.899535022226473     
   44485.730676676678        25.893354620832419     
   44485.817326326331        25.887690800691271     
   44485.903975975976        25.882540363777213     
   44485.990625625629        25.877839900262117     
   44486.077275275275        25.873522275477931     
   44486.163924924927        25.869520354755092     
   44486.250574574573        25.865767003425429     
   44486.337224224226        25.862195086819469     
   44486.423873873879        25.858737470268679     
   44486.510523523524        25.855327019104500     
   44486.597173173177        25.851896598657518     
   44486.683822822823        25.848379074259462     
   44486.770472472475        25.844707311240903     
   44486.857122122121        25.840814174933620     
   44486.943771771774        25.836632530668101     
   44487.030421421419        25.832095243776227     
   44487.117071071072        25.827157586365864     
   44487.203720720725        25.822159272112486     
   44487.290370370371        25.817743720392478     
   44487.377020020023        25.814180280871323     
   44487.463669669669        25.811387836683451     
   44487.550319319322        25.809272429714269     
   44487.636968968967        25.807740101850015     
   44487.723618618620        25.806696894976312     
   44487.810268268273        25.806048850979170     
   44487.896917917918        25.805702011744476     
   44487.983567567571        25.805562419158047     
   44488.070217217217        25.805536115105795     
   44488.156866866870        25.805529141473578     
   44488.243516516515        25.805447540147291     
   44488.330166166168        25.805197353012790     
   44488.416815815814        25.804684621956000     
   44488.503465465466        25.803815388862709     
   44488.590115115119        25.802495695618816     
   44488.676764764765        25.800631584110370     
   44488.763414414418        25.798161660525263     
   44488.850064064063        25.795337888564617     
   44488.936713713716        25.792587207479652     
   44489.023363363362        25.790338462987290     
   44489.110013013014        25.788969700740335     
   44489.196662662667        25.788493019632668     
   44489.283312312313        25.788760144184117     
   44489.369961961966        25.789622117322502     
   44489.456611611611        25.790929981975463     
   44489.543261261264        25.792534781071005     
   44489.629910910910        25.794287557536659     
   44489.716560560562        25.796039354300490     
   44489.803210210208        25.797641214289996     
   44489.889859859861        25.798944180433232     
   44489.976509509514        25.799799295657820     
   44490.063159159159        25.800076738737406     
   44490.149808808812        25.800007268022441     
   44490.236458458457        25.799999198692614     
   44490.323108108110        25.800312618126615     
   44490.409757757756        25.802814362262659     
   44490.496407407409        25.806795855478025     
   44490.583057057062        25.811209656116709     
   44490.669706706707        25.815203398657268     
   44490.756356356360        25.818276030180414     
   44490.843006006005        25.819963264340544     
   44490.929655655658        25.820118208761990     
   44491.016305305304        25.820049459382080     
   44491.102954954957        25.820928531610768     
   44491.189604604602        25.822686525100515     
   44491.276254254255        25.825086545068807     
   44491.362903903908        25.827891696732717     
   44491.449553553553        25.830865085309174     
   44491.536203203206        25.833769816015877     
   44491.622852852852        25.836368994069566     
   44491.709502502505        25.838425724687870     
   44491.796152152150        25.839703113087673     
   44491.882801801803        25.840001037176243     
   44491.969451451456        25.840304020393077     
   44492.056101101101        25.841299624228071     
   44492.142750750754        25.842939473527192     
   44492.229400400400        25.845174138971050     
   44492.316050050053        25.847954191240902     
   44492.402699699698        25.851230201017167     
   44492.489349349351        25.854952738981268     
   44492.575998998997        25.859072375813462     
   44492.662648648649        25.863539682195327     
   44492.749298298302        25.868305228807397     
   44492.835947947948        25.873319586330126     
   44492.922597597601        25.878533325445229     
   44493.009247247246        25.883897016832716     
   44493.095896896899        25.889361231174366     
   44493.182546546544        25.894876539150140     
   44493.269196196197        25.900393515010933     
   44493.355845845850        25.905874726669605     
   44493.442495495496        25.911321496127087     
   44493.529145145149        25.916742958337391     
   44493.615794794794        25.922148248252689     
   44493.702444444447        25.927546500826985     
   44493.789094094092        25.932946851012460     
   44493.875743743745        25.938358433763106     
   44493.962393393391        25.943790384031118     
   44494.049043043044        25.949251836770479     
   44494.135692692696        25.954751926933838     
   44494.222342342342        25.960299789473819     
   44494.308991991995        25.965904559344438     
   44494.395641641640        25.971575371497849     
   44494.482291291293        25.977321360888084     
   44494.568940940939        25.983151662467282     
   44494.655590590592        25.989075411189503     
   44494.742240240244        25.995101742007353     
   44494.828889889890        26.001239789873409     
   44494.915539539543        26.007498689741784     
   44495.002189189188        26.013887576564521     
   44495.088838838841        26.020415585295780     
   44495.175488488487        26.027091850887562     
   44495.262138138140        26.033925508294068     
   44495.348787787785        26.040925692467251     
   44495.435437437438        26.048101538361365     
   44495.522087087091        26.055461279816836     
   44495.608736736736        26.063005029806476     
   44495.695386386389        26.070728599146644     
   44495.782036036035        26.078627759329411     
   44495.868685685688        26.086698281849454     
   44495.955335335333        26.094935938198788     
   44496.041984984986        26.103336499872157     
   44496.128634634639        26.111895738362229     
   44496.215284284284        26.120609425161639     
   44496.301933933937        26.129473331765205     
   44496.388583583583        26.138483229664800     
   44496.475233233235        26.147634890355302     
   44496.561882882881        26.156924085328537     
   44496.648532532534        26.166346586079424     
   44496.735182182179        26.175898164099742     
   44496.821831831832        26.185574590884457     
   44496.908481481485        26.195371637926133     
   44496.995131131131        26.205285076717299     
   44497.081780780783        26.215310779107494     
   44497.168430430429        26.225446644654522     
   44497.255080080082        26.235692456079356     
   44497.341729729727        26.246048067494129     
   44497.428379379380        26.256513333014428     
   44497.515029029033        26.267088106753235     
   44497.601678678679        26.277772242823495     
   44497.688328328331        26.288565595340842     
   44497.774977977977        26.299468018417318     
   44497.861627627630        26.310479366168600     
   44497.948277277275        26.321599492706689     
   44498.034926926928        26.332828252147291     
   44498.121576576574        26.344165498602372     
   44498.208226226227        26.355611086187679     
   44498.294875875879        26.367164869016122     
   44498.381525525525        26.378826701200552     
   44498.468175175178        26.390596436856782     
   44498.554824824823        26.402473930096679     
   44498.641474474476        26.414459035036085     
   44498.728124124122        26.426551605786834     
   44498.814773773775        26.438751496464807     
   44498.901423423427        26.451058549806394     
   44498.988073073073        26.463449501980520     
   44499.074722722726        26.475829482485928     
   44499.161372372371        26.488089791497952     
   44499.248022022024        26.500134204512801     
   44499.334671671670        26.511947024595997     
   44499.421321321322        26.523544537542708     
   44499.507970970968        26.534943110231097     
   44499.594620620621        26.546159109543179     
   44499.681270270274        26.557208902358092     
   44499.767919919919        26.568108855555025     
   44499.854569569572        26.578875336015919     
   44499.941219219218        26.589524710619067     
   44500.027868868870        26.600073346246361     
   44500.114518518516        26.610537609776127     
   44500.201168168169        26.620933868090226     
   44500.287817817822        26.631278488067881     
   44500.374467467467        26.641587836588336     
   44500.461117117120        26.651878280533424     
   44500.547766766766        26.662166186781512     
   44500.634416416418        26.672467922214437     
   44500.721066066064        26.682799853710570     
   44500.807715715717        26.693178348151751     
   44500.894365365362        26.703619772416332     
   44500.981015015015        26.714139552793220     
   44501.067664664668        26.724714889470420     
   44501.154314314314        26.735272342985859     
   44501.240963963966        26.745734988865880     
   44501.327613613612        26.756025902633318     
   44501.414263263265        26.766068159814466     
   44501.500912912910        26.775784835932214     
   44501.587562562563        26.785099006512780     
   44501.674212212216        26.793935485539130     
   44501.760861861861        26.802269621916778     
   44501.847511511514        26.810133964930596     
   44501.934161161160        26.817564141831060     
   44502.020810810813        26.824595779871185     
   44502.107460460458        26.831264506301579     
   44502.194110110111        26.837605948375149     
   44502.280759759757        26.843655733342604     
   44502.367409409409        26.849449488456742     
   44502.454059059062        26.855022840968829     
   44502.540708708708        26.860411415144874     
   44502.627358358361        26.865642801997065     
   44502.714008008006        26.870719085069304     
   44502.800657657659        26.875637296820742     
   44502.887307307305        26.880394469708847     
   44502.973956956957        26.884987636192719     
   44503.060606606610        26.889413828730227     
   44503.147256256256        26.893670079779337     
   44503.233905905909        26.897753421799045     
   44503.320555555554        26.901660887246969     
   44503.407205205207        26.905389508582047     
   44503.493854854853        26.908936318261958     
   44503.580504504505        26.912298348745583     
   44503.667154154151        26.915472632490662     
   44503.753803803804        26.918456201956012     
   44503.840453453457        26.921244788223234     
   44503.927103103102        26.923796834117304     
   44504.013752752755        26.926028881950259     
   44504.100402402401        26.927855246270983     
   44504.187052052053        26.929190241629051     
   44504.273701701699        26.929948182573501     
   44504.360351351352        26.930057679634601     
   44504.447001001005        26.929532226650181     
   44504.533650650650        26.928416524485620     
   44504.620300300303        26.926755322198524     
   44504.706949949948        26.924593368846988     
   44504.793599599601        26.921975413488454     
   44504.880249249247        26.918946205181157     
   44504.966898898900        26.915550492982408     
   44505.053548548545        26.911833025950568     
   44505.140198198198        26.907837591685610     
   44505.226847847851        26.903588961396242     
   44505.313497497496        26.899094466274224     
   44505.400147147149        26.894360792068223     
   44505.486796796795        26.889394624528471     
   44505.573446446448        26.884202649403562     
   44505.660096096093        26.878791552443793     
   44505.746745745746        26.873168019397699     
   44505.833395395399        26.867338736015146     
   44505.920045045044        26.861310388046082     
   44506.006694694697        26.855089661238928     
   44506.093344344343        26.848683241344155     
   44506.179993993996        26.842097814110122     
   44506.266643643641        26.835340065287358     
   44506.353293293294        26.828416680624169     
   44506.439942942940        26.821334345871144     
   44506.526592592592        26.814099746776517     
   44506.613242242245        26.806719569090316     
   44506.699891891891        26.799200498562609     
   44506.786541541544        26.791549220941558     
   44506.873191191189        26.783772421977886     
   44506.959840840842        26.775876787419712     
   44507.046490490487        26.767869003017797     
   44507.133140140140        26.759755754520217     
   44507.219789789793        26.751543727677085     
   44507.306439439439        26.743239608238522     
   44507.393089089092        26.734848063960975     
   44507.479738738737        26.726345034047185     
   44507.566388388390        26.717685069267006     
   44507.653038038035        26.708822210603355     
   44507.739687687688        26.699710499036215     
   44507.826337337334        26.690303975548581     
   44507.912986986987        26.680556681120336     
   44507.999636636639        26.670422656733727     
   44508.086286286285        26.659855943371113     
   44508.172935935938        26.648810582012196     
   44508.259585585583        26.637240613640294     
   44508.346235235236        26.625100079234926     
   44508.432884884882        26.612343019779601     
   44508.519534534535        26.598923476253653     
   44508.606184184187        26.584795489639575     
   44508.692833833833        26.569913100920111     
   44508.779483483486        26.554230351074239     
   44508.866133133131        26.537701281086054     
   44508.952782782784        26.520455866327758     
   44509.039432432430        26.505838201804615     
   44509.126082082083        26.499990029483627     
   44509.212731731728        26.499255040199483     
   44509.299381381381        26.496518633066646     
   44509.386031031034        26.491913132551748     
   44509.472680680679        26.485572886126569     
   44509.559330330332        26.477632241261212     
   44509.645979979978        26.468225545428176     
   44509.732629629631        26.457487146097058     
   44509.819279279276        26.445551390740810     
   44509.905928928929        26.432552626828610     
   44509.992578578582        26.418625201832587     
   44510.079228228227        26.403903463225198     
   44510.165877877880        26.388521758475136     
   44510.252527527526        26.372614435056150     
   44510.339177177178        26.356315840436736     
   44510.425826826824        26.339760322090797     
   44510.512476476477        26.323082227486722     
   44510.599126126122        26.306415904098472     
   44510.685775775775        26.289895699394418     
   44510.772425425428        26.273655960847144     
   44510.859075075074        26.257831035929151     
   44510.945724724726        26.242555272108941     
   44511.032374374372        26.227962920899259     
   44511.119024024025        26.214139442389904     
   44511.205673673670        26.201042249613860     
   44511.292323323323        26.188608003703717     
   44511.378972972976        26.176773365795405     
   44511.465622622622        26.165474997024628     
   44511.552272272274        26.154649558524287     
   44511.638921921920        26.144233711431006     
   44511.725571571573        26.134164116877820     
   44511.812221221218        26.124377436001225     
   44511.898870870871        26.114810329934368     
   44511.985520520517        26.105399459813661     
   44512.072170170170        26.096081486772313     
   44512.158819819822        26.086793071945912     
   44512.245469469468        26.077470876470031     
   44512.332119119121        26.068051561477901     
   44512.418768768766        26.058471788105894     
   44512.505418418419        26.048668217487208     
   44512.592068068065        26.038577510758280     
   44512.678717717718        26.028136329052220     
   44512.765367367370        26.017286628713315     
   44512.852017017016        26.006633264738301     
   44512.938666666669        25.998066798967642     
   44513.025316316314        25.992131089948138     
   44513.111965965967        25.986647813558271     
   44513.198615615613        25.980560337428429     
   44513.285265265265        25.973916034881395     
   44513.371914914911        25.966790724256068     
   44513.458564564564        25.959260223889025     
   44513.545214214217        25.951400352118629     
   44513.631863863862        25.943286927283367     
   44513.718513513515        25.934995767719641     
   44513.805163163161        25.926602691766639     
   44513.891812812813        25.918183517760724     
   44513.978462462459        25.909814064041072     
   44514.065112112112        25.901570148944074     
   44514.151761761765        25.893527590808219     
   44514.238411411410        25.885762207971929     
   44514.325061061063        25.878349818771682     
   44514.411710710709        25.871366241546500     
   44514.498360360361        25.864887294632986     
   44514.585010010007        25.858988796370006     
   44514.671659659660        25.853746565094351     
   44514.758309309305        25.849236419144674     
   44514.844958958958        25.845534176857999     
   44514.931608608611        25.842715656572519     
   44515.018258258257        25.840856676626142     
   44515.104907907909        25.840033055356336     
   44515.191557557555        25.840214092617430     
   44515.278207207208        25.840219291130158     
   44515.364856856853        25.838366823710299     
   44515.451506506506        25.834589875121914     
   44515.538156156159        25.829610009395985     
   44515.624805805804        25.824153993245435     
   44515.711455455457        25.818947317646916     
   44515.798105105103        25.814484931886554     
   44515.884754754756        25.810765759091609     
   44515.971404404401        25.807724360569672     
   44516.058054054054        25.805295297627154     
   44516.144703703700        25.803413131571418     
   44516.231353353352        25.802012423709087     
   44516.318003003005        25.801027735347279     
   44516.404652652651        25.800393627792971     
   44516.491302302304        25.800044662352992     
   44516.577951951949        25.799915400334349     
   44516.664601601602        25.799940403043969     
   44516.751251251248        25.800055026526667     
   44516.837900900900        25.800222416371511     
   44516.924550550553        25.800440117189115     
   44517.011200200199        25.800707809117327     
   44517.097849849852        25.801025172294054     
   44517.184499499497        25.801391886857104     
   44517.271149149150        25.801807632944417     
   44517.357798798796        25.802272090693787     
   44517.444448448448        25.802784940243153     
   44517.531098098094        25.803345861730307     
   44517.617747747747        25.803954535293204     
   44517.704397397400        25.804610641069669     
   44517.791047047045        25.805313859197504     
   44517.877696696698        25.806063869814700     
   44517.964346346344        25.806860353059001     
   44518.050995995996        25.807702989068396     
   44518.137645645642        25.808591457980626     
   44518.224295295295        25.809525439933694     
   44518.310944944948        25.810504615065405     
   44518.397594594593        25.811528663513535     
   44518.484244244246        25.812597265416120     
   44518.570893893891        25.813710100910853     
   44518.657543543544        25.814866850135786     
   44518.744193193190        25.816067193228591     
   44518.830842842843        25.817310810327342     
   44518.917492492488        25.818597381569688     
   44519.004142142141        25.819926587093725     
   44519.090791791794        25.821298107037208     
   44519.177441441439        25.822711621537884     
   44519.264091091092        25.824166810733857     
   44519.350740740738        25.825663354762749     
   44519.437390390391        25.827200933762683     
   44519.524040040036        25.828779227871266     
   44519.610689689689        25.830397917226630     
   44519.697339339342        25.832056681966513     
   44519.783988988987        25.833755202228637     
   44519.870638638640        25.835493158151152     
   44519.957288288286        25.837270229871642     
   44520.043937937939        25.839086097528270     
   44520.130587587584        25.840940441258589     
   44520.217237237237        25.842832941200790     
   44520.303886886883        25.844763277492415     
   44520.390536536535        25.846731130271660     
   44520.477186186188        25.848736179676226     
   44520.563835835834        25.850778265697336     
   44520.650485485487        25.852864291265696     
   44520.737135135132        25.855010857885851     
   44520.823784784785        25.857235270717226     
   44520.910434434430        25.859554834918509     
   44520.997084084083        25.861986855649167     
   44521.083733733736        25.864548638068083     
   44521.170383383382        25.867257487334093     
   44521.257033033035        25.870130708606723     
   44521.343682682680        25.873185607044555     
   44521.430332332333        25.876439487807183     
   44521.516981981978        25.879909656053115     
   44521.603631631631        25.883613416942019     
   44521.690281281277        25.887568075632338     
   44521.776930930930        25.891790937283801     
   44521.863580580582        25.896299307055163     
   44521.950230230228        25.901110490105079     
   44522.036879879881        25.906241791593423     
   44522.123529529526        25.911710516678415     
   44522.210179179179        25.917533970520033     
   44522.296828828825        25.923729458276370     
   44522.383478478478        25.930314285107539     
   44522.470128128130        25.937305756172108     
   44522.556777777776        25.944721176628505     
   44522.643427427429        25.952577851637049     
   44522.730077077074        25.960893009725400     
   44522.816726726727        25.969594306394580     
   44522.903376376373        25.978346918530438     
   44522.990026026026        25.986805824515308     
   44523.076675675671        25.994896945975285     
   44523.163325325324        26.002664893937087     
   44523.249974974977        26.010154782846733     
   44523.336624624622        26.017411727150343     
   44523.423274274275        26.024480841295844     
   44523.509923923921        26.031407239728761     
   44523.596573573574        26.038236036896969     
   44523.683223223219        26.045012347246022     
   44523.769872872872        26.051781285223782     
   44523.856522522525        26.058587965276388     
   44523.943172172170        26.065477501849973     
   44524.029821821823        26.072495009392405     
   44524.116471471469        26.079685602349215     
   44524.203121121122        26.087094395168329     
   44524.289770770767        26.094766502295201     
   44524.376420420420        26.102746552974153     
   44524.463070070065        26.111051322617566     
   44524.549719719718        26.119655121642175     
   44524.636369369371        26.128528689123030     
   44524.723019019017        26.137642764135087     
   44524.809668668669        26.146968085755603     
   44524.896318318315        26.156475393058756     
   44524.982967967968        26.166135425121858     
   44525.069617617613        26.175918921019036     
   44525.156267267266        26.185796619827659     
   44525.242916916919        26.195739260622638     
   44525.329566566565        26.205717582478865     
   44525.416216216217        26.215702324473753     
   44525.502865865863        26.225664225681346     
   44525.589515515516        26.235574025179062     
   44525.676165165161        26.245402462040964     
   44525.762814814814        26.255120275344435     
   44525.849464464460        26.264698204163579     
   44525.936114114113        26.274106987575735     
   44526.022763763765        26.283317364655822     
   44526.109413413411        26.292302201804084     
   44526.196063063064        26.301270613383121     
   44526.282712712709        26.310694088378796     
   44526.369362362362        26.320600118461208     
   44526.456012012008        26.330935225334983     
   44526.542661661661        26.341645930708140     
   44526.629311311313        26.352678756286096     
   44526.715960960959        26.363980223774163     
   44526.802610610612        26.375496854880534     
   44526.889260260257        26.387175171309547     
   44526.975909909910        26.398961694769447     
   44527.062559559556        26.410802946964537     
   44527.149209209208        26.422645449603088     
   44527.235858858854        26.434435724389392     
   44527.322508508507        26.446122018307626     
   44527.409158158160        26.457687930734973     
   44527.495807807805        26.469150163640808     
   44527.582457457458        26.480526693702565     
   44527.669107107104        26.491835497593868     
   44527.755756756756        26.503094551992120     
   44527.842406406402        26.514321833570953     
   44527.929056056055        26.525535319007773     
   44528.015705705708        26.536752984977149     
   44528.102355355353        26.547992808153666     
   44528.189005005006        26.559272765214729     
   44528.275654654652        26.570610831360767     
   44528.362304304304        26.582013868595883     
   44528.448953953950        26.593450883956855     
   44528.535603603603        26.604882831485501     
   44528.622253253248        26.616270665219787     
   44528.708902902901        26.627575339201520     
   44528.795552552554        26.638757807469631     
   44528.882202202200        26.649779024063090     
   44528.968851851852        26.660599944466036     
   44529.055501501498        26.671191193292511     
   44529.142151151151        26.681556109076897     
   44529.228800800796        26.691704942080612     
   44529.315450450449        26.701647942568510     
   44529.402100100102        26.711395360802882     
   44529.488749749748        26.720957445424467     
   44529.575399399400        26.730342349709776     
   44529.662049049046        26.739552018635329     
   44529.748698698699        26.748587252785267     
   44529.835348348344        26.757448852740652     
   44529.921997997997        26.766137619085566     
   44530.008647647643        26.774654352401136     
   44530.095297297295        26.782999853271377     
   44530.181946946948        26.791174922278152     
   44530.268596596594        26.799180360003398     
   44530.355246246247        26.807016967031032     
   44530.441895895892        26.814685543942332     
   44530.528545545545        26.822186891321174     
   44530.615195195191        26.829521809748883     
   44530.701844844843        26.836691099809279     
   44530.788494494496        26.843695562084335     
   44530.875144144142        26.850535997156062     
   44530.961793793795        26.857213205608200     
   44531.048443443440        26.863727988022212     
   44531.135093093093        26.870081144981786     
   44531.221742742739        26.876273477068438     
   44531.308392392391        26.882305087693943     
   44531.395042042037        26.888146479968611     
   44531.481691691690        26.893728194350359     
   44531.568341341343        26.898977942942505     
   44531.654990990988        26.903823437848498     
   44531.741640640641        26.908192391172967     
   44531.828290290287        26.912015403046222     
   44531.914939939939        26.915277138380375     
   44532.001589589585        26.918010239266618     
   44532.088239239238        26.920249012855269     
   44532.174888888891        26.922027766295962     
   44532.261538538536        26.923380806738457     
   44532.348188188189        26.924342441332861     
   44532.434837837834        26.924946977228871     
   44532.521487487487        26.925228721576453     
   44532.608137137133        26.925221981525436     
   44532.694786786786        26.924961064225677     
   44532.781436436431        26.924480276827094     
   44532.868086086084        26.923813926479461     
   44532.954735735737        26.922996320332693     
   44533.041385385382        26.922061765536739     
   44533.128035035035        26.921044569241307     
   44533.214684684681        26.919979038463413     
   44533.301334334334        26.918880305490230     
   44533.387983983979        26.917691147505053     
   44533.474633633632        26.916337278025516     
   44533.561283283285        26.914744410569536     
   44533.647932932930        26.912838258655128     
   44533.734582582583        26.910544535799797     
   44533.821232232229        26.907795948404083     
   44533.907881881882        26.904579019289958     
   44533.994531531527        26.900905253335843     
   44534.081181181180        26.896786292941474     
   44534.167830830826        26.892233780507883     
   44534.254480480478        26.887259358434662     
   44534.341130130131        26.881874669122517     
   44534.427779779777        26.876091354972317     
   44534.514429429430        26.869921058383422     
   44534.601079079075        26.863375421757226     
   44534.687728728728        26.856466087492983     
   44534.774378378374        26.849204697992189     
   44534.861028028026        26.841602895653985     
   44534.947677677679        26.833672322879320     
   44535.034327327325        26.825424622069242     
   44535.120976976978        26.816871435622716     
   44535.207626626623        26.808024405941531     
   44535.294276276276        26.798895175424555     
   44535.380925925921        26.789495386473657     
   44535.467575575574        26.779836681487616     
   44535.554225225220        26.769930702868407     
   44535.640874874873        26.759789093014703     
   44535.727524524526        26.749423494327694     
   44535.814174174171        26.738845549208612     
   44535.900823823824        26.728066900056039     
   44535.987473473469        26.717099189272130     
   44536.074123123122        26.705954059255394     
   44536.160772772768        26.694643152408052     
   44536.247422422421        26.683177985055522     
   44536.334072072073        26.671568137299609     
   44536.420721721719        26.659821672843059     
   44536.507371371372        26.647946614853488     
   44536.594021021017        26.635950986502465     
   44536.680670670670        26.623842810957569     
   44536.767320320316        26.611630111390408     
   44536.853969969969        26.599320910968515     
   44536.940619619614        26.586923232863537     
   44537.027269269267        26.574445100242976     
   44537.113918918920        26.561894536277450     
   44537.200568568565        26.549279564137606     
   44537.287218218218        26.536608206990913     
   44537.373867867864        26.523888488009071     
   44537.460517517517        26.511128430359527     
   44537.547167167162        26.498336057214011     
   44537.633816816815        26.485519391739956     
   44537.720466466468        26.472686457108018     
   44537.807116116113        26.459845276488853     
   44537.893765765766        26.447003873049894     
   44537.980415415412        26.434170269962880     
   44538.067065065065        26.421352490395229     
   44538.153714714710        26.408558557518685     
   44538.240364364363        26.395796494500672     
   44538.327014014008        26.383074324512926     
   44538.413663663661        26.370399742599879     
   44538.500313313314        26.357777661102872     
   44538.586962962960        26.345211590003714     
   44538.673612612612        26.332705028569563     
   44538.760262262258        26.320261476071806     
   44538.846911911911        26.307884431777623     
   44538.933561561556        26.295577394958368     
   44539.020211211209        26.283343914793527     
   44539.106860860862        26.271188478529471     
   44539.193510510508        26.259116407839770     
   44539.280160160160        26.247133053490796     
   44539.366809809806        26.235243766252957     
   44539.453459459459        26.223453896892650     
   44539.540109109104        26.211768796180255     
   44539.626758758757        26.200193814882205     
   44539.713408408403        26.188734303768840     
   44539.800058058056        26.177395613606638     
   44539.886707707708        26.166183095164953     
   44539.973357357354        26.155102099213117     
   44540.060007007007        26.144157976517665     
   44540.146656656652        26.133356077848827     
   44540.233306306305        26.122701753973189     
   44540.319955955951        26.112200355660935     
   44540.406605605604        26.101857233678693     
   44540.493255255256        26.091677738795763     
   44540.579904904902        26.081667221781366     
   44540.666554554555        26.071831033402219     
   44540.753204204200        26.062174524428372     
   44540.839853853853        26.052703045626597     
   44540.926503503499        26.043421947766884     
   44541.013153153152        26.034336581616074     
   44541.099802802797        26.025452297944081     
   44541.186452452450        26.016774151598362     
   44541.273102102103        26.008293752962153     
   44541.359751751748        25.999984033811458     
   44541.446401401401        25.991816547564081     
   44541.533051051047        25.983762847640591     
   44541.619700700699        25.975794487458835     
   44541.706350350345        25.967883020439345     
   44541.792999999998        25.960000000000001     
