   75299.481000000000        25.780000000000001     
   75299.528535535530        25.782468101773446     
   75299.576071071075        25.784945223027890     
   75299.623606606605        25.787440383242064     
   75299.671142142135        25.789962601896967     
   75299.718677677680        25.792520898473612     
   75299.766213213210        25.795124292450698     
   75299.813748748755        25.797781803310048     
   75299.861284284285        25.800502450530292     
   75299.908819819815        25.803295253592459     
   75299.956355355360        25.806169231977698     
   75300.003890890890        25.809133405164488     
   75300.051426426420        25.812196792633927     
   75300.098961961965        25.815368413867255     
   75300.146497497495        25.818657288342767     
   75300.194033033040        25.822072435542726     
   75300.241568568570        25.825622874945282     
   75300.289104104100        25.829317626031699     
   75300.336639639645        25.833165708283424     
   75300.384175175175        25.837176141178343     
   75300.431710710705        25.841357944197853     
   75300.479246246250        25.845720136823552     
   75300.526781781780        25.850271737366459     
   75300.574317317310        25.855014865006034     
   75300.621852852855        25.859928471379046     
   75300.669388388385        25.864986650489431     
   75300.716923923930        25.870163496347210     
   75300.764459459460        25.875433102956151     
   75300.811994994991        25.880769564324765     
   75300.859530530535        25.886146974461639     
   75300.907066066065        25.891539427370425     
   75300.954601601596        25.896921017059704     
   75301.002137137140        25.902265837538049     
   75301.049672672671        25.907547982809120     
   75301.097208208201        25.912743262784449     
   75301.144743743745        25.917861857598929     
   75301.192279279276        25.922945704596735     
   75301.239814814820        25.928037933404845     
   75301.287350350351        25.933181673643993     
   75301.334885885881        25.938420054939584     
   75301.382421421426        25.943792964176289     
   75301.429956956956        25.949307169907211     
   75301.477492492486        25.954950064566862     
   75301.525028028031        25.960708796360258     
   75301.572563563561        25.966570513487106     
   75301.620099099106        25.972522364154244     
   75301.667634634636        25.978551496561256     
   75301.715170170166        25.984645058913198     
   75301.762705705711        25.990790199415201     
   75301.810241241241        25.996974066266738     
   75301.857776776771        26.003183807672933     
   75301.905312312316        26.009406571838923     
   75301.952847847846        26.015629506964146     
   75302.000383383376        26.021839761253744     
   75302.047918918921        26.028024482912848     
   75302.095454454451        26.034170820140915     
   75302.142989989996        26.040265921144943     
   75302.190525525526        26.046296934124427     
   75302.238061061056        26.052251007284497     
   75302.285596596601        26.058115288830173     
   75302.333132132131        26.063876926961097     
   75302.380667667661        26.069523069882329     
   75302.428203203206        26.075040865798783     
   75302.475738738736        26.080417461107842     
   75302.523274274281        26.085635360100571     
   75302.570809809811        26.090662380586547     
   75302.618345345341        26.095463442915264     
   75302.665880880886        26.100003467435940     
   75302.713416416416        26.104247374493671     
   75302.760951951946        26.108160084437763     
   75302.808487487491        26.111706517617112     
   75302.856023023021        26.114851594377416     
   75302.903558558552        26.117560235067703     
   75302.951094094096        26.119797360036447     
   75302.998629629627        26.121682793763732     
   75303.046165165171        26.124182442809548     
   75303.093700700701        26.128549640755615     
   75303.141236236232        26.135399974133755     
   75303.188771771776        26.140018320980928     
   75303.236307307307        26.139844341132555     
   75303.283842842837        26.140200937908926     
   75303.331378378381        26.141158534570678     
   75303.378913913912        26.142542223045016     
   75303.426449449442        26.144177095259955     
   75303.473984984987        26.145888243143837     
   75303.521520520517        26.147500758623398     
   75303.569056056062        26.148839733627316     
   75303.616591591592        26.149730260082553     
   75303.664127127122        26.150002986202281     
   75303.711662662667        26.149966801756662     
   75303.759198198197        26.149933854051934     
   75303.806733733727        26.149899768082154     
   75303.854269269272        26.149859949912702     
   75303.901804804802        26.149809805608992     
   75303.949340340347        26.149744741236400     
   75303.996875875877        26.149660162860339     
   75304.044411411407        26.149551476546215     
   75304.091946946952        26.149414088359357     
   75304.139482482482        26.149243404365251     
   75304.187018018012        26.149034830629255     
   75304.234553553557        26.148783773216678     
   75304.282089089087        26.148485638193076     
   75304.329624624617        26.148135831623769     
   75304.377160160162        26.147729759574023     
   75304.424695695692        26.147262828109483     
   75304.472231231237        26.146730443295247     
   75304.519766766767        26.146128011197046     
   75304.567302302297        26.145450937880121     
   75304.614837837842        26.144694629409624     
   75304.662373373372        26.143854491851407     
   75304.709908908902        26.142925931270657     
   75304.757444444447        26.141904353732432     
   75304.804979979977        26.140785165302763     
   75304.852515515522        26.139563932984977     
   75304.900051051052        26.138244967804471     
   75304.947586586582        26.136845633956817     
   75304.995122122127        26.135384362012864     
   75305.042657657657        26.133879582544846     
   75305.090193193188        26.132349726123643     
   75305.137728728732        26.130813223320100     
   75305.185264264263        26.129288242726251     
   75305.232799799793        26.127785928391550     
   75305.280335335337        26.126309795460770     
   75305.327870870868        26.124862975968924     
   75305.375406406412        26.123448601949214     
   75305.422941941943        26.122069805436624     
   75305.470477477473        26.120729718464812     
   75305.518013013017        26.119431549458998     
   75305.565548548548        26.118180853287935     
   75305.613084084078        26.116985914609071     
   75305.660619619623        26.115855171691717     
   75305.708155155153        26.114797062806218     
   75305.755690690683        26.113820026221877     
   75305.803226226228        26.112932500208082     
   75305.850761761758        26.112142923035037     
   75305.898297297303        26.111459732971909     
   75305.945832832833        26.110891368288776     
   75305.993368368363        26.110446267255057     
   75306.040903903908        26.110132868140337     
   75306.088439439438        26.109959273952803     
   75306.135974974968        26.109912178123196     
   75306.183510510513        26.109944323070003     
   75306.231046046043        26.110005439274328     
   75306.278581581588        26.110045257217315     
   75306.326117117118        26.110013507380053     
   75306.373652652648        26.109872205636645     
   75306.421188188193        26.109659642491273     
   75306.468723723723        26.109443338588047     
   75306.516259259253        26.109290874196578     
   75306.563794794798        26.109269829586559     
   75306.611330330328        26.109447785027690     
   75306.658865865858        26.109892320789616     
   75306.706401401403        26.110661885160539     
   75306.753936936933        26.111753360222043     
   75306.801472472478        26.113138192993162     
   75306.849008008008        26.114787750145460     
   75306.896543543538        26.116673398351750     
   75306.944079079083        26.118766504285123     
   75306.991614614613        26.121038434616715     
   75307.039150150144        26.123460556019566     
   75307.086685685688        26.126004235166889     
   75307.134221221218        26.128640838729552     
   75307.181756756763        26.131341733381568     
   75307.229292292293        26.134078285793706     
   75307.276827827824        26.136821862639209     
   75307.324363363368        26.139543830591329     
   75307.371898898899        26.142215556320817     
   75307.419434434429        26.144808406500935     
   75307.466969969973        26.147293747804859     
   75307.514505505504        26.149642946903469     
   75307.562041041034        26.151827370469984     
   75307.609576576579        26.153818385177399     
   75307.657112112109        26.155587357696916     
   75307.704647647653        26.157105654702018     
   75307.752183183184        26.158344642864201     
   75307.799718718714        26.159275688856390     
   75307.847254254259        26.159870159351147     
   75307.894789789789        26.160089409800531     
   75307.942325325319        26.159779303672291     
   75307.989860860864        26.159209615852276     
   75308.037396396394        26.159211719160169     
   75308.084931931924        26.160645134602845     
   75308.132467467469        26.164369383188944     
   75308.180003002999        26.171238322638899     
   75308.227538538544        26.179453450592000     
   75308.275074074074        26.182115431706642     
   75308.322609609604        26.180624622338129     
   75308.370145145149        26.179243325285960     
   75308.417680680679        26.179491174663312     
   75308.465216216209        26.181161807333119     
   75308.512751751754        26.184022038228878     
   75308.560287287284        26.187838682281246     
   75308.607822822829        26.192378554424863     
   75308.655358358359        26.197408469589352     
   75308.702893893889        26.202695242708465     
   75308.750429429434        26.208005688716284     
   75308.797964964964        26.213106622541947     
   75308.845500500494        26.217764859119555     
   75308.893036036039        26.221751240502147     
   75308.940571571569        26.224947233208411     
   75308.988107107099        26.227355961681930     
   75309.035642642644        26.228986790429587     
   75309.083178178174        26.229849083956893     
   75309.130713713719        26.229985429763310     
   75309.178249249249        26.230353269792587     
   75309.225784784780        26.231591261054763     
   75309.273320320324        26.233430453257444     
   75309.320855855854        26.235586917799765     
   75309.368391391385        26.237776726082537     
   75309.415926926929        26.239715949506618     
   75309.463462462460        26.241155208368156     
   75309.510997998004        26.242077104365961     
   75309.558533533535        26.242559729560739     
   75309.606069069065        26.242681471814201     
   75309.653604604609        26.242520718987596     
   75309.701140140140        26.242155858942386     
   75309.748675675670        26.241665279539902     
   75309.796211211215        26.241127368641319     
   75309.843746746745        26.240620514108329     
   75309.891282282275        26.240223103802112     
   75309.938817817820        26.240013525583979     
   75309.986353353350        26.240048451326366     
   75310.033888888895        26.240204571588933     
   75310.081424424425        26.240269598116562     
   75310.128959959955        26.240030610641561     
   75310.176495495500        26.239277801779295     
   75310.224031031030        26.237816456013977     
   75310.271566566560        26.235456425131790     
   75310.319102102105        26.232007561910592     
   75310.366637637635        26.227342925768866     
   75310.414173173165        26.222552299472010     
   75310.461708708710        26.219820633127810     
   75310.509244244240        26.219881031792802     
   75310.556779779785        26.219737478769595     
   75310.604315315315        26.218101376740439     
   75310.651850850845        26.215191416002444     
   75310.699386386390        26.211251069302094     
   75310.746921921920        26.206523809389676     
   75310.794457457450        26.201253109011951     
   75310.841992992995        26.195682440915011     
   75310.889528528525        26.190055277850146     
   75310.937064064070        26.184571602689292     
   75310.984599599600        26.179252184593423     
   75311.032135135130        26.174071636299967     
   75311.079670670675        26.169004570502814     
   75311.127206206205        26.164025599900462     
   75311.174741741735        26.159109337186777     
   75311.222277277280        26.154230395055670     
   75311.269812812810        26.149363386205550     
   75311.317348348341        26.144482923330330     
   75311.364883883885        26.139563619123912     
   75311.412419419416        26.134580086284721     
   75311.459954954960        26.129506937505106     
   75311.507490490490        26.124318785483581     
   75311.555026026021        26.118990242914023     
   75311.602561561565        26.113495922490145     
   75311.650097097096        26.107810436910718     
   75311.697632632626        26.101908398869508     
   75311.745168168170        26.095764421060004     
   75311.792703703701        26.089353116181378     
   75311.840239239245        26.082649096925113     
   75311.887774774776        26.075626975990719     
   75311.935310310306        26.068261366071606     
   75311.982845845851        26.060526879860763     
   75312.030381381381        26.052424844633961     
   75312.077916916911        26.044087048176792     
   75312.125452452456        26.035685041901584     
   75312.172987987986        26.027390386817899     
   75312.220523523516        26.019374643927542     
   75312.268059059061        26.011809374232651     
   75312.315594594591        26.004836410667391     
   75312.363130130136        25.998337803069678     
   75312.410665665666        25.992061399051405     
   75312.458201201196        25.985753923863413     
   75312.505736736741        25.979162102756497     
   75312.553272272271        25.972032660987509     
   75312.600807807801        25.964150293354827     
   75312.648343343346        25.955650495641205     
   75312.695878878876        25.946858382325157     
   75312.743414414406        25.938100344613265     
   75312.790949949951        25.929605233017909     
   75312.838485485481        25.921395565509602     
   75312.886021021026        25.913467612316293     
   75312.933556556556        25.905817643675810     
   75312.981092092086        25.898441929818645     
   75313.028627627631        25.891336740975639     
   75313.076163163161        25.884498347384124     
   75313.123698698691        25.877923019274839     
   75313.171234234236        25.871607026878870     
   75313.218769769766        25.865546640433060     
   75313.266305305311        25.859738130166654     
   75313.313840840841        25.854177766316191     
   75313.361376376371        25.848861819112820     
   75313.408911911916        25.843786558788000     
   75313.456447447446        25.838948255577808     
   75313.503982982977        25.834343179713620     
   75313.551518518521        25.829967601427114     
   75313.599054054052        25.825817790953931     
   75313.646589589582        25.821890018525671     
   75313.694125125126        25.818180554374202     
   75313.741660660657        25.814685668734768     
   75313.789196196201        25.811401631838194     
   75313.836731731732        25.808324713919468     
   75313.884267267262        25.805451185210522     
   75313.931802802806        25.802777315943537     
   75313.979338338337        25.800299376353120     
   75314.026873873867        25.798013636671403     
   75314.074409409412        25.795916367130737     
   75314.121944944942        25.794003837965377     
   75314.169480480487        25.792272319407122     
   75314.217016016017        25.790718081690002     
   75314.264551551547        25.789337611094595     
   75314.312087087092        25.788132470772112     
   75314.359622622622        25.787109361345045     
   75314.407158158152        25.786275211603421     
   75314.454693693697        25.785636950337476     
   75314.502229229227        25.785201506338019     
   75314.549764764757        25.784975808395238     
   75314.597300300302        25.784966785299577     
   75314.644835835832        25.785181365841453     
   75314.692371371377        25.785626478811423     
   75314.739906906907        25.786309052999616     
   75314.787442442437        25.787236017196559     
   75314.834977977982        25.788414300193057     
   75314.882513513512        25.789850830778800     
   75314.930049049042        25.791549546496523     
   75314.977584584587        25.793498480673303     
   75315.025120120117        25.795680401521480     
   75315.072655655647        25.798078073869188     
   75315.120191191192        25.800674262544817     
   75315.167726726722        25.803451732374349     
   75315.215262262267        25.806393248187060     
   75315.262797797797        25.809481574808711     
   75315.310333333327        25.812699477067753     
   75315.357868868872        25.816029719792798     
   75315.405404404402        25.819455067809372     
   75315.452939939933        25.822958285946065     
   75315.500475475477        25.826522139031539     
   75315.548011011007        25.830129391891187     
   75315.595546546552        25.833762809354784     
   75315.643082082082        25.837405156247669     
   75315.690617617613        25.841041762881677     
   75315.738153153157        25.844880036747636     
   75315.785688688688        25.849517845864206     
   75315.833224224218        25.855368957103053     
   75315.880759759762        25.861674655460678     
   75315.928295295293        25.867683745671101     
   75315.975830830823        25.873370100389362     
   75316.023366366368        25.878785916140661     
   75316.070901901898        25.883983389445248     
   75316.118437437442        25.889014716829891     
   75316.165972972973        25.893932094815096     
   75316.213508508503        25.898787719925977     
   75316.261044044048        25.903633788687582     
   75316.308579579578        25.908522497620520     
   75316.356115115108        25.913506043249829     
   75316.403650650653        25.918636622100671     
   75316.451186186183        25.923960987078548     
   75316.498721721728        25.929476931345967     
   75316.546257257258        25.935156353145345     
   75316.593792792788        25.940970915380198     
   75316.641328328333        25.946892280954209     
   75316.688863863863        25.952892112765600     
   75316.736399399393        25.958942073718021     
   75316.783934934938        25.965013826715193     
   75316.831470470468        25.971079209808472     
   75316.879006005998        25.977159989444640     
   75316.926541541543        25.983396385545291     
   75316.974077077073        25.989945799532045     
   75317.021612612618        25.996965632834392     
   75317.069148148148        26.004581390998602     
   75317.116683683678        26.012426162890137     
   75317.164219219223        26.019746067771024     
   75317.211754754753        26.025939716576573     
   75317.259290290283        26.031134951812454     
   75317.306825825828        26.035663572894173     
   75317.354361361358        26.039857388837827     
   75317.401896896889        26.043997918233604     
   75317.449432432433        26.048143585047885     
   75317.496967967963        26.052290971415278     
   75317.544503503508        26.056436657186772     
   75317.592039039038        26.060577222208284     
   75317.639574574569        26.064709246329546     
   75317.687110110113        26.068829309400265     
   75317.734645645643        26.072933991266375     
   75317.782181181174        26.077019871777601     
   75317.829716716718        26.081083530783637     
   75317.877252252249        26.085121548130452     
   75317.924787787793        26.089130503668969     
   75317.972323323324        26.093106977245188     
   75318.019858858854        26.097047548708801     
   75318.067394394398        26.100948797909449     
   75318.114929929929        26.104807304693203     
   75318.162465465459        26.108619648909716     
   75318.210001001004        26.112382410408589     
   75318.257536536534        26.116092169035973     
   75318.305072072064        26.119745504641489     
   75318.352607607609        26.123338997074676     
   75318.400143143139        26.126869226181796     
   75318.447678678684        26.130332771813460     
   75318.495214214214        26.133726213816001     
   75318.542749749744        26.137046132038954     
   75318.590285285289        26.140289103929188     
   75318.637820820819        26.143447467928347     
   75318.685356356349        26.146500597728668     
   75318.732891891894        26.149425397004165     
   75318.780427427424        26.152198769426210     
   75318.827962962969        26.154797618669619     
   75318.875498498499        26.157198848405951     
   75318.923034034029        26.159379362309181     
   75318.970569569574        26.161316064053018     
   75319.018105105104        26.162985857309408     
   75319.065640640634        26.164365645752135     
   75319.113176176179        26.165432333054625     
   75319.160711711709        26.166162822889376     
   75319.208247247239        26.166534018929909     
   75319.255782782784        26.166522824849309     
   75319.303318318314        26.166106144320729     
   75319.350853853859        26.165260881017048     
   75319.398389389389        26.163963938611921     
   75319.445924924919        26.162192220778316     
   75319.493460460464        26.159922633229190     
   75319.540995995994        26.157209122386959     
   75319.588531531524        26.154386691259344     
   75319.636067067069        26.151854416974629     
   75319.683602602599        26.150011376663446     
   75319.731138138130        26.149139226141806     
   75319.778673673674        26.149038006810738     
   75319.826209209205        26.149384298819619     
   75319.873744744749        26.149854682247501     
   75319.921280280279        26.150139183986955     
   75319.968815815810        26.150116841978779     
   75320.016351351354        26.149806029311026     
   75320.063886886885        26.149224651429545     
   75320.111422422415        26.148387004798021     
   75320.158957957960        26.147307237862783     
   75320.206493493490        26.145999499071202     
   75320.254029029034        26.144477936869194     
   75320.301564564565        26.142756699704393     
   75320.349100100095        26.140849936023070     
   75320.396635635640        26.138772492874509     
   75320.444171171170        26.136550482600903     
   75320.491706706700        26.134219124664231     
   75320.539242242245        26.131813899366755     
   75320.586777777775        26.129370287012978     
   75320.634313313305        26.126923767905183     
   75320.681848848850        26.124509822345658     
   75320.729384384380        26.122163930638905     
   75320.776919919925        26.119921573086522     
   75320.824455455455        26.117818229992906     
   75320.871990990985        26.115889381660367     
   75320.919526526530        26.114170508391428     
   75320.967062062060        26.112697090490169     
   75321.014597597590        26.111504608259040     
   75321.062133133135        26.110628542000839     
   75321.109668668665        26.110104372019133     
   75321.157204204210        26.109955068058404     
   75321.204739739740        26.110011719502893     
   75321.252275275270        26.110047188402074     
   75321.299810810815        26.110045977290071     
   75321.347346346345        26.110023314110389     
   75321.394881881875        26.109994426806502     
   75321.442417417420        26.109974543321897     
   75321.489952952950        26.109978891600075     
   75321.537488488480        26.110022273125203     
   75321.585024024025        26.110101773871936     
   75321.632559559555        26.110190786532286     
   75321.680095095100        26.110261050012262     
   75321.727630630630        26.110284303217792     
   75321.775166166160        26.110232285054884     
   75321.822701701705        26.110076734429441     
   75321.870237237235        26.109795771117177     
   75321.917772772766        26.109438678950497     
   75321.965308308310        26.109099262466653     
   75322.012843843841        26.108872008126959     
   75322.060379379371        26.108851402392368     
   75322.107914914915        26.109131931724100     
   75322.155450450446        26.109808082583079     
   75322.202985985990        26.110961860029700     
   75322.250521521521        26.112582758853137     
   75322.298057057051        26.114618706577367     
   75322.345592592595        26.117017432418159     
   75322.393128128126        26.119726665589031     
   75322.440663663656        26.122694135305650     
   75322.488199199201        26.125867570783996     
   75322.535734734731        26.129194701237118     
   75322.583270270276        26.132624314328911     
   75322.630805805806        26.136114020799909     
   75322.678341341336        26.139625814435686     
   75322.725876876881        26.143121720735131     
   75322.773412412411        26.146563765193910     
   75322.820947947941        26.149913973310909     
   75322.868483483486        26.153134370584930     
   75322.916019019016        26.156186982511784     
   75322.963554554546        26.159033834590318     
   75323.011090090091        26.161636952319093     
   75323.058625625621        26.163958361194332     
   75323.106161161166        26.165960086715248     
   75323.153696696696        26.167604154378420     
   75323.201232232226        26.168852589682338     
   75323.248767767771        26.169667418124988     
   75323.296303303301        26.170010724586202     
   75323.343838838831        26.169948161472128     
   75323.391374374376        26.169861784189628     
   75323.438909909906        26.170189991852556     
   75323.486445445451        26.171172581790522     
   75323.533980980981        26.172759343428460     
   75323.581516516511        26.174877092235203     
   75323.629052052056        26.177452643680255     
   75323.676587587586        26.180412813230657     
   75323.724123123116        26.183684416355785     
   75323.771658658661        26.187194268525381     
   75323.819194194191        26.190869185205926     
   75323.866729729722        26.194635981867101     
   75323.914265265266        26.198421473978719     
   75323.961800800796        26.202152477007068     
   75324.009336336341        26.205755806423049     
   75324.056871871871        26.209158277693067     
   75324.104407407402        26.212286706286903     
   75324.151942942946        26.215067907673987     
   75324.199478478477        26.217428697321246     
   75324.247014014007        26.219295890698234     
   75324.294549549551        26.220609280535523     
   75324.342085085082        26.221585290871715     
   75324.389620620626        26.222705358769751     
   75324.437156156157        26.224461573554301     
   75324.484691691687        26.227346024550918     
   75324.532227227231        26.231823061517140     
   75324.579762762762        26.236994222624908     
   75324.627298298292        26.240005940914926     
   75324.674833833837        26.239807892974067     
   75324.722369369367        26.239452627353462     
   75324.769904904897        26.239207108755025     
   75324.817440440442        26.239064267535156     
   75324.864975975972        26.239017034050335     
   75324.912511511517        26.239058338656935     
   75324.960047047047        26.239181111711339     
   75325.007582582577        26.239378283569955     
   75325.055118118122        26.239642784589275     
   75325.102653653652        26.239967545125552     
   75325.150189189182        26.240344032138683     
   75325.197724724727        26.240756001360502     
   75325.245260260257        26.241184677701028     
   75325.292795795787        26.241611284579207     
   75325.340331331332        26.242017045414006     
   75325.387866866862        26.242383183623986     
   75325.435402402407        26.242690922628189     
   75325.482937937937        26.242921485845258     
   75325.530473473467        26.243056096694126     
   75325.578009009012        26.243075978593609     
   75325.625544544542        26.242962354962518     
   75325.673080080072        26.242696449219711     
   75325.720615615617        26.242259484783858     
   75325.768151151147        26.241632685074045     
   75325.815686686692        26.240797273508711     
   75325.863222222222        26.239734473507191     
   75325.910757757752        26.238425508488092     
   75325.958293293297        26.236851601869716     
   75326.005828828827        26.234993977071859     
   75326.053364364358        26.232833857512912     
   75326.100899899902        26.230352466610888     
   75326.148435435432        26.227531027786132     
   75326.195970970963        26.224350764456766     
   75326.243506506507        26.220792900040472     
   75326.291042042038        26.216838657958252     
   75326.338577577582        26.212469261626506     
   75326.386113113113        26.207665934466732     
   75326.433648648643        26.202409899896484     
   75326.481184184187        26.196682381332767     
   75326.528719719718        26.190464602197917     
   75326.576255255248        26.183737785909081     
   75326.623790790793        26.176483155882782     
   75326.671326326323        26.168681935542288     
   75326.718861861867        26.160315348301651     
   75326.766397397398        26.151364617584804     
   75326.813932932928        26.141810966808105     
   75326.861468468473        26.131635619387183     
   75326.909004004003        26.120819798747082     
   75326.956539539533        26.109344728303618     
   75327.004075075078        26.097191631471798     
   75327.051610610608        26.084417712837496     
   75327.099146146138        26.073522610934653     
   75327.146681681683        26.069732757675666     
   75327.194217217213        26.069187896771961     
   75327.241752752758        26.062812436511940     
   75327.289288288288        26.052317877720789     
   75327.336823823818        26.040266049777323     
   75327.384359359363        26.029218782058472     
   75327.431894894893        26.021737903951536     
   75327.479430430423        26.019968160765849     
   75327.526965965968        26.018639880747426     
   75327.574501501498        26.015539399846606     
   75327.622037037028        26.010894275354879     
   75327.669572572573        26.004932064561824     
   75327.717108108103        25.997880324762740     
   75327.764643643648        25.989966613245059     
   75327.812179179178        25.981418487305273     
   75327.859714714708        25.972463504232671     
   75327.907250250253        25.963329221316044     
   75327.954785785783        25.954243195852634     
   75328.002321321314        25.945432985131255     
   75328.049856856858        25.937123619479827     
   75328.097392392388        25.929409382015297     
   75328.144927927933        25.922193065695751     
   75328.192463463463        25.915362230723744     
   75328.239998998994        25.908804437295188     
   75328.287534534538        25.902407245606309     
   75328.335070070068        25.896058215859178     
   75328.382605605599        25.889644914342583     
   75328.430141141143        25.883098299827672     
   75328.477676676674        25.876496658322878     
   75328.525212212204        25.869949513809129     
   75328.572747747749        25.863566390267444     
   75328.620283283279        25.857456811684685     
   75328.667818818823        25.851730302040110     
   75328.715354354354        25.846487694315218     
   75328.762889889884        25.841733743482514     
   75328.810425425429        25.837413493162195     
   75328.857960960959        25.833471089160021     
   75328.905496496489        25.829850677277747     
   75328.953032032034        25.826496403317496     
   75329.000567567564        25.823352413084447     
   75329.048103103109        25.820362852379763     
   75329.095638638639        25.817478804082789     
   75329.143174174169        25.814691743077773     
   75329.190709709714        25.812007724340663     
   75329.238245245244        25.809432822553962     
   75329.285780780774        25.806973112397714     
   75329.333316316319        25.804634668552097     
   75329.380851851849        25.802423565699424     
   75329.428387387379        25.800345878519835     
   75329.475922922924        25.798407681693625     
   75329.523458458454        25.796615049902876     
   75329.570993993999        25.794974057827350     
   75329.618529529529        25.793490780148943     
   75329.666065065059        25.792171291548001     
   75329.713600600604        25.791021666705070     
   75329.761136136134        25.790047980301736     
   75329.808671671664        25.789256307018505     
   75329.856207207209        25.788652721536074     
   75329.903742742739        25.788243298535711     
   75329.951278278269        25.788034112698071     
   75329.998813813814        25.788031238704058     
   75330.046349349344        25.788240751234554     
   75330.093884884889        25.788668724970567     
   75330.141420420419        25.789321234592713     
   75330.188955955949        25.790204492248762     
   75330.236491491494        25.791350630567347     
   75330.284027027024        25.792848106487128     
   75330.331562562555        25.794792769674810     
   75330.379098098099        25.797280469797634     
   75330.426633633630        25.800406978558872     
   75330.474169169174        25.804202841284496     
   75330.521704704704        25.808514976486240     
   75330.569240240235        25.813158224015091     
   75330.616775775779        25.817947423722430     
   75330.664311311310        25.822697415455188     
   75330.711846846840        25.827223039064741     
   75330.759382382385        25.831339134402178     
   75330.806917917915        25.834860541314843     
   75330.854453453445        25.837602099653985     
   75330.901988988990        25.839378649269904     
   75330.949524524520        25.840005485829543     
   75330.997060060065        25.839990445093282     
   75331.044595595595        25.841413637736025     
   75331.092131131125        25.844561825956191     
   75331.139666666670        25.849142174695217     
   75331.187202202200        25.854861844664605     
   75331.234737737730        25.861427996579941     
   75331.282273273275        25.868547791157845     
   75331.329808808805        25.875928389108267     
   75331.377344344350        25.883281523425719     
   75331.424879879880        25.890454298090621     
   75331.472415415410        25.897448459222545     
   75331.519950950955        25.904274200859369     
   75331.567486486485        25.910941717032689     
   75331.615022022015        25.917461201780423     
   75331.662557557560        25.923842849140300     
   75331.710093093090        25.930096853144214     
   75331.757628628620        25.936233407829924     
   75331.805164164165        25.942262707235059     
   75331.852699699695        25.948194945391727     
   75331.900235235240        25.954040316339352     
   75331.947770770770        25.959809014110164     
   75331.995306306300        25.965511232741754     
   75332.042841841845        25.971157166271631     
   75332.090377377375        25.976757008732143     
   75332.137912912905        25.982320954160819     
   75332.185448448450        25.987859196595146     
   75332.232983983980        25.993381930067528     
   75332.280519519511        25.998899348615456     
   75332.328055055055        26.004420006909747     
   75332.375590590585        26.009940365439249     
   75332.423126126130        26.015451472559651     
   75332.470661661660        26.020944351272703     
   75332.518197197191        26.026410024585196     
   75332.565732732735        26.031839515503915     
   75332.613268268266        26.037223847030642     
   75332.660803803796        26.042554042172164     
   75332.708339339340        26.047821123935197     
   75332.755874874871        26.053016115321629     
   75332.803410410415        26.058130039339755     
   75332.850945945946        26.063154158986826     
   75332.898481481476        26.068082934305814     
   75332.946017017020        26.072913099303150     
   75332.993552552551        26.077641436616609     
   75333.041088088081        26.082264728888411     
   75333.088623623626        26.086779758760649     
   75333.136159159156        26.091183308871294     
   75333.183694694686        26.095472161862471     
   75333.231230230231        26.099643100376170     
   75333.278765765761        26.103692907050572     
   75333.326301301306        26.107618364528882     
   75333.373836836836        26.111416255449424     
   75333.421372372366        26.115083362454147     
   75333.468907907911        26.118616468184847     
   75333.516443443441        26.122012355280084     
   75333.563978978971        26.125267806381704     
   75333.611514514516        26.128379604131350     
   75333.659050050046        26.131344531167862     
   75333.706585585591        26.134159370133773     
   75333.754121121121        26.136820903668095     
   75333.801656656651        26.139325914412439     
   75333.849192192196        26.141671185008232     
   75333.896727727726        26.143853498094764     
   75333.944263263256        26.145869636313513     
   75333.991798798801        26.147716382305742     
   75334.039334334331        26.149390518711051     
   75334.086869869861        26.150889130543241     
   75334.134405405406        26.152213698382887     
   75334.181940940936        26.153369021827235     
   75334.229476476481        26.154359982196890     
   75334.277012012011        26.155191460811171     
   75334.324547547541        26.155868338990306     
   75334.372083083086        26.156395498054337     
   75334.419618618616        26.156777819322855     
   75334.467154154147        26.157020184115957     
   75334.514689689691        26.157127473753551     
   75334.562225225221        26.157104569555486     
   75334.609760760752        26.156956352841725     
   75334.657296296296        26.156687704932068     
   75334.704831831827        26.156303507146596     
   75334.752367367371        26.155808640804981     
   75334.799902902902        26.155207987227431     
   75334.847438438432        26.154506427733722     
   75334.894973973976        26.153708843643503     
   75334.942509509507        26.152820116277169     
   75334.990045045037        26.151845126954402     
   75335.037580580582        26.150788756994771     
   75335.085116116112        26.149655893991898     
   75335.132651651656        26.148451923044480     
   75335.180187187187        26.147183079510736     
   75335.227722722717        26.145855681987577     
   75335.275258258262        26.144476049071820     
   75335.322793793792        26.143050499361575     
   75335.370329329322        26.141585351453678     
   75335.417864864867        26.140086923944921     
   75335.465400400397        26.138561535433475     
   75335.512935935927        26.137015504516157     
   75335.560471471472        26.135455149789728     
   75335.608007007002        26.133886789852408     
   75335.655542542547        26.132316743300500     
   75335.703078078077        26.130751328732217     
   75335.750613613607        26.129196800143173     
   75335.798149149152        26.127658042857636     
   75335.845684684682        26.126138635615877     
   75335.893220220212        26.124642104981199     
   75335.940755755757        26.123171977516904     
   75335.988291291287        26.121731779787652     
   75336.035826826832        26.120325038356331     
   75336.083362362362        26.118955279787549     
   75336.130897897892        26.117626030644644     
   75336.178433433437        26.116340817490975     
   75336.225968968967        26.115103166891107     
   75336.273504504497        26.113916605408377     
   75336.321040040042        26.112784659606227     
   75336.368575575572        26.111710856049093     
   75336.416111111103        26.110698721300391     
   75336.463646646647        26.109751781923595     
   75336.511182182177        26.108873564483048     
   75336.558717717722        26.108067595541975     
   75336.606253253252        26.107337401664623     
   75336.653788788783        26.106686509414494     
   75336.701324324327        26.106118445355193     
   75336.748859859857        26.105636736050826     
   75336.796395395388        26.105244908064968     
   75336.843930930932        26.104946487961293     
   75336.891466466463        26.104745002303748     
   75336.939002001993        26.104643977655982     
   75336.986537537538        26.104646940581784     
   75337.034073073068        26.104757417644905     
   75337.081608608612        26.104978935409171     
   75337.129144144143        26.105315020438212     
   75337.176679679673        26.105769199295828     
   75337.224215215218        26.106344998545989     
   75337.271750750748        26.107045944752091     
   75337.319286286278        26.107875564478057     
   75337.366821821823        26.108837384287956     
   75337.414357357353        26.109934930744963     
   75337.461892892898        26.111176449207903     
   75337.509428428428        26.112592492572617     
   75337.556963963958        26.114220199241515     
   75337.604499499503        26.116096708579825     
   75337.652035035033        26.118259159951020     
   75337.699570570563        26.120743903358406     
   75337.747106106108        26.123518379388656     
   75337.794641641638        26.126428545241431     
   75337.842177177168        26.129307982261164     
   75337.889712712713        26.132004729892017     
   75337.937248248243        26.134492128766084     
   75337.984783783788        26.136807809035002     
   75338.032319319318        26.138989925420820     
   75338.079854854848        26.141076632647739     
   75338.127390390393        26.143106085439832     
   75338.174925925923        26.145116438519334     
   75338.222461461453        26.147145846610336     
   75338.269996996998        26.149232464436942     
   75338.317532532528        26.151412437094283     
   75338.365068068073        26.153696355305005     
   75338.412603603603        26.156077218544361     
   75338.460139139133        26.158547679230253     
   75338.507674674678        26.161100389780671     
   75338.555210210208        26.163728002611265     
   75338.602745745739        26.166423170140000     
   75338.650281281283        26.169178544784945     
   75338.697816816813        26.171986778961617     
   75338.745352352344        26.174840525088051     
   75338.792887887888        26.177732435582350     
   75338.840423423419        26.180655162859949     
   75338.887958958963        26.183601359339839     
   75338.935494494493        26.186563677437420     
   75338.983030030024        26.189534769570791     
   75339.030565565568        26.192507288158083     
   75339.078101101099        26.195473885614671     
   75339.125636636629        26.198427214358674     
   75339.173172172174        26.201359926808195     
   75339.220707707704        26.204264675378639     
   75339.268243243234        26.207134112488120     
   75339.315778778779        26.209960890554694     
   75339.363314314309        26.212737661993845     
   75339.410849849854        26.215457079224471     
   75339.458385385384        26.218111794662111     
   75339.505920920914        26.220694369097910     
   75339.553456456459        26.223188344043550     
   75339.600991991989        26.225560758890722     
   75339.648527527519        26.227776891377314     
   75339.696063063064        26.229802019241028     
   75339.743598598594        26.231607141047313     
   75339.791134134139        26.233194564765412     
   75339.838669669669        26.234577254955955     
   75339.886205205199        26.235768185086300     
   75339.933740740744        26.236780328623560     
   75339.981276276274        26.237626659033957     
   75340.028811811804        26.238320149784663     
   75340.076347347349        26.238873774342665     
   75340.123882882879        26.239300506174459     
   75340.171418418409        26.239613318747075     
   75340.218953953954        26.239825185527401     
   75340.266489489484        26.239949079982143     
   75340.314025025029        26.239997975578220     
   75340.361560560559        26.240020651419673     
   75340.409096096089        26.240128041051836     
   75340.456631631634        26.240263969830771     
   75340.504167167164        26.240356478959765     
   75340.551702702694        26.240333609642242     
   75340.599238238239        26.240123403081483     
   75340.646773773769        26.239657727170894     
   75340.694309309314        26.238912652965222     
   75340.741844844844        26.237892636301929     
   75340.789380380374        26.236602600140717     
   75340.836915915919        26.235047467440964     
   75340.884451451449        26.233232161163510     
   75340.931986986980        26.231161604267818     
   75340.979522522524        26.228840719713034     
   75341.027058058055        26.226274430460457     
   75341.074593593585        26.223467659469321     
   75341.122129129129        26.220425329698539     
   75341.169664664660        26.217152364109872     
   75341.217200200204        26.213653685661214     
   75341.264735735735        26.209934217314590     
   75341.312271271265        26.205998882028865     
   75341.359806806810        26.201852602762621     
   75341.407342342340        26.197500302478293     
   75341.454877877870        26.192946904134537     
   75341.502413413415        26.188197330689754     
   75341.549948948945        26.183256505106755     
   75341.597484484475        26.178129350343998     
   75341.645020020020        26.172820789359726     
   75341.692555555550        26.167335745117082     
   75341.740091091095        26.161679140572598     
   75341.787626626625        26.155855898689634     
   75341.835162162155        26.149870942426379     
   75341.882697697700        26.143729194740814     
   75341.930233233230        26.137435672926394     
   75341.977768768760        26.130998963451990     
   75342.025304304305        26.124432233429513     
   75342.072839839835        26.117748950555026     
   75342.120375375380        26.110962582516478     
   75342.167910910910        26.104086597010060     
   75342.215446446440        26.097134461725751     
   75342.262981981985        26.090119644353432     
   75342.310517517515        26.083055612589433     
   75342.358053053045        26.075955015093506     
   75342.405588588590        26.068816610681658     
   75342.453124124120        26.061627562681714     
   75342.500659659650        26.054374678948324     
   75342.548195195195        26.047044767336082     
   75342.595730730725        26.039624635706296     
   75342.643266266270        26.032101091911269     
   75342.690801801800        26.024460943812429     
   75342.738337337330        26.016690999264341     
   75342.785872872875        26.008778066121383     
   75342.833408408405        26.000708952245251     
   75342.880943943936        25.992470465490367     
   75342.928479479480        25.984055655248415     
   75342.976015015010        25.975521045442047     
   75343.023550550555        25.966960173910962     
   75343.071086086085        25.958467040403104     
   75343.118621621616        25.950135644658559     
   75343.166157157160        25.942059986417600     
   75343.213692692691        25.934334065427880     
   75343.261228228221        25.927051881429584     
   75343.308763763765        25.920307434163426     
   75343.356299299296        25.914194723376259     
   75343.403834834826        25.908807748808623     
   75343.451370370371        25.904240510201952     
   75343.498905905901        25.900587007301759     
   75343.546441441445        25.897809792994074     
   75343.593976976976        25.894926596897776     
   75343.641512512506        25.890541884448325     
   75343.689048048051        25.883608127050088     
   75343.736583583581        25.874937487239080     
   75343.784119119111        25.865957818918613     
   75343.831654654656        25.858091245453636     
   75343.879190190186        25.852125140071298     
   75343.926725725716        25.847667630144276     
   75343.974261261261        25.844198539113698     
   75344.021796796791        25.841197690423627     
   75344.069332332336        25.838164643894839     
   75344.116867867866        25.834898974527576     
   75344.164403403396        25.831433637483496     
   75344.211938938941        25.827807733202484     
   75344.259474474471        25.824060362127785     
   75344.307010010001        25.820230624699334     
   75344.354545545546        25.816357621356964     
   75344.402081081076        25.812480452544072     
   75344.449616616621        25.808638218699326     
   75344.497152152151        25.804870020266112     
   75344.544687687681        25.801214957684259     
   75344.592223223226        25.797712131393748     
   75344.639758758756        25.794400641837750     
   75344.687294294286        25.791319589456180     
   75344.734829829831        25.788507378136909     
   75344.782365365361        25.785989236896150     
   75344.829900900892        25.783778630248253     
   75344.877436436436        25.781888609364735     
   75344.924971971966        25.780332225418782     
   75344.972507507511        25.779122529581464     
   75345.020043043041        25.778272573025571     
   75345.067578578572        25.777795406922699     
   75345.115114114116        25.777704082444902     
   75345.162649649646        25.778011650764277     
   75345.210185185177        25.778731163052758     
   75345.257720720721        25.779875670482792     
   75345.305256256252        25.781445197552845     
   75345.352791791796        25.783371419997376     
   75345.400327327327        25.785563674283196     
   75345.447862862857        25.787931284266431     
   75345.495398398401        25.790383651554333     
   75345.542933933932        25.792861695122564     
   75345.590469469462        25.795386061032595     
   75345.638005005007        25.797989809911655     
   75345.685540540537        25.800706002384572     
   75345.733076076067        25.803567699078563     
   75345.780611611612        25.806607960620997     
   75345.828147147142        25.809859847636446     
   75345.875682682687        25.813356420753347     
   75345.923218218217        25.817130740595985     
   75345.970753753747        25.821215459310729     
   75346.018289289292        25.825608716825048     
   75346.065824824822        25.830248441905599     
   75346.113360360352        25.835066510529366     
   75346.160895895897        25.839994798673548     
   75346.208431431427        25.844965182310801     
   75346.255966966957        25.849909537418295     
   75346.303502502502        25.854759739973186     
   75346.351038038032        25.859447665948174     
   75346.398573573577        25.863905191321756     
   75346.446109109107        25.868064192066878     
   75346.493644644637        25.871856544160629     
   75346.541180180182        25.875214123579646     
   75346.588715715712        25.878068806297541     
   75346.636251251242        25.880353683948410     
   75346.683786786787        25.882372689499299     
   75346.731322322317        25.885321133929640     
   75346.778857857862        25.890525520499114     
   75346.826393393392        25.899312352461873     
   75346.873928928922        25.912974527674155     
   75346.921464464467        25.925403200251949     
   75346.968999999997        25.930000000000000     
