   94873.235000000001        26.370000000000001     
   94873.270121121124        26.355764779327245     
   94873.305242242248        26.341732280706008     
   94873.340363363357        26.328105226193337     
   94873.375484484481        26.315084585902166     
   94873.410605605604        26.302796288898321     
   94873.445726726728        26.291264570051084     
   94873.480847847852        26.280506426834854     
   94873.515968968975        26.270538856724023     
   94873.551090090084        26.261378857196604     
   94873.586211211208        26.253043425719397     
   94873.621332332332        26.245547067712970     
   94873.656453453455        26.238868070370032     
   94873.691574574579        26.232957377505166     
   94873.726695695703        26.227765813270324     
   94873.761816816812        26.223260767688640     
   94873.796937937936        26.219428659966827     
   94873.832059059059        26.216256958298501     
   94873.867180180183        26.213733130875269     
   94873.902301301307        26.211844645888736     
   94873.937422422416        26.210578971530897     
   94873.972543543539        26.209923644801172     
   94874.007664664663        26.209883690166258     
   94874.042785785787        26.210504679558991     
   94874.077906906910        26.211837916587385     
   94874.113028028034        26.213934704859476     
   94874.148149149143        26.216846347981893     
   94874.183270270267        26.220623995293774     
   94874.218391391390        26.225249966315801     
   94874.253512512514        26.230529664804784     
   94874.288633633638        26.236240462357276     
   94874.323754754761        26.242161771707014     
   94874.358875875871        26.248172786912328     
   94874.393996996994        26.254295562357438     
   94874.429118118118        26.260563179227599     
   94874.464239239242        26.267046424097913     
   94874.499360360365        26.273931867632609     
   94874.534481481489        26.281428231365179     
   94874.569602602598        26.289744236825474     
   94874.604723723722        26.299088605553802     
   94874.639844844845        26.309670059080396     
   94874.674965965969        26.321697318938746     
   94874.710087087093        26.335379106662344     
   94874.745208208202        26.350691256964772     
   94874.780329329325        26.365166862603768     
   94874.815450450449        26.377196100284106     
   94874.850571571573        26.388401555873610     
   94874.885692692696        26.400641276187375     
   94874.920813813820        26.414908609536724     
   94874.955934934929        26.429335220859290     
   94874.991056056053        26.443024985824639     
   94875.026177177177        26.456165571354191     
   94875.061298298300        26.468964529205806     
   94875.096419419424        26.481629411137348     
   94875.131540540548        26.494367768906695     
   94875.166661661657        26.507387154266226     
   94875.201782782780        26.520895118984534     
   94875.236903903904        26.535099214814153     
   94875.272025025028        26.550206993512955     
   94875.307146146151        26.566426006838810     
   94875.342267267260        26.583963806542016     
   94875.377388388384        26.603027944394903     
   94875.412509509508        26.623825972148357     
   94875.447630630631        26.646565441560245     
   94875.482751751755        26.671453904388439     
   94875.517872872879        26.698668522996591     
   94875.552993993988        26.726423239017954     
   94875.588115115112        26.752587181506161     
   94875.623236236235        26.777212351842028     
   94875.658357357359        26.800416434389831     
   94875.693478478483        26.822317113513844     
   94875.728599599606        26.843032073578335     
   94875.763720720715        26.862678998939664     
   94875.798841841839        26.881375573978332     
   94875.833962962963        26.899239483050263     
   94875.869084084086        26.916388410519737     
   94875.904205205210        26.932940040751031     
   94875.939326326334        26.949012058108416     
   94875.974447447443        26.964722146949718     
   94876.009568568566        26.980187991652191     
   94876.044689689690        26.995527276573533     
   94876.079810810814        27.010857686078030     
   94876.114931931937        27.026296904529946     
   94876.150053053047        27.041962616287009     
   94876.185174174170        27.057972505726436     
   94876.220295295294        27.074444257206061     
   94876.255416416418        27.091495555090166     
   94876.290537537541        27.109244083743025     
   94876.325658658665        27.127733024723565     
   94876.360779779774        27.146667852736641     
   94876.395900900898        27.165658404627955     
   94876.431022022021        27.184314511108251     
   94876.466143143145        27.202246002896054     
   94876.501264264269        27.219098400755762     
   94876.536385385392        27.235177503932292     
   94876.571506506501        27.251370855088627     
   94876.606627627625        27.268585900943425     
   94876.641748748749        27.287730088195605     
   94876.676869869872        27.309630699755296     
   94876.711990990996        27.332389658942514     
   94876.747112112105        27.351149500864707     
   94876.782233233229        27.365786456944384     
   94876.817354354353        27.379691204622368     
   94876.852475475476        27.396329769299637     
   94876.887596596600        27.417976402865591     
   94876.922717717724        27.438488933262992     
   94876.957838838833        27.452518832263429     
   94876.992959959956        27.475176542994618     
   94877.028081081080        27.499834629485566     
   94877.063202202204        27.521024832859190     
   94877.098323323327        27.537348535081751     
   94877.133444444451        27.547407118119516     
   94877.168565565560        27.550024449041889     
   94877.203686686684        27.555149568241369     
   94877.238807807807        27.567739397650957     
   94877.273928928931        27.585889435736412     
   94877.309050050055        27.607695180963510     
   94877.344171171178        27.631252131798018     
   94877.379292292288        27.654655786696313     
   94877.414413413411        27.676013181819464     
   94877.449534534535        27.694349834640832     
   94877.484655655659        27.710262931519367     
   94877.519776776782        27.724503770774330     
   94877.554897897891        27.737823650719534     
   94877.590019019015        27.750973869685001     
   94877.625140140139        27.764705725984328     
   94877.660261261262        27.779770517936754     
   94877.695382382386        27.796919543861538     
   94877.730503503510        27.816822662213351     
   94877.765624624619        27.835053076562353     
   94877.800745745742        27.840009196968698     
   94877.835866866866        27.839712775842223     
   94877.870987987990        27.841303096257107     
   94877.906109109113        27.844665120166976     
   94877.941230230237        27.849683806001067     
   94877.976351351346        27.856244112185621     
   94878.011472472470        27.864230997155360     
   94878.046593593594        27.873529419337121     
   94878.081714714717        27.884024337160156     
   94878.116835835841        27.895600709053713     
   94878.151956956950        27.908143493441660     
   94878.187078078074        27.921537648763678     
   94878.222199199197        27.935668133444011     
   94878.257320320321        27.950419905911904     
   94878.292441441445        27.965677924596612     
   94878.327562562568        27.981327147927381     
   94878.362683683677        27.997252534326819     
   94878.397804804801        28.013339042237412     
   94878.432925925925        28.029471630081861     
   94878.468047047048        28.045535256289408     
   94878.503168168172        28.061414879289309     
   94878.538289289296        28.076995457510812     
   94878.573410410405        28.092161949376980     
   94878.608531531529        28.106799313329667     
   94878.643652652652        28.120792507791748     
   94878.678773773776        28.134026491192472     
   94878.713894894900        28.146386221961084     
   94878.749016016009        28.157756658522345     
   94878.784137137132        28.168022759314962     
   94878.819258258256        28.177069482763265     
   94878.854379379380        28.184781787296501     
   94878.889500500503        28.191044631343914     
   94878.924621621627        28.195742973334760     
   94878.959742742736        28.198761771697395     
   94878.994863863860        28.199985984863613     
   94879.029984984983        28.200038399370527     
   94879.065106106107        28.200290999149654     
   94879.100227227231        28.200723392940290     
   94879.135348348354        28.201276052685181     
   94879.170469469464        28.201889450326824     
   94879.205590590587        28.202504057808497     
   94879.240711711711        28.203060347072707     
   94879.275832832835        28.203498790062206     
   94879.310953953958        28.203759858719749     
   94879.346075075082        28.203784024988082     
   94879.381196196191        28.203511760810141     
   94879.416317317315        28.202883538128471     
   94879.451438438438        28.201839828885877     
   94879.486559559562        28.200321105025104     
   94879.521680680686        28.198267838488906     
   94879.556801801795        28.195620501221264     
   94879.591922922918        28.192319565162755     
   94879.627044044042        28.188305276952139     
   94879.662165165166        28.183509118003478     
   94879.697286286289        28.177851179637344     
   94879.732407407413        28.171250791577059     
   94879.767528528522        28.163627283549342     
   94879.802649649646        28.154899985271221     
   94879.837770770770        28.144988226468964     
   94879.872891891893        28.133811336865900     
   94879.908013013017        28.121309864878249     
   94879.943134134141        28.107656363096670     
   94879.978255255250        28.093166383532779     
   94880.013376376373        28.078157578565175     
   94880.048497497497        28.062947600590412     
   94880.083618618621        28.047854101999192     
   94880.118739739744        28.033194735182224     
   94880.153860860853        28.019287115248190     
   94880.188981981977        28.006156326369776     
   94880.224103103101        27.992828824843073     
   94880.259224224224        27.978118639813538     
   94880.294345345348        27.961229409478538     
   94880.329466466472        27.942456012486538     
   94880.364587587581        27.922282932028601     
   94880.399708708705        27.901194651270330     
   94880.434829829828        27.879675653402305     
   94880.469950950952        27.858210347214040     
   94880.505072072076        27.837123680024234     
   94880.540193193199        27.816244026581032     
   94880.575314314308        27.795303377411212     
   94880.610435435432        27.774033723015588     
   94880.645556556556        27.752193594351422     
   94880.680677677679        27.729729634785727     
   94880.715798798803        27.706669754551523     
   94880.750919919927        27.683042186291630     
   94880.786041041036        27.658875162658987     
   94880.821162162159        27.634196916276373     
   94880.856283283283        27.609035679796506     
   94880.891404404407        27.583419685862197     
   94880.926525525530        27.557377167116272     
   94880.961646646640        27.530936356212578     
   94880.996767767763        27.504125485772008     
   94881.031888888887        27.476972788448254     
   94881.067010010011        27.449506496884130     
   94881.102131131134        27.421754843722461     
   94881.137252252258        27.393746061606052     
   94881.172373373367        27.365508383189468     
   94881.207494494491        27.337070041092119     
   94881.242615615614        27.308459267968466     
   94881.277736736738        27.279704296461333     
   94881.312857857862        27.250833359213537     
   94881.347978978985        27.221874688867889     
   94881.383100100094        27.192856518079239     
   94881.418221221218        27.163807079466345     
   94881.453342342342        27.134754768717563     
   94881.488463463465        27.105772883174037     
   94881.523584584589        27.077040529483504     
   94881.558705705698        27.048752045885266     
   94881.593826826822        27.021101770583517     
   94881.628947947946        26.994284041817764     
   94881.664069069069        26.968493197815715     
   94881.699190190193        26.943817352242952     
   94881.734311311317        26.919114171831012     
   94881.769432432426        26.893472657522558     
   94881.804553553549        26.867221194487961     
   94881.839674674673        26.840760556435804     
   94881.874795795797        26.814478175522648     
   94881.909916916920        26.788555486465597     
   94881.945038038044        26.763012025167473     
   94881.980159159153        26.737862966473386     
   94882.015280280277        26.713123485197272     
   94882.050401401400        26.688808756184400     
   94882.085522522524        26.664933954269557     
   94882.120643643648        26.641514254287500     
   94882.155764764771        26.618564831073023     
   94882.190885885881        26.596100859470098     
   94882.226007007004        26.574137514294883     
   94882.261128128128        26.552689970391555     
   94882.296249249252        26.531773402594897     
   94882.331370370375        26.511402985739679     
   94882.366491491484        26.491593894668775     
   94882.401612612608        26.472361304200525     
   94882.436733733732        26.453719973616224     
   94882.471854854855        26.435682236039124     
   94882.506975975979        26.418259546629812     
   94882.542097097103        26.401463359339925     
   94882.577218218212        26.385305128127662     
   94882.612339339335        26.369796306931256     
   94882.647460460459        26.354948349709190     
   94882.682581581583        26.340772710413077     
   94882.717702702706        26.327280842994568     
   94882.752823823830        26.314484201405300     
   94882.787944944939        26.302394239601760     
   94882.823066066063        26.291022411525567     
   94882.858187187187        26.280380171133515     
   94882.893308308310        26.270478972377241     
   94882.928429429434        26.261330269208372     
   94882.963550550543        26.252945515581867     
   94882.998671671667        26.245336165442410     
   94883.033792792790        26.238513672745263     
   94883.068913913914        26.232489491442070     
   94883.104035035038        26.227273502903802     
   94883.139156156161        26.222845663248972     
   94883.174277277270        26.219159109151263     
   94883.209398398394        26.216166028199396     
   94883.244519519518        26.213818607986827     
   94883.279640640641        26.212069036105326     
   94883.314761761765        26.210869500146675     
   94883.349882882889        26.210172187702636     
   94883.385004003998        26.210026364761017     
   94883.420125125122        26.211599371969960     
   94883.455246246245        26.214756756684391     
   94883.490367367369        26.218743670810809     
   94883.525488488493        26.222854822886955     
   94883.560609609602        26.226901462213711     
   94883.595730730725        26.231001830955108     
   94883.630851851849        26.235278227646752     
   94883.665972972973        26.239852950825913     
   94883.701094094096        26.244848299029865     
   94883.736215215220        26.250386570795886     
   94883.771336336329        26.256590064658528     
   94883.806457457453        26.263577505983303     
   94883.841578578576        26.271384293002811     
   94883.876699699700        26.279961856239357     
   94883.911820820824        26.289257924918584     
   94883.946941941947        26.299220228266130     
   94883.982063063057        26.309796495503132     
   94884.017184184180        26.320934455864013     
   94884.052305305304        26.332581838570150     
   94884.087426426428        26.344686372847182     
   94884.122547547551        26.357195787920745     
   94884.157668668675        26.370057813016487     
   94884.192789789784        26.383220177354527     
   94884.227910910908        26.396630610171432     
   94884.263032032031        26.410236840687450     
   94884.298153153155        26.423988084620298     
   94884.333274274279        26.437959411377101     
   94884.368395395388        26.452445605505247     
   94884.403516516511        26.467747569547498     
   94884.438637637635        26.483796307944274     
   94884.473758758759        26.500151714966513     
   94884.508879879882        26.516363583539281     
   94884.544001001006        26.532226871968746     
   94884.579122122115        26.547859066325966     
   94884.614243243239        26.563399619974117     
   94884.649364364363        26.578987986256941     
   94884.684485485486        26.594763618524688     
   94884.719606606610        26.610857915275197     
   94884.754727727734        26.627310475910825     
   94884.789848848843        26.644102536095488     
   94884.824969969966        26.661214396767640     
   94884.860091091090        26.678626358844948     
   94884.895212212214        26.696318723251956     
   94884.930333333337        26.714271790913202     
   94884.965454454446        26.732465862745649     
   94885.000575575570        26.750881239688937     
   94885.035696696694        26.769498222660108     
   94885.070817817817        26.788297112583713     
   94885.105938938941        26.807258210384294     
   94885.141060060065        26.826361816986399     
   94885.176181181174        26.845588233306586     
   94885.211302302298        26.864917760285341     
   94885.246423423421        26.884330698839264     
   94885.281544544545        26.903807349892901     
   94885.316665665669        26.923328014370792     
   94885.351786786792        26.942872993197497     
   94885.386907907901        26.962422587289453     
   94885.422029029025        26.981957097587408     
   94885.457150150149        27.001456825007814     
   94885.492271271272        27.020902070475216     
   94885.527392392396        27.040273134914163     
   94885.562513513520        27.059550319249194     
   94885.597634634629        27.078713924396940     
   94885.632755755752        27.097747450545860     
   94885.667876876876        27.116650068451229     
   94885.702997998000        27.135425739285356     
   94885.738119119123        27.154078425425244     
   94885.773240240233        27.172612089240243     
   94885.808361361356        27.191030693122720     
   94885.843482482480        27.209338199441969     
   94885.878603603604        27.227538570575000     
   94885.913724724727        27.245635768898822     
   94885.948845845851        27.263633756790433     
   94885.983966966960        27.281536496619445     
   94886.019088088084        27.299347950777694     
   94886.054209209207        27.317072081634748     
   94886.089330330331        27.334712851567620     
   94886.124451451455        27.352274222953305     
   94886.159572572578        27.369760158168816     
   94886.194693693687        27.387174619583952     
   94886.229814814811        27.404521569590145     
   94886.264935935935        27.421804970557179     
   94886.300057057058        27.439028784862057     
   94886.335178178182        27.456196974881784     
   94886.370299299291        27.473313502986276     
   94886.405420420415        27.490382331566732     
   94886.440541541539        27.507407422993047     
   94886.475662662662        27.524392739642234     
   94886.510783783786        27.541342242773069     
   94886.545904904910        27.558257075135568     
   94886.581026026019        27.575129478478281     
   94886.616147147142        27.591949941761730     
   94886.651268268266        27.608709022585650     
   94886.686389389390        27.625398717785508     
   94886.721510510513        27.642012389715958     
   94886.756631631637        27.658543454637169     
   94886.791752752746        27.674985328802514     
   94886.826873873870        27.691331428485789     
   94886.861994994993        27.707575169940334     
   94886.897116116117        27.723709969426316     
   94886.932237237241        27.739729243203907     
   94886.967358358364        27.755626407533271     
   94887.002479479474        27.771394878668069     
   94887.037600600597        27.787028072881540     
   94887.072721721721        27.802519406427297     
   94887.107842842845        27.817862295565504     
   94887.142963963968        27.833050156556329     
   94887.178085085077        27.848076405653750     
   94887.213206206201        27.862934459130386     
   94887.248327327325        27.877617733240157     
   94887.283448448448        27.892119644243216     
   94887.318569569572        27.906433608399748     
   94887.353690690696        27.920553041969910     
   94887.388811811805        27.934471361208143     
   94887.423932932928        27.948181982386163     
   94887.459054054052        27.961678321758320     
   94887.494175175176        27.974953723534380     
   94887.529296296299        27.987998271103354     
   94887.564417417423        28.000797524851372     
   94887.599538538532        28.013336712170201     
   94887.634659659656        28.025601060467149     
   94887.669780780780        28.037575797133872     
   94887.704901901903        28.049245328705233     
   94887.740023023027        28.060587885702027     
   94887.775144144136        28.071578887165042     
   94887.810265265260        28.082193737930623     
   94887.845386386383        28.092407842821377     
   94887.880507507507        28.102196606664535     
   94887.915628628631        28.111535434287326     
   94887.950749749754        28.120399730516986     
   94887.985870870863        28.128764900177380     
   94888.020991991987        28.136606348102692     
   94888.056113113111        28.143901444387065     
   94888.091234234234        28.150664598277746     
   94888.126355355358        28.156943221783671     
   94888.161476476482        28.162785881536049     
   94888.196597597591        28.168241144163879     
   94888.231718718715        28.173357576302855     
   94888.266839839838        28.178183744581830     
   94888.301960960962        28.182768215632006     
   94888.337082082086        28.187159556084566     
   94888.372203203195        28.191406332568974     
   94888.407324324318        28.195557111719921     
   94888.442445445442        28.199660460166818     
   94888.477566566566        28.203764944540850     
   94888.512687687689        28.207919131473218     
   94888.547808808813        28.212170567113624     
   94888.582929929922        28.216544087576743     
   94888.618051051046        28.221040712681958     
   94888.653172172169        28.225432058380619     
   94888.688293293293        28.229019876623369     
   94888.723414414417        28.231048097244887     
   94888.758535535540        28.230760650079873     
   94888.793656656650        28.227401464965133     
   94888.828777777773        28.220214471732838     
   94888.863898898897        28.208447954820805     
   94888.899020020021        28.195474510556039     
   94888.934141141144        28.188454600471744     
   94888.969262262268        28.185431104774636     
   94889.004383383377        28.183685675261671     
   94889.039504504501        28.180499963728451     
   94889.074625625624        28.173698002667486     
   94889.109746746748        28.164033209552354     
   94889.144867867872        28.153173654041307     
   94889.179988988981        28.141831171097731     
   94889.215110110104        28.130023612428765     
   94889.250231231228        28.117753279050859     
   94889.285352352352        28.105022471975833     
   94889.320473473475        28.091833492215535     
   94889.355594594599        28.078188640781800     
   94889.390715715708        28.064090218692400     
   94889.425836836832        28.049540526947489     
   94889.460957957956        28.034541866564648     
   94889.496079079079        28.019096538555722     
   94889.531200200203        28.003206843932542     
   94889.566321321327        27.986875083706941     
   94889.601442442436        27.970103558897812     
   94889.636563563559        27.952894570503069     
   94889.671684684683        27.935250419541433     
   94889.706805805807        27.917173407024720     
   94889.741926926930        27.898665833964778     
   94889.777048048039        27.879730001381375     
   94889.812169169163        27.860368210270654     
   94889.847290290287        27.840582761652215     
   94889.882411411410        27.820375956537891     
   94889.917532532534        27.799750095939523     
   94889.952653653658        27.778707480868938     
   94889.987774774767        27.757250412346959     
   94890.022895895891        27.735381191367637     
   94890.058017017014        27.713102118951618     
   94890.093138138138        27.690415496110734     
   94890.128259259262        27.667323623856824     
   94890.163380380385        27.643828803201725     
   94890.198501501494        27.619933335167257     
   94890.233622622618        27.595639520745458     
   94890.268743743742        27.570949660957979     
   94890.303864864865        27.545866056816653     
   94890.338985985989        27.520384756808546     
   94890.374107107113        27.494450600308220     
   94890.409228228222        27.467983361266654     
   94890.444349349345        27.440902642310725     
   94890.479470470469        27.413128046100056     
   94890.514591591593        27.384579888060419     
   94890.549712712716        27.355356261768570     
   94890.584833833826        27.325965590511078     
   94890.619954954949        27.296811191740680     
   94890.655076076073        27.267862463274763     
   94890.690197197197        27.239017342450207     
   94890.725318318320        27.210197906892027     
   94890.760439439444        27.181413420455186     
   94890.795560560553        27.152692823410398     
   94890.830681681677        27.124065055992702     
   94890.865802802800        27.095559058472837     
   94890.900923923924        27.067203771109668     
   94890.936045045048        27.039028134162017     
   94890.971166166171        27.011061087888734     
   94891.006287287280        26.983331572560090     
   94891.041408408404        26.955868528411941     
   94891.076529529528        26.928700895714670     
   94891.111650650651        26.901857614727113     
   94891.146771771775        26.875367625708115     
   94891.181892892884        26.849259868927248     
   94891.217014014008        26.823563284621706     
   94891.252135135132        26.798306813061238     
   94891.287256256255        26.773519394504671     
   94891.322377377379        26.749229969210855     
   94891.357498498503        26.725467477438631     
   94891.392619619612        26.702260859456334     
   94891.427740740735        26.679639055503561     
   94891.462861861859        26.657592915715707     
   94891.497982982983        26.635723729627511     
   94891.533104104106        26.613857625692443     
   94891.568225225230        26.591943444485324     
   94891.603346346339        26.569930026590107     
   94891.638467467463        26.547766212563374     
   94891.673588588586        26.525400842989036     
   94891.708709709710        26.502782758441896     
   94891.743830830834        26.479907990170158     
   94891.778951951957        26.457045744474485     
   94891.814073073067        26.434563293937863     
   94891.849194194190        26.412828038278249     
   94891.884315315314        26.392207377241782     
   94891.919436436438        26.373068710565178     
   94891.954557557561        26.355779437985159     
   94891.989678678670        26.340706959244180     
   94892.024799799794        26.328218674066349     
   94892.059920920918        26.318681982195105     
   94892.095042042041        26.312464283367170     
   94892.130163163165        26.309932977319267     
   94892.165284284289        26.307594960189039     
   94892.200405405398        26.291672767026267     
   94892.235526526521        26.279164595748576     
   94892.270647647645        26.272751043993093     
   94892.305768768769        26.268437378902682     
   94892.340889889892        26.263839623044237     
   94892.376011011016        26.258885238242918     
   94892.411132132125        26.253679498068117     
   94892.446253253249        26.248327676082685     
   94892.481374374373        26.242935045855930     
   94892.516495495496        26.237606880955063     
   94892.551616616620        26.232448454947271     
   94892.586737737729        26.227565041401707     
   94892.621858858853        26.223061913881494     
   94892.656979979976        26.219044345955922     
   94892.692101101100        26.215617611192187     
   94892.727222222224        26.212886983157485     
   94892.762343343347        26.210957735419026     
   94892.797464464456        26.209935141544221     
   94892.832585585580        26.209924475099392     
   94892.867706706704        26.211012214759034     
   94892.902827827827        26.213174849584838     
   94892.937948948951        26.216348977354471     
   94892.973070070075        26.220471140003802     
   94893.008191191184        26.225477879466446     
   94893.043312312308        26.231305737682437     
   94893.078433433431        26.237891256585748     
   94893.113554554555        26.245170978112249     
   94893.148675675679        26.253081444197804     
   94893.183796796802        26.261559196778276     
   94893.218917917911        26.270540777785719     
   94893.254039039035        26.279962729163465     
   94893.289160160159        26.289761592843753     
   94893.324281281282        26.299893418304748     
   94893.359402402406        26.310398090593850     
   94893.394523523515        26.321338011371672     
   94893.429644644639        26.332775582599350     
   94893.464765765762        26.344767520257324     
   94893.499886886886        26.357138612684622     
   94893.535008008010        26.369463140235418     
   94893.570129129133        26.381761892060101     
   94893.605250250243        26.394284204937364     
   94893.640371371366        26.407280966940661     
   94893.675492492490        26.421003042466513     
   94893.710613613614        26.435620074507611     
   94893.745734734737        26.451038842691489     
   94893.780855855861        26.467113045830107     
   94893.815976976970        26.483696382728482     
   94893.851098098094        26.500642552212380     
   94893.886219219217        26.517805253086991     
   94893.921340340341        26.535038184164293     
   94893.956461461465        26.552195044256248     
   94893.991582582574        26.569129532167885     
   94894.026703703697        26.585695346725259     
   94894.061824824821        26.601774497164424     
   94894.096945945945        26.617507858824037     
   94894.132067067068        26.633175068419991     
   94894.167188188192        26.649057083246642     
   94894.202309309301        26.665434860591411     
   94894.237430430425        26.682589357762119     
   94894.272551551549        26.700784426453829     
   94894.307672672672        26.720012300358473     
   94894.342793793796        26.740047806510653     
   94894.377914914920        26.760659677355669     
   94894.413036036029        26.781616645330104     
   94894.448157157152        26.802687442896705     
   94894.483278278276        26.823640802492150     
   94894.518399399400        26.844245456561747     
   94894.553520520523        26.864270137550793     
   94894.588641641632        26.883483577896833     
   94894.623762762756        26.901654510061164     
   94894.658883883880        26.918551666480962     
   94894.694005005003        26.933943779601513     
   94894.729126126127        26.947739809306547     
   94894.764247247251        26.961768627792914     
   94894.799368368360        26.976996639257646     
   94894.834489489484        26.993305910038714     
   94894.869610610607        27.010575106177441     
   94894.904731731731        27.028682893721218     
   94894.939852852855        27.047507938717445     
   94894.974973973978        27.066928907213505     
   94895.010095095087        27.086824465248476     
   94895.045216216211        27.107073278886276     
   94895.080337337335        27.127554014166151     
   94895.115458458458        27.148145337135485     
   94895.150579579582        27.168725913841676     
   94895.185700700706        27.189174410332125     
   94895.220821821815        27.209369492645916     
   94895.255942942938        27.229189826847222     
   94895.291064064062        27.248514078975013     
   94895.326185185186        27.267220915076681     
   94895.361306306309        27.285190504649645     
   94895.396427427419        27.302425749545517     
   94895.431548548542        27.319141304333563     
   94895.466669669666        27.335572808754893     
   94895.501790790790        27.351955902557883     
   94895.536911911913        27.368526225490921     
   94895.572033033037        27.385474804004495     
   94895.607154154146        27.402760073279190     
   94895.642275275270        27.420264914730165     
   94895.677396396393        27.437872169780654     
   94895.712517517517        27.455464679860984     
   94895.747638638641        27.472925286401491     
   94895.782759759764        27.490149353672390     
   94895.817880880873        27.507226399524555     
   94895.853002001997        27.524398944199461     
   94895.888123123121        27.541913653854316     
   94895.923244244244        27.560017194653422     
   94895.958365365368        27.578956232761076     
   94895.993486486477        27.598967485593644     
   94896.028607607601        27.619980283883940     
   94896.063728728725        27.641565318752843     
   94896.098849849848        27.663273005536901     
   94896.133970970972        27.684653759572683     
   94896.169092092096        27.705257996196735     
   94896.204213213205        27.724636130737899     
   94896.239334334328        27.742338578548949     
   94896.274455455452        27.757915754958127     
   94896.309576576576        27.770918075301985     
   94896.344697697699        27.780895954917078     
   94896.379818818823        27.787399809139963     
   94896.414939939932        27.789980053307005     
   94896.450061061056        27.790979927809346     
   94896.485182182179        27.795398550641526     
   94896.520303303303        27.803018071487031     
   94896.555424424427        27.813452126437486     
   94896.590545545550        27.826314351584482     
   94896.625666666660        27.841218383013100     
   94896.660787787783        27.857777856827418     
   94896.695908908907        27.875606409113281     
   94896.731030030031        27.894317675962284     
   94896.766151151154        27.913525293466051     
   94896.801272272263        27.932842897708209     
   94896.836393393387        27.951884124796511     
   94896.871514514511        27.970262611038454     
   94896.906635635634        27.987666381993581     
   94896.941756756758        28.004068229225865     
   94896.976877877882        28.019509074378384     
   94897.011998998991        28.034029839088390     
   94897.047120120114        28.047671445010970     
   94897.082241241238        28.060474813782999     
   94897.117362362362        28.072480867047560     
   94897.152483483485        28.083730526447727     
   94897.187604604609        28.094264713626572     
   94897.222725725718        28.104124350223223     
   94897.257846846842        28.113350357888923     
   94897.292967967966        28.121983658262515     
   94897.328089089089        28.130065172987081     
   94897.363210210213        28.137635823705697     
   94897.398331331322        28.144736532058587     
   94897.433452452446        28.151408219694705     
   94897.468573573569        28.157691808254086     
   94897.503694694693        28.163626231728724     
   94897.538815815817        28.169222673149203     
   94897.573936936940        28.174471927015102     
   94897.609058058049        28.179364316672295     
   94897.644179179173        28.183890165472647     
   94897.679300300297        28.188039796761881     
   94897.714421421420        28.191803533887800     
   94897.749542542544        28.195171700198230     
   94897.784663663668        28.198134619040975     
   94897.819784784777        28.200682613762893     
   94897.854905905901        28.202806007713907     
   94897.890027027024        28.204495124240694     
   94897.925148148148        28.205740286691064     
   94897.960269269272        28.206531818412834     
   94897.995390390395        28.206860042753824     
   94898.030511511504        28.206715283062003     
   94898.065632632628        28.206087862685070     
   94898.100753753752        28.204968104970803     
   94898.135874874875        28.203346333267017     
   94898.170995995999        28.201212870921523     
   94898.206117117108        28.198558041283356     
   94898.241238238232        28.195372167698121     
   94898.276359359355        28.191645573514634     
   94898.311480480479        28.187368582080708     
   94898.346601601603        28.182531516744152     
   94898.381722722726        28.177124700852787     
   94898.416843843836        28.171138457757035     
   94898.451964964959        28.164563110799740     
   94898.487086086083        28.157388983331089     
   94898.522207207207        28.149606398698893     
   94898.557328328330        28.141205680250970     
   94898.592449449454        28.132177151335124     
   94898.627570570563        28.122511135303320     
   94898.662691691687        28.112197955495361     
   94898.697812812810        28.101227935262941     
   94898.732933933934        28.089591397953864     
   94898.768055055058        28.077278666915952     
   94898.803176176167        28.064280065502551     
   94898.838297297290        28.050585917050711     
   94898.873418418414        28.036186544913477     
   94898.908539539538        28.021072272438669     
   94898.943660660661        28.005233422974111     
   94898.978781781785        27.988660322585023     
   94899.013902902894        27.971350160363134     
   94899.049024024018        27.953321802787883     
   94899.084145145142        27.934598385874772     
   94899.119266266265        27.915203045632303     
   94899.154387387389        27.895158918068958     
   94899.189508508513        27.874489139193223     
   94899.224629629622        27.853216845022533     
   94899.259750750745        27.831365171547738     
   94899.294871871869        27.808957254786016     
   94899.329992992993        27.786016230745858     
   94899.365114114116        27.762565235435758     
   94899.400235235225        27.738627404874222     
   94899.435356356349        27.714225875049895     
   94899.470477477473        27.689383781981078     
   94899.505598598596        27.664124261676275     
   94899.540719719720        27.638470503180681     
   94899.575840840844        27.612447277632072     
   94899.610961961953        27.586081170278689     
   94899.646083083077        27.559398866046585     
   94899.681204204200        27.532427049894508     
   94899.716325325324        27.505192406770359     
   94899.751446446448        27.477721621622038     
   94899.786567567571        27.450041379397437     
   94899.821688688680        27.422178365056052     
   94899.856809809804        27.394159263522667     
   94899.891930930928        27.366010759756701     
   94899.927052052051        27.337759538706052     
   94899.962173173175        27.309432285318614     
   94899.997294294299        27.281055684542288     
   94900.032415415408        27.252656421336752     
   94900.067536536531        27.224261180626353     
   94900.102657657655        27.195896647370756     
   94900.137778778779        27.167589506517860     
   94900.172899899902        27.139366443015572     
   94900.208021021012        27.111254141823402     
   94900.243142142135        27.083279287865949     
   94900.278263263259        27.055468566102792     
   94900.313384384383        27.027848661481826     
   94900.348505505506        27.000446258950948     
   94900.383626626630        26.973288043458062     
   94900.418747747739        26.946400699962144     
   94900.453868868863        26.919810913388805     
   94900.488989989986        26.893545368697147     
   94900.524111111110        26.867630750835065     
   94900.559232232234        26.842093744750468     
   94900.594353353357        26.816961035391241     
   94900.629474474466        26.792259307715433     
   94900.664595595590        26.768015246650471     
   94900.699716716714        26.744255537154569     
   94900.734837837837        26.721006864175635     
   94900.769958958961        26.698295912661568     
   94900.805080080070        26.676149367569320     
   94900.840201201194        26.654580546877366     
   94900.875322322318        26.633472919374650     
   94900.910443443441        26.612637936841114     
   94900.945564564565        26.591939858203524     
   94900.980685685689        26.571321542592663     
   94901.015806806798        26.550732109019009     
   94901.050927927921        26.530120676467490     
   94901.086049049045        26.509436363948605     
   94901.121170170169        26.488628290464312     
   94901.156291291292        26.467645575016572     
   94901.191412412416        26.446607987886317     
   94901.226533533525        26.427836461925349     
   94901.261654654649        26.413212326140250     
   94901.296775775772        26.399590381879555     
   94901.331896896896        26.385681492526615     
   94901.367018018020        26.371573642191571     
   94901.402139139143        26.357364845284557     
   94901.437260260253        26.343153116221611     
   94901.472381381376        26.329036469401061     
   94901.507502502500        26.315112919238949     
   94901.542623623624        26.301480480145422     
   94901.577744744747        26.288237494222166     
   94901.612865865856        26.275675363275930     
   94901.647986986980        26.264603526849037     
   94901.683108108104        26.255917411850696     
   94901.718229229227        26.250512445184736     
   94901.753350350351        26.250191274750808     
   94901.788471471475        26.221694455715749     
   94901.823592592584        26.200610670613671     
   94901.858713713707        26.188880379435723     
   94901.893834834831        26.184617244504587     
   94901.928955955955        26.185934928132006     
   94901.964077077078        26.190947092629727     
   94901.999198198202        26.197767400309480     
   94902.034319319311        26.204509513480509     
   94902.069440440435        26.209287094460777     
   94902.104561561559        26.210539829503745     
   94902.139682682682        26.209754430980393     
   94902.174803803806        26.209060183276328     
   94902.209924924915        26.208737936356258     
   94902.245046046039        26.208872007872770     
   94902.280167167162        26.209546715478943     
   94902.315288288286        26.210846376827675     
   94902.350409409410        26.212855309571829     
   94902.385530530533        26.215657831364290     
   94902.420651651642        26.219338259856219     
   94902.455772772766        26.223980912703510     
   94902.490893893890        26.229670107557705     
   94902.526015015013        26.236490162071682     
   94902.561136136137        26.244525393898321     
   94902.596257257261        26.253860120690497     
   94902.631378378370        26.264578660096351     
   94902.666499499494        26.276765329777614     
   94902.701620620617        26.290504447383011     
   94902.736741741741        26.305880330565429     
   94902.771862862865        26.322973125589829     
   94902.806983983988        26.340454757039296     
   94902.842105105097        26.354730695043951     
   94902.877226226221        26.366038849654444     
   94902.912347347345        26.375617125267773     
   94902.947468468468        26.384703426287633     
   94902.982589589592        26.394515940391802     
   94903.017710710701        26.405673097172070     
   94903.052831831825        26.418098919725843     
   94903.087952952948        26.431678657222179     
   94903.123074074072        26.446297558834480     
   94903.158195195196        26.461840873736151     
   94903.193316316319        26.478193851100592     
   94903.228437437429        26.495241740094013     
   94903.263558558552        26.512869789903981     
   94903.298679679676        26.530963249696971     
   94903.333800800800        26.549407368646389     
   94903.368921921923        26.568087395925630     
   94903.404043043047        26.586888580708106     
   94903.439164164156        26.605696172159426     
   94903.474285285280        26.624395730390845     
   94903.509406406403        26.642916280378113     
   94903.544527527527        26.661274603429984     
   94903.579648648651        26.679498045982335     
   94903.614769769760        26.697613954463591     
   94903.649890890883        26.715649675324634     
   94903.685012012007        26.733632554993846     
   94903.720133133131        26.751589939907110     
   94903.755254254254        26.769549176500327     
   94903.790375375378        26.787537611209387     
   94903.825496496487        26.805582590462691     
   94903.860617617611        26.823711460711088     
   94903.895738738735        26.841951568382996     
   94903.930859859858        26.860330259914317     
   94903.965980980982        26.878874881740941     
   94904.001102102106        26.897612780298772     
   94904.036223223215        26.916571302015790     
   94904.071344344338        26.935777793343590     
   94904.106465465462        26.955250219011624     
   94904.141586586586        26.974933059967931     
   94904.176707707709        26.994736165689989     
   94904.211828828818        27.014569182473217     
   94904.246949949942        27.034341756637737     
   94904.282071071066        27.053963534478967     
   94904.317192192189        27.073344162300550     
   94904.352313313313        27.092393286406129     
   94904.387434434437        27.111020553099344     
   94904.422555555546        27.129135608676460     
   94904.457676676670        27.146648099456158     
   94904.492797797793        27.163467671734455     
   94904.527918918917        27.179503971815002     
   94904.563040040041        27.194676728432892     
   94904.598161161164        27.209602367781422     
   94904.633282282273        27.226013259015698     
   94904.668403403397        27.244661331361957     
   94904.703524524521        27.264688482465239     
   94904.738645645644        27.285106181199527     
   94904.773766766768        27.304925896438832     
   94904.808887887892        27.323159097057143     
   94904.844009009001        27.338817251922645     
   94904.879130130124        27.353436490046157     
   94904.914251251248        27.373972607784964     
   94904.949372372372        27.394893801539432     
   94904.984493493495        27.413773286046883     
   94905.019614614605        27.431195882860251     
   94905.054735735728        27.447778622232939     
   94905.089856856852        27.464136514061806     
   94905.124977977976        27.480645311929486     
   94905.160099099099        27.497218871161611     
   94905.195220220223        27.513734935089879     
   94905.230341341332        27.530181887538710     
   94905.265462462456        27.546593420753776     
   94905.300583583579        27.563003363445056     
   94905.335704704703        27.579445544329381     
   94905.370825825827        27.595953792123566     
   94905.405946946950        27.612561935544420     
   94905.441068068059        27.629303803301799     
   94905.476189189183        27.646213224126384     
   94905.511310310307        27.663312844376772     
   94905.546431431430        27.680536453159419     
   94905.581552552554        27.697775445519131     
   94905.616673673663        27.714920954891355     
   94905.651794794787        27.731864114732840     
   94905.686915915911        27.748496058478960     
   94905.722037037034        27.764707919572221     
   94905.757158158158        27.780390831455129     
   94905.792279279282        27.795435927570189     
   94905.827400400391        27.809734341354151     
   94905.862521521514        27.823179052380826     
   94905.897642642638        27.835903649901969     
   94905.932763763762        27.848518588941140     
   94905.967884884885        27.861690472439836     
   94906.003006006009        27.876085903339572     
   94906.038127127118        27.892371484574621     
   94906.073248248242        27.911102485268309     
   94906.108369369365        27.931002979122216     
   94906.143490490489        27.949297740530717     
   94906.178611611613        27.963167422478111     
   94906.213732732736        27.969792677948707     
   94906.248853853846        27.978047021529065     
   94906.283974974969        27.994166546478468     
   94906.319096096093        28.009184271546875     
   94906.354217217217        28.023173751920144     
   94906.389338338340        28.036220755161271     
   94906.424459459449        28.048411048828360     
   94906.459580580573        28.059830400494484     
   94906.494701701697        28.070564577717402     
   94906.529822822820        28.080699348060115     
   94906.564943943944        28.090320479085612     
   94906.600065065068        28.099513738356883     
   94906.635186186177        28.108364893433318     
   94906.670307307300        28.116959711885212     
   94906.705428428424        28.125383961271826     
   94906.740549549548        28.133723409156154     
   94906.775670670671        28.142063247152983     
   94906.810791791795        28.150416770739209     
   94906.845912912904        28.158656439657697     
   94906.881034034028        28.166638363404985     
   94906.916155155152        28.174218651467299     
   94906.951276276275        28.181253413334296     
   94906.986397397399        28.187598758495650     
   94907.021518518508        28.193117491350939     
   94907.056639639632        28.197779130059391     
   94907.091760760755        28.201638819011617     
   94907.126881881879        28.204754115824890     
   94907.162003003003        28.207182578116491     
   94907.197124124126        28.208981763503694     
   94907.232245245235        28.210209286112562     
   94907.267366366359        28.210933832601693     
   94907.302487487483        28.211248362490018     
   94907.337608608606        28.211249053736314     
   94907.372729729730        28.211032084299372     
   94907.407850850854        28.210693632137975     
   94907.442971971963        28.210329875211038     
   94907.478093093086        28.210036991477025     
   94907.513214214210        28.209911158894862     
   94907.548335335334        28.210047395473683     
   94907.583456456457        28.210220341444440     
   94907.618577577581        28.209469834438373     
   94907.653698698690        28.207268861011396     
   94907.688819819814        28.203673425633745     
   94907.723940940938        28.198768341628952     
   94907.759062062061        28.192638422319952     
   94907.794183183185        28.185368481029673     
   94907.829304304294        28.177043331084704     
   94907.864425425418        28.167747785801041     
   94907.899546546541        28.157566658504855     
   94907.934667667665        28.146584817662745     
   94907.969788788789        28.134891271951833     
   94908.004909909912        28.122581977590848     
   94908.040031031021        28.109753555017630     
   94908.075152152145        28.096502624653965     
   94908.110273273269        28.082925806937482     
   94908.145394394392        28.069119722300627     
   94908.180515515516        28.055180991175838     
   94908.215636636640        28.041206233995538     
   94908.250757757749        28.027292071197913     
   94908.285878878873        28.013535123203827     
   94908.320999999996        28.000000000000000     
