   37574.362000000001        25.520000000000000     
   37574.445218218221        25.521317002390791     
   37574.528436436434        25.522685184323361     
   37574.611654654655        25.524155725339860     
   37574.694872872875        25.525779804982079     
   37574.778091091095        25.527608602791915     
   37574.861309309308        25.529693298311095     
   37574.944527527528        25.532085071081880     
   37575.027745745749        25.534835100646006     
   37575.110963963962        25.537994566545088     
   37575.194182182182        25.541614648321580     
   37575.277400400402        25.545746525517131     
   37575.360618618623        25.550441377673650     
   37575.443836836836        25.555750384332548     
   37575.527055055056        25.561724604379265     
   37575.610273273276        25.568403761772203     
   37575.693491491489        25.575807134488734     
   37575.776709709709        25.583951856396276     
   37575.859927927930        25.592855061360332     
   37575.943146146150        25.602533093578440     
   37576.026364364363        25.612910524964146     
   37576.109582582583        25.623735688518522     
   37576.192800800804        25.634740766837115     
   37576.276019019017        25.645783099472240     
   37576.359237237237        25.656870216022977     
   37576.442455455457        25.668018527378280     
   37576.525673673677        25.679244444428047     
   37576.608891891890        25.690564378061204     
   37576.692110110111        25.701994739169642     
   37576.775328328331        25.713551938642276     
   37576.858546546551        25.725252387369025     
   37576.941764764764        25.737110442632140     
   37577.024982982985        25.749109489361736     
   37577.108201201205        25.761208944328530     
   37577.191419419418        25.773367600461714     
   37577.274637637638        25.785544250693682     
   37577.357855855858        25.797697687953633     
   37577.441074074079        25.809786705171827     
   37577.524292292292        25.821770095277483     
   37577.607510510512        25.833606651202956     
   37577.690728728732        25.845256434275083     
   37577.773946946945        25.856716217540562     
   37577.857165165165        25.868024237536819     
   37577.940383383386        25.879220953965270     
   37578.023601601606        25.890346826528344     
   37578.106819819819        25.901442298708549     
   37578.190038038039        25.912537230740156     
   37578.273256256260        25.923632665286384     
   37578.356474474473        25.934724785982283     
   37578.439692692693        25.945809776465826     
   37578.522910910913        25.956883820372056     
   37578.606129129133        25.967943101336996     
   37578.689347347346        25.978983802995707     
   37578.772565565567        25.990002108986140     
   37578.855783783787        26.000994202943346     
   37578.939002002000        26.011956268502395     
   37579.022220220220        26.022884489301227     
   37579.105438438441        26.033775048974903     
   37579.188656656661        26.044624131159441     
   37579.271874874874        26.055427919489922     
   37579.355093093094        26.066182597604264     
   37579.438311311314        26.076884349137536     
   37579.521529529527        26.087529357724829     
   37579.604747747748        26.098113807004033     
   37579.687965965968        26.108633880610228     
   37579.771184184188        26.119085762179449     
   37579.854402402401        26.129465635346801     
   37579.937620620622        26.139769683750131     
   37580.020838838842        26.149994091024542     
   37580.104057057055        26.160135040805176     
   37580.187275275275        26.170188716729832     
   37580.270493493495        26.180151302433636     
   37580.353711711716        26.190018981552615     
   37580.436929929929        26.199787937721936     
   37580.520148148149        26.209454354579332     
   37580.603366366369        26.219014415759968     
   37580.686584584582        26.228465717779976     
   37580.769802802803        26.237813587062732     
   37580.853021021023        26.247065980158030     
   37580.936239239243        26.256230855808003     
   37581.019457457456        26.265316172753984     
   37581.102675675676        26.274329889739693     
   37581.185893893897        26.283279965506445     
   37581.269112112110        26.292174358795599     
   37581.352330330330        26.301021028350831     
   37581.435548548550        26.309827932913500     
   37581.518766766771        26.318603031225713     
   37581.601984984984        26.327354282028843     
   37581.685203203204        26.336089644066536     
   37581.768421421424        26.344817076080165     
   37581.851639639644        26.353544536811846     
   37581.934857857857        26.362279985002946     
   37582.018076076078        26.371031379397113     
   37582.101294294298        26.379806678735712     
   37582.184512512511        26.388613841760098     
   37582.267730730731        26.397460827213933     
   37582.350948948952        26.406355593838576     
   37582.434167167172        26.415306100376153     
   37582.517385385385        26.424320305567996     
   37582.600603603605        26.433406168157813     
   37582.683821821825        26.442571646886940     
   37582.767040040038        26.451824700496687     
   37582.850258258259        26.461173287730805     
   37582.933476476479        26.470625367217817     
   37583.016694694699        26.480188418908956     
   37583.099912912912        26.489868349721092     
   37583.183131131133        26.499670743930384     
   37583.266349349353        26.509601185810482     
   37583.349567567566        26.519665259634969     
   37583.432785785786        26.529868549680099     
   37583.516004004006        26.540216640219466     
   37583.599222222227        26.550715115527552     
   37583.682440440440        26.561369559877903     
   37583.765658658660        26.572185557546856     
   37583.848876876880        26.583168170629882     
   37583.932095095093        26.594277431069195     
   37584.015313313314        26.605394293633918     
   37584.098531531534        26.616395785832683     
   37584.181749749754        26.627224382948331     
   37584.264967967967        26.637875218227389     
   37584.348186186187        26.648344917737965     
   37584.431404404408        26.658630107545367     
   37584.514622622621        26.668727413714976     
   37584.597840840841        26.678633462314806     
   37584.681059059061        26.688344879410216     
   37584.764277277282        26.697858291067455     
   37584.847495495495        26.707170323351971     
   37584.930713713715        26.716277602331640     
   37585.013931931935        26.725176754071889     
   37585.097150150148        26.733864404638222     
   37585.180368368368        26.742337180098403     
   37585.263586586589        26.750591706517916     
   37585.346804804809        26.758624609963007     
   37585.430023023022        26.766432516499265     
   37585.513241241242        26.774012052194294     
   37585.596459459462        26.781359843113659     
   37585.679677677675        26.788472515322990     
   37585.762895895896        26.795346694889794     
   37585.846114114116        26.801979007879673     
   37585.929332332336        26.808366080358891     
   37586.012550550549        26.814504538393166     
   37586.095768768770        26.820391008049821     
   37586.178986986990        26.826022115394561     
   37586.262205205203        26.831394486493174     
   37586.345423423423        26.836504747412860     
   37586.428641641643        26.841349524219378     
   37586.511859859864        26.845925442978981     
   37586.595078078077        26.850229129757558     
   37586.678296296297        26.854257210622109     
   37586.761514514517        26.858006311638491     
   37586.844732732738        26.861473058872964     
   37586.927950950951        26.864654078391503     
   37587.011169169171        26.867545996260922     
   37587.094387387391        26.870145438547180     
   37587.177605605604        26.872449031316336     
   37587.260823823824        26.874453400635044     
   37587.344042042045        26.876155172569337     
   37587.427260260265        26.877550973185471     
   37587.510478478478        26.878637428549613     
   37587.593696696698        26.879411164728200     
   37587.676914914919        26.879868807787375     
   37587.760133133132        26.879993502842321     
   37587.843351351352        26.879278887148761     
   37587.926569569572        26.877473284959553     
   37588.009787787792        26.874607968159630     
   37588.093006006005        26.870714208634343     
   37588.176224224226        26.865823278267960     
   37588.259442442446        26.859966448945737     
   37588.342660660659        26.853174992553249     
   37588.425878878879        26.845480180974270     
   37588.509097097100        26.836913286094298     
   37588.592315315320        26.827505579798288     
   37588.675533533533        26.817288333972122     
   37588.758751751753        26.806292820498975     
   37588.841969969973        26.794550311264640     
   37588.925188188186        26.782092078155202     
   37589.008406406407        26.768949393053429     
   37589.091624624627        26.755153527845334     
   37589.174842842847        26.740735754415873     
   37589.258061061060        26.725727344651329     
   37589.341279279281        26.710159570434037     
   37589.424497497501        26.694063703650233     
   37589.507715715714        26.677471016186342     
   37589.590933933934        26.660412779924414     
   37589.674152152154        26.642920266750828     
   37589.757370370375        26.625024748550548     
   37589.840588588588        26.606757497210126     
   37589.923806806808        26.588149784611325     
   37590.007025025028        26.569232882640684     
   37590.090243243241        26.550038063184836     
   37590.173461461462        26.530596598125388     
   37590.256679679682        26.510934963508376     
   37590.339897897902        26.491058612599407     
   37590.423116116115        26.470967239862830     
   37590.506334334335        26.450660539608325     
   37590.589552552556        26.430138206150836     
   37590.672770770769        26.409399933805375     
   37590.755988988989        26.388445416881510     
   37590.839207207209        26.367274349694242     
   37590.922425425430        26.345886426556767     
   37591.005643643643        26.324281341784172     
   37591.088861861863        26.302458789685872     
   37591.172080080083        26.280418464576950     
   37591.255298298296        26.258160060772546     
   37591.338516516516        26.235683272581962     
   37591.421734734737        26.212987794320338     
   37591.504952952957        26.190074835355333     
   37591.588171171170        26.166994719309258     
   37591.671389389390        26.143856425976793     
   37591.754607607611        26.120772377475596     
   37591.837825825831        26.097854981738557     
   37591.921044044044        26.075194371554389     
   37592.004262262264        26.052813326121967     
   37592.087480480484        26.030721943655383     
   37592.170698698697        26.008930322368631     
   37592.253916916918        25.987448560470011     
   37592.337135135138        25.966286756173528     
   37592.420353353358        25.945455007691297     
   37592.503571571571        25.924963413237201     
   37592.586789789792        25.904822071019751     
   37592.670008008012        25.885041079252858     
   37592.753226226225        25.865630536150302     
   37592.836444444445        25.846600539920800     
   37592.919662662665        25.827961188778165     
   37593.002880880886        25.809722580934498     
   37593.086099099099        25.791894814603445     
   37593.169317317319        25.774487987993989     
   37593.252535535539        25.757512199319812     
   37593.335753753752        25.740977546794436     
   37593.418971971972        25.724894128627078     
   37593.502190190193        25.709272043031312     
   37593.585408408413        25.694121388219230     
   37593.668626626626        25.679452262404201     
   37593.751844844846        25.665274763795765     
   37593.835063063067        25.651598990607322     
   37593.918281281280        25.638440564684611     
   37594.001499499500        25.625846813612171     
   37594.084717717720        25.613876356503567     
   37594.167935935940        25.602587826243433     
   37594.251154154153        25.592039855717250     
   37594.334372372374        25.582284088986466     
   37594.417590590594        25.573320113470903     
   37594.500808808807        25.565124025267352     
   37594.584027027027        25.557671806203633     
   37594.667245245248        25.550939438109722     
   37594.750463463468        25.544902902814854     
   37594.833681681681        25.539538182148711     
   37594.916899899901        25.534821257939583     
   37595.000118118121        25.530728112017208     
   37595.083336336334        25.527234726211098     
   37595.166554554555        25.524317082349882     
   37595.249772772775        25.521951162263129     
   37595.332990990995        25.520112947780063     
   37595.416209209208        25.518783241961497     
   37595.499427427429        25.517966812983474     
   37595.582645645649        25.517675861129270     
   37595.665863863862        25.517922588954754     
   37595.749082082082        25.518719199015905     
   37595.832300300302        25.520077893868656     
   37595.915518518523        25.522010876068929     
   37595.998736736736        25.524530348172405     
   37596.081954954956        25.527648512735453     
   37596.165173173176        25.531377420279785     
   37596.248391391389        25.535721036078186     
   37596.331609609610        25.540671355635666     
   37596.414827827830        25.546219407832499     
   37596.498046046050        25.552356221549310     
   37596.581264264263        25.559072825666107     
   37596.664482482483        25.566360249064687     
   37596.747700700704        25.574209520625118     
   37596.830918918924        25.582611669228015     
   37596.914137137137        25.591557028433037     
   37596.997355355357        25.600811750687477     
   37597.080573573578        25.609817321769803     
   37597.163791791791        25.618610957949315     
   37597.247010010011        25.627359522618196     
   37597.330228228231        25.636229879166301     
   37597.413446446451        25.645388890984272     
   37597.496664664664        25.655003421461888     
   37597.579882882885        25.665235389173478     
   37597.663101101105        25.676134719699867     
   37597.746319319318        25.687640302663347     
   37597.829537537538        25.699686274282222     
   37597.912755755759        25.712206770771825     
   37597.995973973979        25.725135928348450     
   37598.079192192192        25.738407883227232     
   37598.162410410412        25.751956771626787     
   37598.245628628632        25.765716729762275     
   37598.328846846845        25.779621893848770     
   37598.412065065066        25.793606400105027     
   37598.495283283286        25.807604384746114     
   37598.578501501506        25.821549983988341     
   37598.661719719719        25.835377334046811     
   37598.744937937940        25.849020571140240     
   37598.828156156160        25.862413831483718     
   37598.911374374373        25.875491251292420     
   37598.994592592593        25.888186966784929     
   37599.077810810813        25.900435114176403     
   37599.161029029034        25.912169829683123     
   37599.244247247247        25.923325249520460     
   37599.327465465467        25.933835509906658     
   37599.410683683687        25.943634747057022     
   37599.493901901900        25.952657097187096     
   37599.577120120121        25.960836696514768     
   37599.660338338341        25.968107681255510     
   37599.743556556561        25.974635575827392     
   37599.826774774774        25.982848268233226     
   37599.909992992994        25.996452939106973     
   37599.993211211215        26.016884514764392     
   37600.076429429428        26.036867094817879     
   37600.159647647648        26.055304663794374     
   37600.242865865868        26.072288088900862     
   37600.326084084089        26.087908237346156     
   37600.409302302302        26.102255976337844     
   37600.492520520522        26.115422173087225     
   37600.575738738742        26.127497694801797     
   37600.658956956955        26.138573408689435     
   37600.742175175175        26.148740181960861     
   37600.825393393396        26.158088881823879     
   37600.908611611616        26.166710375487273     
   37600.991829829829        26.174695530159177     
   37601.075048048049        26.182135213049790     
   37601.158266266269        26.189120291367175     
   37601.241484484482        26.195741632319571     
   37601.324702702703        26.202090103116930     
   37601.407920920923        26.208256570967464     
   37601.491139139143        26.214331903079959     
   37601.574357357356        26.220406966662701     
   37601.657575575577        26.226572628925528     
   37601.740793793797        26.232919757076722     
   37601.824012012017        26.239539218325085     
   37601.907230230230        26.246521879878777     
   37601.990448448450        26.253958608947823     
   37602.073666666671        26.261939669774961     
   37602.156884884884        26.270471409825085     
   37602.240103103104        26.279390943790528     
   37602.323321321324        26.288515040380016     
   37602.406539539545        26.297660468302997     
   37602.489757757758        26.306658496043603     
   37602.572975975978        26.315469967937158     
   37602.656194194198        26.324123903854638     
   37602.739412412411        26.332649932087577     
   37602.822630630631        26.341077680929700     
   37602.905848848852        26.349436778672533     
   37602.989067067072        26.357756853608329     
   37603.072285285285        26.366067534028616     
   37603.155503503505        26.374398448227105     
   37603.238721721726        26.382779224495330     
   37603.321939939939        26.391239491124800     
   37603.405158158159        26.399808876409256     
   37603.488376376379        26.408511491047864     
   37603.571594594599        26.417347859750841     
   37603.654812812812        26.426312206162212     
   37603.738031031033        26.435398753864391     
   37603.821249249253        26.444601726437437     
   37603.904467467466        26.453915347461368     
   37603.987685685686        26.463333840518654     
   37604.070903903907        26.472851429189333     
   37604.154122122127        26.482462337054248     
   37604.237340340340        26.492160787693372     
   37604.320558558560        26.501941004689250     
   37604.403776776780        26.511797211621886     
   37604.486994994993        26.521723632071240     
   37604.570213213214        26.531714489619894     
   37604.653431431434        26.541764007847817     
   37604.736649649654        26.551866410335858     
   37604.819867867867        26.562015920663963     
   37604.903086086088        26.572206762414751     
   37604.986304304308        26.582433159168168     
   37605.069522522521        26.592689334504172     
   37605.152740740741        26.602969512005387     
   37605.235958958961        26.613267915251754     
   37605.319177177182        26.623578767824128     
   37605.402395395395        26.633896293302438     
   37605.485613613615        26.644214715269325     
   37605.568831831835        26.654528257304733     
   37605.652050050048        26.664831142988607     
   37605.735268268269        26.675117595903583     
   37605.818486486489        26.685381839629599     
   37605.901704704709        26.695617665999748     
   37605.984922922922        26.705810903524430     
   37606.068141141142        26.715940377503152     
   37606.151359359363        26.725984674500737     
   37606.234577577583        26.735922381082922     
   37606.317795795796        26.745732083814580     
   37606.401014014016        26.755392369263163     
   37606.484232232237        26.764881823993544     
   37606.567450450450        26.774179034570636     
   37606.650668668670        26.783262587561808     
   37606.733886886890        26.792111069531970     
   37606.817105105110        26.800703067046843     
   37606.900323323323        26.809017166671449     
   37606.983541541544        26.817031954972968     
   37607.066759759764        26.824726018516401     
   37607.149977977977        26.832077943866850     
   37607.233196196197        26.839066317591328     
   37607.316414414418        26.845669726254904     
   37607.399632632638        26.851866756423316     
   37607.482850850851        26.857635994661806     
   37607.566069069071        26.862956027537113     
   37607.649287287291        26.867805441614447     
   37607.732505505504        26.872163207828354     
   37607.815723723725        26.876016706009914     
   37607.898941941945        26.879361491876420     
   37607.982160160165        26.882193458901607     
   37608.065378378378        26.884508500559033     
   37608.148596596599        26.886302510322828     
   37608.231814814819        26.887571381666518     
   37608.315033033032        26.888311008063788     
   37608.398251251252        26.888517282988495     
   37608.481469469472        26.888186099914293     
   37608.564687687693        26.887313352314919     
   37608.647905905906        26.885894933664254     
   37608.731124124126        26.883926737435782     
   37608.814342342346        26.881404657103339     
   37608.897560560559        26.878324586140955     
   37608.980778778779        26.874682418021827     
   37609.063996997000        26.870474046219933     
   37609.147215215220        26.865695364209010     
   37609.230433433433        26.860342265463277     
   37609.313651651653        26.854410643455545     
   37609.396869869874        26.847896391659983     
   37609.480088088087        26.840795403550977     
   37609.563306306307        26.833104145601645     
   37609.646524524527        26.824822251404029     
   37609.729742742747        26.815950442747567     
   37609.812960960960        26.806489442411067     
   37609.896179179181        26.796439973170841     
   37609.979397397401        26.785802757805662     
   37610.062615615614        26.774578519094494     
   37610.145833833834        26.762767979813336     
   37610.229052052055        26.750371862741119     
   37610.312270270275        26.737390890655792     
   37610.395488488488        26.723825786336544     
   37610.478706706708        26.709677272558960     
   37610.561924924928        26.694946072102162     
   37610.645143143141        26.679632907745489     
   37610.728361361362        26.663738502264216     
   37610.811579579582        26.647263578437631     
   37610.894797797802        26.630208859043687     
   37610.978016016015        26.612575066861922     
   37611.061234234236        26.594362924667216     
   37611.144452452456        26.575573155239049     
   37611.227670670676        26.556206481355382     
   37611.310888888889        26.536263625795954     
   37611.394107107109        26.515745311335234     
   37611.477325325330        26.494656892112868     
   37611.560543543543        26.473047593368918     
   37611.643761761763        26.450990833206113     
   37611.726979979983        26.428560282844145     
   37611.810198198204        26.405831212546758     
   37611.893416416417        26.383306693839423     
   37611.976634634637        26.362492087128540     
   37612.059852852857        26.344948705720363     
   37612.143071071070        26.327020252018695     
   37612.226289289290        26.305174754998912     
   37612.309507507511        26.281072274373773     
   37612.392725725731        26.256453726711527     
   37612.475943943944        26.232918299176045     
   37612.559162162164        26.210756142648098     
   37612.642380380385        26.189550009072221     
   37612.725598598598        26.168875730824496     
   37612.808816816818        26.148309182920226     
   37612.892035035038        26.127524324598689     
   37612.975253253258        26.106502457042225     
   37613.058471471471        26.085284919007414     
   37613.141689689692        26.063913049245258     
   37613.224907907912        26.042428186512318     
   37613.308126126125        26.020871669565189     
   37613.391344344345        25.999284837154807     
   37613.474562562566        25.977709028037779     
   37613.557780780786        25.956185580968814     
   37613.640998998999        25.934755834704493     
   37613.724217217219        25.913461127995781     
   37613.807435435439        25.892342799599266     
   37613.890653653652        25.871442188271484     
   37613.973871871873        25.850800632763484     
   37614.057090090093        25.830459471831819     
   37614.140308308313        25.810460044231206     
   37614.223526526526        25.790843688718056     
   37614.306744744747        25.771651744043641     
   37614.389962962967        25.752935209426205     
   37614.473181181180        25.734794930392258     
   37614.556399399400        25.717314192872319     
   37614.639617617620        25.700517437921704     
   37614.722835835841        25.684423215631242     
   37614.806054054054        25.669050076093093     
   37614.889272272274        25.654416569395394     
   37614.972490490494        25.640541245630367     
   37615.055708708707        25.627442654889961     
   37615.138926926928        25.615139347262723     
   37615.222145145148        25.603649872840670     
   37615.305363363368        25.592992781714635     
   37615.388581581581        25.583186623976282     
   37615.471799799801        25.574249949714726     
   37615.555018018022        25.566201309021711     
   37615.638236236235        25.559059251988650     
   37615.721454454455        25.552842328705133     
   37615.804672672675        25.547569089262669     
   37615.887890890896        25.543258083752086     
   37615.971109109109        25.539927856836893     
   37616.054327327329        25.537237578438045     
   37616.137545545549        25.533514090186120     
   37616.220763763769        25.526883546061178     
   37616.303981981982        25.519530969221389     
   37616.387200200203        25.516719218324923     
   37616.470418418423        25.517454952874175     
   37616.553636636636        25.519464161389344     
   37616.636854854856        25.520634147128334     
   37616.720073073076        25.520619276799216     
   37616.803291291297        25.520164589660524     
   37616.886509509510        25.520021058199330     
   37616.969727727730        25.520600861890689     
   37617.052945945950        25.521905878017243     
   37617.136164164163        25.523913367381766     
   37617.219382382384        25.526600590787574     
   37617.302600600604        25.529944809037495     
   37617.385818818824        25.533923282934488     
   37617.469037037037        25.538513273281104     
   37617.552255255257        25.543692040881108     
   37617.635473473478        25.549436846537102     
   37617.718691691691        25.555724951051474     
   37617.801909909911        25.562533615228297     
   37617.885128128131        25.569840099870014     
   37617.968346346352        25.577621665779589     
   37618.051564564565        25.585855573759257     
   37618.134782782785        25.594519084613431     
   37618.218001001005        25.603589459144366     
   37618.301219219218        25.613043958154201     
   37618.384437437438        25.622859842447550     
   37618.467655655659        25.633014372826580     
   37618.550873873879        25.643484810094250     
   37618.634092092092        25.654248415052578     
   37618.717310310312        25.665282448506424     
   37618.800528528533        25.676564171257823     
   37618.883746746746        25.688070844108726     
   37618.966964964966        25.699779727864112     
   37619.050183183186        25.711668083325968     
   37619.133401401406        25.723713171297241     
   37619.216619619619        25.735892252579845     
   37619.299837837840        25.748182587978881     
   37619.383056056060        25.760561438296246     
   37619.466274274273        25.773006064333831     
   37619.549492492493        25.785493726896771     
   37619.632710710714        25.798001686786957     
   37619.715928928934        25.810507204807354     
   37619.799147147147        25.822987541759844     
   37619.882365365367        25.835419958449574     
   37619.965583583587        25.847781715678426     
   37620.048801801800        25.860050074248296     
   37620.132020020021        25.872202294964300     
   37620.215238238241        25.884215638628337     
   37620.298456456461        25.896067366043361     
   37620.381674674674        25.907734738011346     
   37620.464892892895        25.919197908741364     
   37620.548111111115        25.930458155805574     
   37620.631329329328        25.941526123272833     
   37620.714547547548        25.952412497273492     
   37620.797765765768        25.963127963934980     
   37620.880983983989        25.973683209385719     
   37620.964202202202        25.984088919753216     
   37621.047420420422        25.994355781167698     
   37621.130638638642        26.004494479756669     
   37621.213856856863        26.014515701648538     
   37621.297075075076        26.024430132970860     
   37621.380293293296        26.034248459853778     
   37621.463511511516        26.043981368424834     
   37621.546729729729        26.053639544811599     
   37621.629947947949        26.063233675144179     
   37621.713166166170        26.072774445550134     
   37621.796384384390        26.082272542157881     
   37621.879602602603        26.091738651095000     
   37621.962820820823        26.101183458491569     
   37622.046039039044        26.110617650475167     
   37622.129257257257        26.120051913173381     
   37622.212475475477        26.129496932716272     
   37622.295693693697        26.138963395231436     
   37622.378911911917        26.148461986847277     
   37622.462130130130        26.158003393691377     
   37622.545348348351        26.167598301893818     
   37622.628566566571        26.177257397582174     
   37622.711784784784        26.186991366884016     
   37622.795003003004        26.196810895929445     
   37622.878221221225        26.206726670846038     
   37622.961439439445        26.216749377762198     
   37623.044657657658        26.226889702805451     
   37623.127875875878        26.237158332105984     
   37623.211094094098        26.247565951791330     
   37623.294312312311        26.258123247988969     
   37623.377530530532        26.268840906829158     
   37623.460748748752        26.279729614439400     
   37623.543966966972        26.290800053944107     
   37623.627185185185        26.302052890119214     
   37623.710403403406        26.313456434895599     
   37623.793621621626        26.324972481589931     
   37623.876839839839        26.336562823518829     
   37623.960058058059        26.348189254001966     
   37624.043276276279        26.359813566355971     
   37624.126494494500        26.371397553898483     
   37624.209712712713        26.382903009946141     
   37624.292930930933        26.394291727818590     
   37624.376149149153        26.405525500832475     
   37624.459367367366        26.416566122304474     
   37624.542585585586        26.427375385554154     
   37624.625803803807        26.437915083898190     
   37624.709022022027        26.448147010654210     
   37624.792240240240        26.458032959139018     
   37624.875458458460        26.467534722671978     
   37624.958676676681        26.476614094569854     
   37625.041894894894        26.485232868149552     
   37625.125113113114        26.493352836730217     
   37625.208331331334        26.500935793628717     
   37625.291549549554        26.507943532162692     
   37625.374767767767        26.514337845649251     
   37625.457985985988        26.520080527407156     
   37625.541204204208        26.525133370753462     
   37625.624422422421        26.529458169005459     
   37625.707640640641        26.533560922552375     
   37625.790858858862        26.541264164054233     
   37625.874077077082        26.554930881550295     
   37625.957295295295        26.569623287725452     
   37626.040513513515        26.582942555683378     
   37626.123731731735        26.595003119304373     
   37626.206949949956        26.605961968094906     
   37626.290168168169        26.615976091560604     
   37626.373386386389        26.625202479209669     
   37626.456604604609        26.633798120547649     
   37626.539822822822        26.641920005080316     
   37626.623041041043        26.649725122315552     
   37626.706259259263        26.657370461759083     
   37626.789477477483        26.665013012917381     
   37626.872695695696        26.672808349412112     
   37626.955913913916        26.680839870778335     
   37627.039132132137        26.689085894422764     
   37627.122350350350        26.697516447706562     
   37627.205568568570        26.706101557993126     
   37627.288786786790        26.714811252643628     
   37627.372005005011        26.723615559019997     
   37627.455223223224        26.732484504483363     
   37627.538441441444        26.741388116397189     
   37627.621659659664        26.750296422122624     
   37627.704877877877        26.759179449020799     
   37627.788096096097        26.768007224455182     
   37627.871314314318        26.776749775786918     
   37627.954532532538        26.785377130377910     
   37628.037750750751        26.793859315589351     
   37628.120968968971        26.802166358784625     
   37628.204187187192        26.810268287324909     
   37628.287405405405        26.818135128571427     
   37628.370623623625        26.825736909887489     
   37628.453841841845        26.833043658634296     
   37628.537060060065        26.840025402173769     
   37628.620278278278        26.846652167867251     
   37628.703496496499        26.852893983077820     
   37628.786714714719        26.858720875166799     
   37628.869932932932        26.864102871495650     
   37628.953151151152        26.869009999427227     
   37629.036369369373        26.873412286322953     
   37629.119587587593        26.877279759544741     
   37629.202805805806        26.880582475803152     
   37629.286024024026        26.883297591529136     
   37629.369242242246        26.885418557996953     
   37629.452460460459        26.886941103473216     
   37629.535678678680        26.887860956224884     
   37629.618896896900        26.888173844518519     
   37629.702115115120        26.887875496620829     
   37629.785333333333        26.886961640798617     
   37629.868551551554        26.885428005318449     
   37629.951769769774        26.883270318447074     
   37630.034987987987        26.880484308451479     
   37630.118206206207        26.877065703597882     
   37630.201424424427        26.873010232153213     
   37630.284642642648        26.868313622384175     
   37630.367860860861        26.862971602557970     
   37630.451079079081        26.856979900940384     
   37630.534297297301        26.850334245798557     
   37630.617515515522        26.843030365399194     
   37630.700733733735        26.835063988009740     
   37630.783951951955        26.826430841895501     
   37630.867170170175        26.817126655323857     
   37630.950388388388        26.807147156562419     
   37631.033606606608        26.796488073876152     
   37631.116824824829        26.785145135532606     
   37631.200043043049        26.773115046241376     
   37631.283261261262        26.760411335283390     
   37631.366479479482        26.747061718419147     
   37631.449697697703        26.733094355422232     
   37631.532915915916        26.718537406066478     
   37631.616134134136        26.703419030121839     
   37631.699352352356        26.687767387362094     
   37631.782570570576        26.671610637559741     
   37631.865788788789        26.654976940488787     
   37631.949007007010        26.637894455918829     
   37632.032225225230        26.620391343623822     
   37632.115443443443        26.602495763377860     
   37632.198661661663        26.584235874950338     
   37632.281879879883        26.565639838115310     
   37632.365098098104        26.546735812645295     
   37632.448316316317        26.527551958314501     
   37632.531534534537        26.508116434892084     
   37632.614752752757        26.488455838581810     
   37632.697970970970        26.468572006049676     
   37632.781189189191        26.448446991446776     
   37632.864407407411        26.428062296505491     
   37632.947625625631        26.407399422956477     
   37633.030843843844        26.386439872532243     
   37633.114062062064        26.365165146959779     
   37633.197280280285        26.343556747971558     
   37633.280498498498        26.321596177300179     
   37633.363716716718        26.299264937453987     
   37633.446934934938        26.276569263340221     
   37633.530153153159        26.253605100416586     
   37633.613371371372        26.230488728184820     
   37633.696589589592        26.207336426140603     
   37633.779807807812        26.184259238574601     
   37633.863026026025        26.161310746951131     
   37633.946244244245        26.138509011489834     
   37634.029462462466        26.115871566356052     
   37634.112680680686        26.093415945713112     
   37634.195898898899        26.071159683726272     
   37634.279117117119        26.049120314554969     
   37634.362335335340        26.027315372364473     
   37634.445553553553        26.005762391319998     
   37634.528771771773        25.984478905581092     
   37634.611989989993        25.963482449312977     
   37634.695208208213        25.942790556678979     
   37634.778426426426        25.922420761844190     
   37634.861644644647        25.902390598968374     
   37634.944862862867        25.882717602216655     
   37635.028081081080        25.863419305754022     
   37635.111299299300        25.844513243740430     
   37635.194517517521        25.826016950340904     
   37635.277735735741        25.807947959718778     
   37635.360953953954        25.790323513878409     
   37635.444172172174        25.773155534731494     
   37635.527390390394        25.756451302024114     
   37635.610608608615        25.740217939714061     
   37635.693826826828        25.724462571760498     
   37635.777045045048        25.709192322118462     
   37635.860263263268        25.694414314747142     
   37635.943481481481        25.680135673605569     
   37636.026699699702        25.666363522649043     
   37636.109917917922        25.653104985836620     
   37636.193136136142        25.640367187126103     
   37636.276354354355        25.628157250476335     
   37636.359572572575        25.616482299842971     
   37636.442790790796        25.605349459184900     
   37636.526009009009        25.594765852460824     
   37636.609227227229        25.584738603626683     
   37636.692445445449        25.575274836641224     
   37636.775663663670        25.566381675462246     
   37636.858881881883        25.558066243702541     
   37636.942100100103        25.550335618149603     
   37637.025318318323        25.543196781837622     
   37637.108536536536        25.536656706624711     
   37637.191754754756        25.530722364367271     
   37637.274972972977        25.525400726923458     
   37637.358191191197        25.520698766150836     
   37637.441409409410        25.516623453907282     
   37637.524627627630        25.513181762049644     
   37637.607845845851        25.510380662435860     
   37637.691064064064        25.508227126923650     
   37637.774282282284        25.506728127370188     
   37637.857500500504        25.505890635633250     
   37637.940718718724        25.505721623570388     
   37638.023936936937        25.506228063039089     
   37638.107155155158        25.507416925896997     
   37638.190373373378        25.509295184001658     
   37638.273591591591        25.511869809210360     
   37638.356809809811        25.515147773381123     
   37638.440028028032        25.519136048371298     
   37638.523246246252        25.523841606038449     
   37638.606464464465        25.529271418239624     
   37638.689682682685        25.535432456833320     
   37638.772900900905        25.542331693676662     
   37638.856119119118        25.549976100626502     
   37638.939337337339        25.558372649541727     
   37639.022555555559        25.567528312279265     
   37639.105773773779        25.577450060696666     
   37639.188991991992        25.588144866650524     
   37639.272210210213        25.599619702000258     
   37639.355428428433        25.611881472200078     
   37639.438646646646        25.624907083034113     
   37639.521864864866        25.638596173478120     
   37639.605083083086        25.652836112426755     
   37639.688301301307        25.667514268775776     
   37639.771519519520        25.682518011419617     
   37639.854737737740        25.697734709256675     
   37639.937955955960        25.713051731181405     
   37640.021174174173        25.728356446088235     
   37640.104392392393        25.743536222875608     
   37640.187610610614        25.758478430437947     
   37640.270828828834        25.773070437670999     
   37640.354047047047        25.787199613469326     
   37640.437265265267        25.800753326731162     
   37640.520483483488        25.813618946351010     
   37640.603701701708        25.825683841224624     
   37640.686919919921        25.836835380246839     
   37640.770138138141        25.846960932315369     
   37640.853356356361        25.855947866324954     
   37640.936574574574        25.863683551170745     
   37641.019792792795        25.870055355749848     
   37641.103011011015        25.874950648957302     
   37641.186229229235        25.878256799688863     
   37641.269447447448        25.879861176840226     
   37641.352665665669        25.880062486421338     
   37641.435883883889        25.883167263352259     
   37641.519102102102        25.890098402864666     
   37641.602320320322        25.900166273087237     
   37641.685538538542        25.912681242146942     
   37641.768756756763        25.926953678171209     
   37641.851974974976        25.942293949286082     
   37641.935193193196        25.958012423621714     
   37642.018411411416        25.973419469304222     
   37642.101629629629        25.987825454459831     
   37642.184847847850        26.000540779718133     
   37642.268066066070        26.011252221039562     
   37642.351284284290        26.020957263577554     
   37642.434502502503        26.030652497586562     
   37642.517720720723        26.040483200372929     
   37642.600938938944        26.050437037779876     
   37642.684157157157        26.060501675650556     
   37642.767375375377        26.070664779830800     
   37642.850593593597        26.080914016163781     
   37642.933811811818        26.091237050493554     
   37643.017030030031        26.101621548663260     
   37643.100248248251        26.112055176518776     
   37643.183466466471        26.122525599903248     
   37643.266684684684        26.133020484659813     
   37643.349902902904        26.143527496634359     
   37643.433121121125        26.154034301670023     
   37643.516339339345        26.164528565610873     
   37643.599557557558        26.174997954300032     
   37643.682775775778        26.185430133583395     
   37643.765993993999        26.195812769304098     
   37643.849212212212        26.206133527305298     
   37643.932430430432        26.216380073432852     
   37644.015648648652        26.226540073529911     
   37644.098866866872        26.236601193440528     
   37644.182085085085        26.246551099007895     
   37644.265303303306        26.256377456077807     
   37644.348521521526        26.266067930493442     
   37644.431739739739        26.275610188098032     
   37644.514957957959        26.284991894737292     
   37644.598176176180        26.294200716254441     
   37644.681394394400        26.303224318493534     
   37644.764612612613        26.312050367297864     
   37644.847830830833        26.320666528513026     
   37644.931049049053        26.329060467982295     
   37645.014267267266        26.337219851549023     
   37645.097485485487        26.345132345058694     
   37645.180703703707        26.352785614354634     
   37645.263921921927        26.360167325822474     
   37645.347140140140        26.367312225418651     
   37645.430358358361        26.374430779040381     
   37645.513576576581        26.381774441050691     
   37645.596794794801        26.389594665813235     
   37645.680013013014        26.398142907690890     
   37645.763231231234        26.407628677653989     
   37645.846449449455        26.417947359001925     
   37645.929667667668        26.428851905704789     
   37646.012885885888        26.440094564076375     
   37646.096104104108        26.451427580427612     
   37646.179322322329        26.462603201070365     
   37646.262540540542        26.473373672315589     
   37646.345758758762        26.483491240477047     
   37646.428976976982        26.492708151865639     
   37646.512195195195        26.500776652792585     
   37646.595413413415        26.507448989571177     
   37646.678631631636        26.512679612002749     
   37646.761849849856        26.520367081600018     
   37646.845068068069        26.537341962327204     
   37646.928286286289        26.548308656428649     
   37647.011504504510        26.553343553267037     
   37647.094722722723        26.560865975419222     
   37647.177940940943        26.570521654023089     
   37647.261159159163        26.581753983273025     
   37647.344377377383        26.594006357363973     
   37647.427595595596        26.606722170489753     
   37647.510813813817        26.619382508381541     
   37647.594032032037        26.631804522488036     
   37647.677250250250        26.643981857297007     
   37647.760468468470        26.655909722235613     
   37647.843686686690        26.667583326727815     
   37647.926904904911        26.678997880198633     
   37648.010123123124        26.690148592072141     
   37648.093341341344        26.701030671775310     
   37648.176559559564        26.711639328732186     
   37648.259777777777        26.721969772366911     
   37648.342995995998        26.732017212106314     
   37648.426214214218        26.741776857374511     
   37648.509432432438        26.751243917596529     
   37648.592650650651        26.760413602196614     
   37648.675868868871        26.769281120601391     
   37648.759087087092        26.777841682235085     
   37648.842305305305        26.786090496522007     
   37648.925523523525        26.794022772888628     
   37649.008741741745        26.801633720759256     
   37649.091959959966        26.808918549558904     
   37649.175178178179        26.815872468712008     
   37649.258396396399        26.822490687644827     
   37649.341614614619        26.828768415781759     
   37649.424832832832        26.834700862547329     
   37649.508051051052        26.840283237367601     
   37649.591269269273        26.845510749667078     
   37649.674487487493        26.850378608870784     
   37649.757705705706        26.854882024403366     
   37649.840923923926        26.859016205690647     
   37649.924142142147        26.862776362157248     
   37650.007360360360        26.866157703227913     
   37650.090578578580        26.869155438328264     
   37650.173796796800        26.871764776883023     
   37650.257015015020        26.873980928317209     
   37650.340233233233        26.875799102055716     
   37650.423451451454        26.877214507523892     
   37650.506669669674        26.878222354146587     
   37650.589887887894        26.878817851348831     
   37650.673106106107        26.878996208555655     
   37650.756324324328        26.878752635192118     
   37650.839542542548        26.878082340683218     
   37650.922760760761        26.876980534454098     
   37651.005978978981        26.875442425929595     
   37651.089197197201        26.873463224534813     
   37651.172415415422        26.871038139694782     
   37651.255633633635        26.868160481601485     
   37651.338851851855        26.864797323562186     
   37651.422070070075        26.860896602209003     
   37651.505288288288        26.856405819458089     
   37651.588506506509        26.851272477224413     
   37651.671724724729        26.845444077424084     
   37651.754942942949        26.838868121972830     
   37651.838161161162        26.831492112787092     
   37651.921379379382        26.823263551781309     
   37652.004597597603        26.814129940871847     
   37652.087815815816        26.804038781975368     
   37652.171034034036        26.792956349806438     
   37652.254252252256        26.781103513567849     
   37652.337470470477        26.768884492545702     
   37652.420688688690        26.756704544299982     
   37652.503906906910        26.744675560644431     
   37652.587125125130        26.732373881548806     
   37652.670343343343        26.719318835300253     
   37652.753561561563        26.705029750182497     
   37652.836779779784        26.689026008437828     
   37652.919997998004        26.671163464936541     
   37653.003216216217        26.652431503638137     
   37653.086434434437        26.634047182024503     
   37653.169652652658        26.616563597023568     
   37653.252870870871        26.599494578461258     
   37653.336089089091        26.582272150303513     
   37653.419307307311        26.564593113559745     
   37653.502525525531        26.546459387916386     
   37653.585743743744        26.527889800081315     
   37653.668961961965        26.508903176757528     
   37653.752180180185        26.489518344652865     
   37653.835398398398        26.469754130475312     
   37653.918616616618        26.449629360927648     
   37654.001834834839        26.429162862717831     
   37654.085053053059        26.408373462552095     
   37654.168271271272        26.387279987138541     
   37654.251489489492        26.365901263179712     
   37654.334707707712        26.344256117383690     
   37654.417925925925        26.322363393329077     
   37654.501144144146        26.300242850199950     
   37654.584362362366        26.277915613453004     
   37654.667580580586        26.255402920095548     
   37654.750798798799        26.232726007136872     
   37654.834017017020        26.209906111580310     
   37654.917235235240        26.186965232444145     
   37655.000453453453        26.163938372690023     
   37655.083671671673        26.140871434089092     
   37655.166889889893        26.117810655281545     
   37655.250108108114        26.094802274905568     
   37655.333326326327        26.071892531601357     
   37655.416544544547        26.049127664003080     
   37655.499762762767        26.026553910750941     
   37655.582980980987        26.004217510483123     
   37655.666199199200        25.982164701839736     
   37655.749417417421        25.960441723455101     
   37655.832635635641        25.939094813969355     
   37655.915853853854        25.918170212022492     
   37655.999072072074        25.897714156249037     
   37656.082290290295        25.877771962028081     
   37656.165508508515        25.858375985709220     
   37656.248726726728        25.839549028052609     
   37656.331944944948        25.821313667107873     
   37656.415163163168        25.803692480929595     
   37656.498381381381        25.786707231899104     
   37656.581599599602        25.770199613486497     
   37656.664817817822        25.753629674918361     
   37656.748036036042        25.737267912914120     
   37656.831254254255        25.721534868964774     
   37656.914472472476        25.706363765509678     
   37656.997690690696        25.691684359988272     
   37657.080908908909        25.677426409839825     
   37657.164127127129        25.663519672499898     
   37657.247345345349        25.649893905407794     
   37657.330563563570        25.636478866001557     
   37657.413781781783        25.623204311720379     
   37657.497000000003        25.609999999999999     
