   31173.254000000001        26.750000000000000     
   31173.308613613615        26.756605495400191     
   31173.363227227230        26.763204959361076     
   31173.417840840841        26.769792360442914     
   31173.472454454455        26.776361667207269     
   31173.527068068070        26.782906848214395     
   31173.581681681684        26.789421872024992     
   31173.636295295295        26.795900707199316     
   31173.690908908909        26.802337322298925     
   31173.745522522524        26.808725685884085     
   31173.800136136138        26.815059766515489     
   31173.854749749749        26.821333532753407     
   31173.909363363364        26.827540953159371     
   31173.963976976978        26.833675996293657     
   31174.018590590593        26.839732630716959     
   31174.073204204204        26.845704824989571     
   31174.127817817818        26.851586375489873     
   31174.182431431433        26.857354053754801     
   31174.237045045047        26.862954939911571     
   31174.291658658658        26.868362624325318     
   31174.346272272272        26.873578164365739     
   31174.400885885887        26.878603640762247     
   31174.455499499501        26.883441134244595     
   31174.510113113112        26.888092725542254     
   31174.564726726727        26.892560495385617     
   31174.619340340341        26.896846524504127     
   31174.673953953956        26.900952893627551     
   31174.728567567567        26.904881683485410     
   31174.783181181181        26.908634974807988     
   31174.837794794796        26.912214848324790     
   31174.892408408410        26.915623384765585     
   31174.947022022021        26.918862664859923     
   31175.001635635635        26.921934769338005     
   31175.056249249250        26.924841778929391     
   31175.110862862864        26.927585774363827     
   31175.165476476479        26.930168836371099     
   31175.220090090090        26.932593045680811     
   31175.274703703704        26.934860483023055     
   31175.329317317319        26.936973229127428     
   31175.383930930933        26.938933364723709     
   31175.438544544544        26.940742970541542     
   31175.493158158159        26.942404127310933     
   31175.547771771773        26.943918915761532     
   31175.602385385388        26.945289416623101     
   31175.656998998998        26.946517710625336     
   31175.711612612613        26.947605878498166     
   31175.766226226227        26.948556000971273     
   31175.820839839842        26.949370158774421     
   31175.875453453453        26.950050432637340     
   31175.930067067067        26.950598903289894     
   31175.984680680682        26.951017651461793     
   31176.039294294296        26.951308757882806     
   31176.093907907907        26.951474303282701     
   31176.148521521522        26.951516368391260     
   31176.203135135136        26.951437033938237     
   31176.257748748751        26.951238380653407     
   31176.312362362361        26.950922489266553     
   31176.366975975976        26.950491440507406     
   31176.421589589590        26.949947315105746     
   31176.476203203205        26.949292193791351     
   31176.530816816816        26.948528157294035     
   31176.585430430430        26.947657286343464     
   31176.640044044045        26.946681661669462     
   31176.694657657659        26.945603364001787     
   31176.749271271270        26.944424474070292     
   31176.803884884885        26.943147072604596     
   31176.858498498499        26.941773240334523     
   31176.913112112114        26.940305057989860     
   31176.967725725728        26.938744606300368     
   31177.022339339339        26.937093965995921     
   31177.076952952953        26.935355217806077     
   31177.131566566568        26.933530442460707     
   31177.186180180182        26.931621720689577     
   31177.240793793793        26.929631133222593     
   31177.295407407408        26.927560760789255     
   31177.350021021022        26.925412684119468     
   31177.404634634637        26.923188983942993     
   31177.459248248248        26.920891740989752     
   31177.513861861862        26.918521123440129     
   31177.568475475477        26.916050834402007     
   31177.623089089091        26.913435251696434     
   31177.677702702702        26.910628312950415     
   31177.732316316316        26.907583955790354     
   31177.786929929931        26.904256117843236     
   31177.841543543545        26.900598736735859     
   31177.896157157156        26.896582352356056     
   31177.950770770771        26.892283859772011     
   31178.005384384385        26.887822102157362     
   31178.059997998000        26.883316024783035     
   31178.114611611611        26.878884572920242     
   31178.169225225225        26.874646691839320     
   31178.223838838840        26.870721326811495     
   31178.278452452454        26.867227423107693     
   31178.333066066065        26.864283925999022     
   31178.387679679679        26.862009780756004     
   31178.442293293294        26.860523932649787     
   31178.496906906908        26.859942058388391     
   31178.551520520523        26.860001934576452     
   31178.606134134134        26.859374763936362     
   31178.660747747748        26.857303702218896     
   31178.715361361363        26.853958455190199     
   31178.769974974977        26.849514417014838     
   31178.824588588588        26.844146981857769     
   31178.879202202203        26.838031543882842     
   31178.933815815817        26.831343497254952     
   31178.988429429432        26.824258236138679     
   31179.043043043042        26.816951154699076     
   31179.097656656657        26.809597647099736     
   31179.152270270271        26.802373107505709     
   31179.206883883886        26.795452930081566     
   31179.261497497497        26.789012508992293     
   31179.316111111111        26.783227238401590     
   31179.370724724726        26.778272512474473     
   31179.425338338340        26.774323725375517     
   31179.479951951951        26.771556271269436     
   31179.534565565566        26.770145544320414     
   31179.589179179180        26.770031049428830     
   31179.643792792795        26.768070257642922     
   31179.698406406405        26.763338284105245     
   31179.753020020020        26.756619840912375     
   31179.807633633634        26.748699990547809     
   31179.862247247249        26.740300323557868     
   31179.916860860860        26.731982988519036     
   31179.971474474474        26.724285496054826     
   31180.026088088089        26.717745356790459     
   31180.080701701703        26.712900081350590     
   31180.135315315314        26.710287180359956     
   31180.189928928929        26.710136864958983     
   31180.244542542543        26.705775444094499     
   31180.299156156158        26.696333781544340     
   31180.353769769772        26.686868686445514     
   31180.408383383383        26.680088244782127     
   31180.462996996997        26.675306861551505     
   31180.517610610612        26.671576329267310     
   31180.572224224226        26.667975645458096     
   31180.626837837837        26.664076649149106     
   31180.681451451452        26.659879862602207     
   31180.736065065066        26.655400103149564     
   31180.790678678681        26.650652188123093     
   31180.845292292292        26.645650934855045     
   31180.899905905906        26.640411160676670     
   31180.954519519521        26.634947682920213     
   31181.009133133135        26.629275318917575     
   31181.063746746746        26.623408886001069     
   31181.118360360360        26.617363201501838     
   31181.172973973975        26.611153082752168     
   31181.227587587589        26.604793347083973     
   31181.282201201200        26.598298811829608     
   31181.336814814815        26.591684294320125     
   31181.391428428429        26.584964611887855     
   31181.446042042044        26.578154581864723     
   31181.500655655655        26.571269021583092     
   31181.555269269269        26.564322748373968     
   31181.609882882884        26.557330579569715     
   31181.664496496498        26.550307332502246     
   31181.719110110109        26.543267824503950     
   31181.773723723723        26.536226872905790     
   31181.828337337338        26.529199295040165     
   31181.882950950952        26.522199908238974     
   31181.937564564563        26.515243529834599     
   31181.992178178178        26.508344977158028     
   31182.046791791792        26.501519067541636     
   31182.101405405407        26.494780618317336     
   31182.156019019021        26.488144446817046     
   31182.210632632632        26.481625370373102     
   31182.265246246247        26.475238206316558     
   31182.319859859861        26.468997771979762     
   31182.374473473476        26.462918884694624     
   31182.429087087086        26.457016361793450     
   31182.483700700701        26.451305020607361     
   31182.538314314315        26.445799678468678     
   31182.592927927930        26.440515152709306     
   31182.647541541541        26.435466260661492     
   31182.702155155155        26.430667819656470     
   31182.756768768770        26.426131330218581     
   31182.811382382384        26.421847773853607     
   31182.865995995995        26.417800294695230     
   31182.920609609610        26.413972021223032     
   31182.975223223224        26.410346081917417     
   31183.029836836839        26.406905605258519     
   31183.084450450449        26.403633719726663     
   31183.139064064064        26.400513553801545     
   31183.193677677678        26.397528235963513     
   31183.248291291293        26.394660894692691     
   31183.302904904904        26.391894658469393     
   31183.357518518518        26.389212655773363     
   31183.412132132133        26.386598015084925     
   31183.466745745747        26.384033864884195     
   31183.521359359358        26.381503333651473     
   31183.575972972973        26.378991090140737     
   31183.630586586587        26.376540863349440     
   31183.685200200202        26.374272633767433     
   31183.739813813812        26.372311430910564     
   31183.794427427427        26.370782284294293     
   31183.849041041041        26.369809605060393     
   31183.903654654656        26.369447990325810     
   31183.958268268270        26.369619062037202     
   31184.012881881881        26.370229522753149     
   31184.067495495496        26.371186075032384     
   31184.122109109110        26.372395421433517     
   31184.176722722725        26.373764264515192     
   31184.231336336336        26.375199306835960     
   31184.285949949950        26.376607250954663     
   31184.340563563565        26.377894799429839     
   31184.395177177179        26.378968654820135     
   31184.449790790790        26.379735519684150     
   31184.504404404404        26.380106308304057     
   31184.559018018019        26.380131097839993     
   31184.613631631633        26.380027690068871     
   31184.668245245244        26.380025838455460     
   31184.722858858859        26.380472574601725     
   31184.777472472473        26.381896349718730     
   31184.832086086088        26.384841178830285     
   31184.886699699699        26.389851076959776     
   31184.941313313313        26.396988814274142     
   31184.995926926927        26.404332028364031     
   31185.050540540542        26.410622399089263     
   31185.105154154153        26.415532969677020     
   31185.159767767767        26.418760331887697     
   31185.214381381382        26.420001078159100     
   31185.268994994996        26.420102282472214     
   31185.323608608607        26.420654883563735     
   31185.378222222222        26.421670085749220     
   31185.432835835836        26.423135117141587     
   31185.487449449451        26.425037205853776     
   31185.542063063062        26.427363579998548     
   31185.596676676676        26.430101467689163     
   31185.651290290290        26.433238097038405     
   31185.705903903905        26.436760696159222     
   31185.760517517519        26.440656493164553     
   31185.815131131130        26.444912716167035     
   31185.869744744745        26.449516593280176     
   31185.924358358359        26.454455352616641     
   31185.978971971974        26.459716222289373     
   31186.033585585585        26.465286430410920     
   31186.088199199199        26.471153205094971     
   31186.142812812814        26.477303774454100     
   31186.197426426428        26.483725366601245     
   31186.252040040039        26.490405209648888     
   31186.306653653653        26.497330531710865     
   31186.361267267268        26.504488560899667     
   31186.415880880882        26.511866525328241     
   31186.470494494493        26.519451653109009     
   31186.525108108108        26.527231172355922     
   31186.579721721722        26.535192311181419     
   31186.634335335337        26.543322297698438     
   31186.688948948948        26.551608360019358     
   31186.743562562562        26.560037726258223     
   31186.798176176177        26.568597624527428     
   31186.852789789791        26.577275282939901     
   31186.907403403402        26.586057929608003     
   31186.962017017016        26.594932792645835     
   31187.016630630631        26.603887100165760     
   31187.071244244245        26.612908080280711     
   31187.125857857856        26.621982961103019     
   31187.180471471471        26.631098970746834     
   31187.235085085085        26.640243337324492     
   31187.289698698700        26.649403288948928     
   31187.344312312314        26.658566053733082     
   31187.398925925925        26.667718859789286     
   31187.453539539540        26.676848935231696     
   31187.508153153154        26.685943508172635     
   31187.562766766769        26.694989806725044     
   31187.617380380379        26.703975059001266     
   31187.671993993994        26.712886493115438     
   31187.726607607608        26.721711337179897     
   31187.781221221223        26.730436819307577     
   31187.835834834834        26.739050167610849     
   31187.890448448448        26.747538610203804     
   31187.945062062063        26.755889375198787     
   31187.999675675677        26.764089690708754     
   31188.054289289288        26.772126784846105     
   31188.108902902903        26.779987885724850     
   31188.163516516517        26.787660221457383     
   31188.218130130132        26.795131020156649     
   31188.272743743742        26.802387509935105     
   31188.327357357357        26.809416918906656     
   31188.381970970971        26.816206475183751     
   31188.436584584586        26.822743406879329     
   31188.491198198197        26.829014942105918     
   31188.545811811811        26.835019661735412     
   31188.600425425426        26.840830327025628     
   31188.655039039040        26.846549490133746     
   31188.709652652651        26.852277436523281     
   31188.764266266266        26.858021271527310     
   31188.818879879880        26.863665926272958     
   31188.873493493495        26.869088052120439     
   31188.928107107105        26.874177484796910     
   31188.982720720720        26.878913778511716     
   31189.037334334334        26.883313864841604     
   31189.091947947949        26.887394798784136     
   31189.146561561563        26.891173635336891     
   31189.201175175174        26.894667429497215     
   31189.255788788789        26.897893236263130     
   31189.310402402403        26.900868368346366     
   31189.365016016018        26.903630023916264     
   31189.419629629629        26.906249077885551     
   31189.474243243243        26.908799663449454     
   31189.528856856858        26.911353779421177     
   31189.583470470472        26.913940305808993     
   31189.638084084083        26.916548081711024     
   31189.692697697697        26.919164428482009     
   31189.747311311312        26.921776667476152     
   31189.801924924926        26.924372120047828     
   31189.856538538537        26.926938107551258     
   31189.911152152152        26.929461951341153     
   31189.965765765766        26.931930972771728     
   31190.020379379381        26.934332493197360     
   31190.074992992992        26.936653833972283     
   31190.129606606606        26.938882316451181     
   31190.184220220221        26.941005415452821     
   31190.238833833835        26.943014488479093     
   31190.293447447446        26.944904982580628     
   31190.348061061060        26.946672539681114     
   31190.402674674675        26.948312801703850     
   31190.457288288289        26.949821410572259     
   31190.511901901900        26.951194008209697     
   31190.566515515515        26.952426236539761     
   31190.621129129129        26.953513737485800     
   31190.675742742744        26.954452152971236     
   31190.730356356355        26.955237124919456     
   31190.784969969969        26.955864295253996     
   31190.839583583584        26.956329305898223     
   31190.894197197198        26.956627798775564     
   31190.948810810813        26.956755415809461     
   31191.003424424423        26.956707798923347     
   31191.058038038038        26.956480590040645     
   31191.112651651652        26.956069431084781     
   31191.167265265267        26.955469963979191     
   31191.221878878878        26.954677830647356     
   31191.276492492492        26.953688673012607     
   31191.331106106107        26.952498132998414     
   31191.385719719721        26.951101852528218     
   31191.440333333332        26.949495473525555     
   31191.494946946947        26.947674637913643     
   31191.549560560561        26.945634987616010     
   31191.604174174176        26.943372164556088     
   31191.658787787786        26.940881810657487     
   31191.713401401401        26.938165318646057     
   31191.768015015015        26.935290968433833     
   31191.822628628630        26.932370209154861     
   31191.877242242241        26.929515210158566     
   31191.931855855855        26.926838140793794     
   31191.986469469470        26.924451170409966     
   31192.041083083084        26.922466468356323     
   31192.095696696695        26.920996203982163     
   31192.150310310310        26.920152546636530     
   31192.204923923924        26.920003108056246     
   31192.259537537539        26.919727334105993     
   31192.314151151149        26.918780495854534     
   31192.368764764764        26.917213458687797     
   31192.423378378378        26.915081005128080     
   31192.477991991993        26.912437917697659     
   31192.532605605604        26.909338978919017     
   31192.587219219218        26.905838971314001     
   31192.641832832833        26.901992677405076     
   31192.696446446447        26.897854879714501     
   31192.751060060062        26.893480360764553     
   31192.805673673673        26.888923903077796     
   31192.860287287287        26.884240289175889     
   31192.914900900902        26.879484290201297     
   31192.969514514516        26.874698449278704     
   31193.024128128127        26.869889820084527     
   31193.078741741741        26.865059054259106     
   31193.133355355356        26.860206803443731     
   31193.187968968970        26.855333719279379     
   31193.242582582581        26.850440453407352     
   31193.297196196196        26.845527657467969     
   31193.351809809810        26.840595983102535     
   31193.406423423425        26.835646081952021     
   31193.461037037036        26.830678605657738     
   31193.515650650650        26.825694205859996     
   31193.570264264265        26.820693534200096     
   31193.624877877879        26.815677242319019     
   31193.679491491490        26.810645981858080     
   31193.734105105104        26.805600404457572     
   31193.788718718719        26.800541161758812     
   31193.843332332333        26.795468905402771     
   31193.897945945944        26.790384287030765     
   31193.952559559559        26.785287958283092     
   31194.007173173173        26.780180570801065     
   31194.061786786788        26.775062776225660     
   31194.116400400399        26.769935226198186     
   31194.171014014013        26.764798572358945     
   31194.225627627628        26.759653466349246     
   31194.280241241242        26.754500559810065     
   31194.334854854853        26.749340504382729     
   31194.389468468467        26.744173951707509     
   31194.444082082082        26.739001553425741     
   31194.498695695696        26.733823961178391     
   31194.553309309311        26.728641652124782     
   31194.607922922922        26.723436303587018     
   31194.662536536536        26.718154262840770     
   31194.717150150151        26.712737978209386     
   31194.771763763765        26.707129898015868     
   31194.826377377376        26.701272470583618     
   31194.880990990991        26.695108144234862     
   31194.935604604605        26.688579532141453     
   31194.990218218220        26.681659216626567     
   31195.044831831830        26.674384351326335     
   31195.099445445445        26.666800482005570     
   31195.154059059059        26.658953154430531     
   31195.208672672674        26.650887914367011     
   31195.263286286285        26.642650307581345     
   31195.317899899899        26.634285879838213     
   31195.372513513514        26.625840176903957     
   31195.427127127128        26.617358744544354     
   31195.481740740739        26.608887128525755     
   31195.536354354354        26.600470874612817     
   31195.590967967968        26.592155528571894     
   31195.645581581583        26.583986636168767     
   31195.700195195193        26.576009743169745     
   31195.754808808808        26.568270395339557     
   31195.809422422422        26.560814138444520     
   31195.864036036037        26.553686518250423     
   31195.918649649648        26.546933080523491     
   31195.973263263262        26.540599371028605     
   31196.027876876877        26.534730935532014     
   31196.082490490491        26.529373319799507     
   31196.137104104106        26.524572069596864     
   31196.191717717717        26.520372730690134     
   31196.246331331331        26.516820848844546     
   31196.300944944946        26.513961969826180     
   31196.355558558560        26.511841639400824     
   31196.410172172171        26.510505403334324     
   31196.464785785785        26.509998806248028     
   31196.519399399400        26.509967042701057     
   31196.574013013014        26.509064598688656     
   31196.628626626625        26.507119763661287     
   31196.683240240240        26.504231250310681     
   31196.737853853854        26.500497771328931     
   31196.792467467469        26.496018039408028     
   31196.847081081080        26.490890767240323     
   31196.901694694694        26.485214667517127     
   31196.956308308309        26.479088452930750     
   31197.010921921923        26.472610836173182     
   31197.065535535534        26.465880529936875     
   31197.120149149148        26.458996246912918     
   31197.174762762763        26.452056699793751     
   31197.229376376377        26.445160601271354     
   31197.283989989988        26.438406664038180     
   31197.338603603603        26.431893600785301     
   31197.393217217217        26.425715001530222     
   31197.447830830832        26.419911530041293     
   31197.502444444443        26.414492607444149     
   31197.557058058057        26.409467250320198     
   31197.611671671672        26.404844475251959     
   31197.666285285286        26.400633298821571     
   31197.720898898897        26.396837965485830     
   31197.775512512511        26.393431693466834     
   31197.830126126126        26.390375297369438     
   31197.884739739740        26.387629559134595     
   31197.939353353355        26.385155260703272     
   31197.993966966966        26.382913184016559     
   31198.048580580580        26.380864111015121     
   31198.103194194195        26.378970227179238     
   31198.157807807809        26.377219203927403     
   31198.212421421420        26.375620912748523     
   31198.267035035034        26.374185967569233     
   31198.321648648649        26.372924982316476     
   31198.376262262263        26.371848570917088     
   31198.430875875874        26.370967347297963     
   31198.485489489489        26.370291925385821     
   31198.540103103103        26.369832750675783     
   31198.594716716718        26.369594530937462     
   31198.649330330329        26.369574957879198     
   31198.703943943943        26.369771295863575     
   31198.758557557558        26.370180809253171     
   31198.813171171172        26.370800762410568     
   31198.867784784783        26.371628419698265     
   31198.922398398397        26.372661045478960     
   31198.977012012012        26.373895904115173     
   31199.031625625626        26.375330259969481     
   31199.086239239237        26.376961377404346     
   31199.140852852852        26.378786520782555     
   31199.195466466466        26.380802954466585     
   31199.250080080081        26.383007942819010     
   31199.304693693692        26.385398750202238     
   31199.359307307306        26.387972640979168     
   31199.413920920921        26.390726879512211     
   31199.468534534535        26.393658730163956     
   31199.523148148146        26.396765457296752     
   31199.577761761760        26.400044325273594     
   31199.632375375375        26.403492598456857     
   31199.686988988989        26.407107541209115     
   31199.741602602604        26.410886435175868     
   31199.796216216215        26.414829115028674     
   31199.850829829829        26.418940643909096     
   31199.905443443444        26.423226725173279     
   31199.960057057058        26.427693062177624     
   31200.014670670669        26.432345358278205     
   31200.069284284284        26.437189316832033     
   31200.123897897898        26.442230380168624     
   31200.178511511513        26.447465779101265     
   31200.233125125123        26.452883079046980     
   31200.287738738738        26.458469291197076     
   31200.342352352352        26.464211426741748     
   31200.396965965967        26.470096496871577     
   31200.451579579578        26.476111512776718     
   31200.506193193192        26.482243485648542     
   31200.560806806807        26.488479426677216     
   31200.615420420421        26.494807375905289     
   31200.670034034032        26.501224080827104     
   31200.724647647647        26.507730669612652     
   31200.779261261261        26.514328303678159     
   31200.833874874876        26.521018144440283     
   31200.888488488486        26.527801353315215     
   31200.943102102101        26.534679091720520     
   31200.997715715715        26.541652521072390     
   31201.052329329330        26.548722802787481     
   31201.106942942941        26.555891098281968     
   31201.161556556555        26.563158568973453     
   31201.216170170170        26.570526376278117     
   31201.270783783784        26.577995681612613     
   31201.325397397395        26.585567646393081     
   31201.380011011010        26.593243432037184     
   31201.434624624624        26.601024199961074     
   31201.489238238239        26.608911111581403     
   31201.543851851853        26.616905328314822     
   31201.598465465464        26.625008011577435     
   31201.653079079078        26.633220322786986     
   31201.707692692693        26.641543423359579     
   31201.762306306307        26.649978474711869     
   31201.816919919918        26.658526638259939     
   31201.871533533533        26.667189075421575     
   31201.926147147147        26.675966947612867     
   31201.980760760762        26.684850579163719     
   31202.035374374373        26.693626690970646     
   31202.089987987987        26.701902160452320     
   31202.144601601602        26.709445735688149     
   31202.199215215216        26.716363940967121     
   31202.253828828827        26.722803710517425     
   31202.308442442441        26.728911978568522     
   31202.363056056056        26.734835679348574     
   31202.417669669670        26.740721699544590     
   31202.472283283281        26.746680236350930     
   31202.526896896896        26.752719274521489     
   31202.581510510510        26.758829139972352     
   31202.636124124125        26.765000158619969     
   31202.690737737736        26.771222656380402     
   31202.745351351350        26.777486959170943     
   31202.799964964965        26.783783392907655     
   31202.854578578579        26.790102283506990     
   31202.909192192190        26.796433956884997     
   31202.963805805804        26.802768738958989     
   31203.018419419419        26.809096955645014     
   31203.073033033033        26.815408932859540     
   31203.127646646644        26.821694996518602     
   31203.182260260259        26.827945472539518     
   31203.236873873873        26.834150686838335     
   31203.291487487488        26.840300965331508     
   31203.346101101102        26.846386633935516     
   31203.400714714713        26.852398018566422     
   31203.455328328328        26.858325445141496     
   31203.509941941942        26.864159239576793     
   31203.564555555557        26.869889727788795     
   31203.619169169167        26.875507235693586     
   31203.673782782782        26.881002089208387     
   31203.728396396396        26.886364614249288     
   31203.783010010011        26.891585136732747     
   31203.837623623622        26.896653982574907     
   31203.892237237236        26.901561477692905     
   31203.946850850851        26.906297948002869     
   31204.001464464465        26.910853719421262     
   31204.056078078076        26.915219117864272     
   31204.110691691691        26.919384469248943     
   31204.165305305305        26.923339806936934     
   31204.219918918920        26.927073305975295     
   31204.274532532530        26.930572414129045     
   31204.329146146145        26.933824577474034     
   31204.383759759759        26.936817242085404     
   31204.438373373374        26.939537854038530     
   31204.492986986985        26.941973859408641     
   31204.547600600599        26.944112704271451     
   31204.602214214214        26.945941834702161     
   31204.656827827828        26.947448696776149     
   31204.711441441439        26.948620736568742     
   31204.766055055054        26.949445400155469     
   31204.820668668668        26.949910133611617     
   31204.875282282283        26.950014815823099     
   31204.929895895893        26.949980764597775     
   31204.984509509508        26.949976744974428     
   31205.039123123122        26.949989712591247     
   31205.093736736737        26.950002878427181     
   31205.148350350351        26.950006725650699     
   31205.202963963962        26.950004465665607     
   31205.257577577577        26.950000594669415     
   31205.312191191191        26.950000012132197     
   31205.366804804806        26.950005805227747     
   31205.421418418417        26.950003149092058     
   31205.476032032031        26.949975988956631     
   31205.530645645646        26.949933936472288     
   31205.585259259260        26.949897907106607     
   31205.639872872871        26.949888865499616     
   31205.694486486485        26.949927776291368     
   31205.749100100100        26.950035177536996     
   31205.803713713714        26.950183942947898     
   31205.858327327325        26.950256428143934     
   31205.912940940940        26.950124869721531     
   31205.967554554554        26.949668058114280     
   31206.022168168169        26.948851186789369     
   31206.076781781780        26.947700461036344     
   31206.131395395394        26.946243368213580     
   31206.186009009009        26.944507395679654     
   31206.240622622623        26.942520030793094     
   31206.295236236234        26.940308760912586     
   31206.349849849848        26.937901073396354     
   31206.404463463463        26.935324455603066     
   31206.459077077077        26.932606394891234     
   31206.513690690688        26.929774378619587     
   31206.568304304303        26.926855894146271     
   31206.622917917917        26.923878428829987     
   31206.677531531532        26.920869470029260     
   31206.732145145146        26.917856505102623     
   31206.786758758757        26.914867021408789     
   31206.841372372372        26.911928506305884     
   31206.895985985986        26.909068141852327     
   31206.950599599601        26.906294252996535     
   31207.005213213211        26.903585621902117     
   31207.059826826826        26.900918452328675     
   31207.114440440440        26.898268948036382     
   31207.169054054055        26.895613312785198     
   31207.223667667666        26.892927750335289     
   31207.278281281280        26.890188464446268     
   31207.332894894895        26.887371658878287     
   31207.387508508509        26.884453537391323     
   31207.442122122120        26.881410303745561     
   31207.496735735735        26.878218161700563     
   31207.551349349349        26.874853315016509     
   31207.605962962964        26.871291967453374     
   31207.660576576574        26.867512241132161     
   31207.715190190189        26.863515839458366     
   31207.769803803803        26.859320310454596     
   31207.824417417418        26.854943496067783     
   31207.879031031029        26.850403238245150     
   31207.933644644643        26.845717378933035     
   31207.988258258258        26.840903760078653     
   31208.042871871872        26.835980223628933     
   31208.097485485483        26.830964611531140     
   31208.152099099098        26.825874765731534     
   31208.206712712712        26.820728528177373     
   31208.261326326327        26.815543740815585     
   31208.315939939937        26.810338245593446     
   31208.370553553552        26.805129884457187     
   31208.425167167166        26.799936499354082     
   31208.479780780781        26.794775932231058     
   31208.534394394395        26.789666025035046     
   31208.589008008006        26.784624619713306     
   31208.643621621621        26.779669558212092     
   31208.698235235235        26.774818682478671     
   31208.752848848850        26.770089834459966     
   31208.807462462461        26.765500856103213     
   31208.862076076075        26.761069589354726     
   31208.916689689690        26.756813876161736     
   31208.971303303304        26.752751558471179     
   31209.025916916915        26.748899766046165     
   31209.080530530529        26.745216512328597     
   31209.135144144144        26.741557261703012     
   31209.189757757758        26.737767244750071     
   31209.244371371369        26.733691692050691     
   31209.298984984984        26.729175834184986     
   31209.353598598598        26.724064901733854     
   31209.408212212213        26.718204125277943     
   31209.462825825824        26.711438735398378     
   31209.517439439438        26.703613962674911     
   31209.572053053053        26.694575037688608     
   31209.626666666667        26.684350580193495     
   31209.681280280278        26.676180775032130     
   31209.735893893892        26.671337509164804     
   31209.790507507507        26.666784837219140     
   31209.845121121121        26.661441096612261     
   31209.899734734732        26.655522136840670     
   31209.954348348347        26.649262366056686     
   31210.008961961961        26.642845727683834     
   31210.063575575576        26.636313154206903     
   31210.118189189187        26.629680419801304     
   31210.172802802801        26.622963298641110     
   31210.227416416416        26.616177564901744     
   31210.282030030030        26.609338992758168     
   31210.336643643644        26.602463356385353     
   31210.391257257255        26.595566429958723     
   31210.445870870870        26.588663987652339     
   31210.500484484484        26.581771803641612     
   31210.555098098099        26.574905652101521     
   31210.609711711710        26.568081307207486     
   31210.664325325324        26.561314543133562     
   31210.718938938939        26.554620975861027     
   31210.773552552553        26.548015069118005     
   31210.828166166164        26.541510776730000     
   31210.882779779779        26.535122050252902     
   31210.937393393393        26.528862841243882     
   31210.992007007007        26.522747101259714     
   31211.046620620618        26.516787516012894     
   31211.101234234233        26.510972723143112     
   31211.155847847847        26.505269829695756     
   31211.210461461462        26.499645183822491     
   31211.265075075073        26.494072331225180     
   31211.319688688687        26.488548641053679     
   31211.374302302302        26.483076404838119     
   31211.428915915916        26.477657914108249     
   31211.483529529527        26.472295460394175     
   31211.538143143141        26.466991335224947     
   31211.592756756756        26.461747830130669     
   31211.647370370370        26.456567236641092     
   31211.701983983981        26.451451846286318     
   31211.756597597596        26.446403950595407     
   31211.811211211210        26.441425841098468     
   31211.865824824825        26.436520367415788     
   31211.920438438436        26.431695926326974     
   31211.975052052050        26.426964092132703     
   31212.029665665665        26.422336476668420     
   31212.084279279279        26.417824691769251     
   31212.138892892894        26.413440349270324     
   31212.193506506504        26.409195061007040     
   31212.248120120119        26.405100438813960     
   31212.302733733733        26.401168094526490     
   31212.357347347348        26.397409639979763     
   31212.411960960959        26.393836687009141     
   31212.466574574573        26.390460847449262     
   31212.521188188188        26.387293733135493     
   31212.575801801802        26.384346955902977     
   31212.630415415413        26.381632127586997     
   31212.685029029028        26.379160860022317     
   31212.739642642642        26.376944765044257     
   31212.794256256257        26.374995454487937     
   31212.848869869867        26.373324540188591     
   31212.903483483482        26.371943633981111     
   31212.958097097096        26.370864347700753     
   31213.012710710711        26.370098293182640     
   31213.067324324322        26.369649050527990     
   31213.121937937936        26.369466226119773     
   31213.176551551551        26.369477192841266     
   31213.231165165165        26.369609254430394     
   31213.285778778776        26.369789714625060     
   31213.340392392391        26.369945877163225     
   31213.395006006005        26.370006087670841     
   31213.449619619620        26.369967548472665     
   31213.504233233230        26.370036669059456     
   31213.558846846845        26.370414849298651     
   31213.613460460459        26.371118738519673     
   31213.668074074074        26.372140323487031     
   31213.722687687685        26.373471590965153     
   31213.777301301299        26.375104527718737     
   31213.831914914914        26.377031120512232     
   31213.886528528528        26.379243356110148     
   31213.941142142143        26.381733221277010     
   31213.995755755754        26.384492702777155     
   31214.050369369368        26.387513787375457     
   31214.104982982983        26.390788461836280     
   31214.159596596597        26.394308712924129     
   31214.214210210208        26.398066527403280     
   31214.268823823822        26.402053892038744     
   31214.323437437437        26.406262793594799     
   31214.378051051051        26.410685218835980     
   31214.432664664662        26.415313154526487     
   31214.487278278277        26.420138587431452     
   31214.541891891891        26.425153504315098     
   31214.596505505506        26.430349891941944     
   31214.651119119117        26.435719737076155     
   31214.705732732731        26.441255026482963     
   31214.760346346346        26.446947746926536     
   31214.814959959960        26.452789885171399     
   31214.869573573571        26.458773427981665     
   31214.924187187185        26.464890362122659     
   31214.978800800800        26.471132674358500     
   31215.033414414414        26.477492351453712     
   31215.088028028025        26.483961380172392     
   31215.142641641640        26.490531747279910     
   31215.197255255254        26.497195439540366     
   31215.251868868869        26.503944443718279     
   31215.306482482480        26.510770746577712     
   31215.361096096094        26.517666334884101     
   31215.415709709709        26.524623195401510     
   31215.470323323323        26.531633314894460     
   31215.524936936938        26.538688680127475     
   31215.579550550548        26.545781277864602     
   31215.634164164163        26.552903094871304     
   31215.688777777777        26.560046117911639     
   31215.743391391392        26.567202333750117     
   31215.798005005003        26.574363729150793     
   31215.852618618617        26.581522312718473     
   31215.907232232232        26.588674051310466     
   31215.961845845846        26.595823434109377     
   31216.016459459457        26.602976056996777     
   31216.071073073072        26.610137515855637     
   31216.125686686686        26.617313406567533     
   31216.180300300301        26.624509325014479     
   31216.234913913911        26.631730867078048     
   31216.289527527526        26.638983628641217     
   31216.344141141140        26.646273205585555     
   31216.398754754755        26.653605193793084     
   31216.453368368366        26.660985189145350     
   31216.507981981980        26.668418787525368     
   31216.562595595595        26.675911584814688     
   31216.617209209209        26.683469176895340     
   31216.671822822820        26.691097148570854     
   31216.726436436435        26.698795496670240     
   31216.781050050049        26.706549571184553     
   31216.835663663664        26.714342351541347     
   31216.890277277274        26.722156817167651     
   31216.944890890889        26.729975947492061     
   31216.999504504503        26.737782721941606     
   31217.054118118118        26.745560119943836     
   31217.108731731729        26.753291120925791     
   31217.163345345343        26.760958704316057     
   31217.217958958958        26.768545849541667     
   31217.272572572572        26.776035536030165     
   31217.327186186187        26.783410743209110     
   31217.381799799798        26.790654450505578     
   31217.436413413412        26.797749637348073     
   31217.491027027027        26.804680181828953     
   31217.545640640641        26.811439991415924     
   31217.600254254252        26.818029251209786     
   31217.654867867866        26.824448242603744     
   31217.709481481481        26.830697246989661     
   31217.764095095095        26.836776545759868     
   31217.818708708706        26.842686420306293     
   31217.873322322321        26.848427152022040     
   31217.927935935935        26.853999022299035     
   31217.982549549550        26.859402312529596     
   31218.037163163161        26.864637304105699     
   31218.091776776775        26.869704278420357     
   31218.146390390390        26.874603516865548     
   31218.201004004004        26.879335300833578     
   31218.255617617615        26.883899911716480     
   31218.310231231229        26.888297630907175     
   31218.364844844844        26.892528739797676     
   31218.419458458458        26.896593519780303     
   31218.474072072069        26.900492252247123     
   31218.528685685684        26.904225218590966     
   31218.583299299298        26.907792700203906     
   31218.637912912913        26.911194978478242     
   31218.692526526524        26.914432334806101     
   31218.747140140138        26.917505050580225     
   31218.801753753753        26.920413407192711     
   31218.856367367367        26.923157686035886     
   31218.910980980978        26.925738168501894     
   31218.965594594592        26.928155135983410     
   31219.020208208207        26.930408919448478     
   31219.074821821821        26.932512345191050     
   31219.129435435436        26.934507162663216     
   31219.184049049047        26.936439201969652     
   31219.238662662661        26.938354293215401     
   31219.293276276276        26.940298197017430     
   31219.347889889890        26.942286462787578     
   31219.402503503501        26.944257316012653     
   31219.457117117116        26.946136786777814     
   31219.511730730730        26.947850905167797     
   31219.566344344345        26.949325701267487     
   31219.620957957955        26.950489030027427     
   31219.675571571570        26.951320586425567     
   31219.730185185184        26.951858064021344     
   31219.784798798799        26.952142217818547     
   31219.839412412410        26.952213802820992     
   31219.894026026024        26.952113574032488     
   31219.948639639639        26.951882286456819     
   31220.003253253253        26.951560695097790     
   31220.057866866864        26.951189554959232     
   31220.112480480479        26.950809621044890     
   31220.167094094093        26.950461648358598     
   31220.221707707708        26.950186391904147     
   31220.276321321318        26.950024606685357     
   31220.330934934933        26.950013781028176     
   31220.385548548547        26.950135382924433     
   31220.440162162162        26.950323784212131     
   31220.494775775773        26.950511891751376     
   31220.549389389387        26.950632612402281     
   31220.604003003002        26.950618853024945     
   31220.658616616616        26.950403520479462     
   31220.713230230227        26.949919521625972     
   31220.767843843842        26.949099763324526     
   31220.822457457456        26.947877152435233     
   31220.877071071071        26.946184595818206     
   31220.931684684685        26.943955000333535     
   31220.986298298296        26.941121272841535     
   31221.040911911910        26.937635973534267     
   31221.095525525525        26.933687848591561     
   31221.150139139139        26.929621717343302     
   31221.204752752750        26.925705799134676     
   31221.259366366365        26.921968346760806     
   31221.313979979979        26.918392441610965     
   31221.368593593594        26.914961165074153     
   31221.423207207205        26.911657598539591     
   31221.477820820819        26.908464823395846     
   31221.532434434434        26.905365921032136     
   31221.587048048048        26.902343972837471     
   31221.641661661659        26.899382060201049     
   31221.696275275273        26.896463264511475     
   31221.750888888888        26.893570667157952     
   31221.805502502502        26.890687349529479     
   31221.860116116113        26.887796393015261     
   31221.914729729728        26.884880879003909     
   31221.969343343342        26.881923888884618     
   31222.023956956957        26.878908504046393     
   31222.078570570568        26.875817805878448     
   31222.133184184182        26.872634875769364     
   31222.187797797797        26.869342795108363     
   31222.242411411411        26.865924645284437     
   31222.297025025022        26.862363507686830     
   31222.351638638636        26.858643776155354     
   31222.406252252251        26.854815532563080     
   31222.460865865865        26.851023801790543     
   31222.515479479476        26.847403838785389     
   31222.570093093091        26.843927000840253     
   31222.624706706705        26.840473765833963     
   31222.679320320320        26.836923643662487     
   31222.733933933934        26.833156144221807     
   31222.788547547545        26.829050777408177     
   31222.843161161160        26.824487053117032     
   31222.897774774774        26.819344481244613     
   31222.952388388388        26.813502571686879     
   31223.007002001999        26.806858015816260     
   31223.061615615614        26.799793567672303     
   31223.116229229228        26.793052728500587     
   31223.170842842843        26.786741604613216     
   31223.225456456454        26.780813962861576     
   31223.280070070068        26.775223570095903     
   31223.334683683683        26.769924193167618     
   31223.389297297297        26.764869598927731     
   31223.443910910908        26.760013554227577     
   31223.498524524523        26.755309825917529     
   31223.553138138137        26.750712180848932     
   31223.607751751751        26.746174385872788     
   31223.662365365362        26.741650207840429     
   31223.716978978977        26.737093413602256     
   31223.771592592591        26.732457770009596     
   31223.826206206206        26.727697965251139     
   31223.880819819817        26.722792026810744     
   31223.935433433431        26.717742581429938     
   31223.990047047046        26.712553429400085     
   31224.044660660660        26.707228371012221     
   31224.099274274271        26.701771206557755     
   31224.153887887886        26.696185736326992     
   31224.208501501500        26.690475760611339     
   31224.263115115114        26.684645363841206     
   31224.317728728729        26.678700087010238     
   31224.372342342340        26.672645936578892     
   31224.426955955954        26.666488919211940     
   31224.481569569569        26.660235041575348     
   31224.536183183183        26.653890310334695     
   31224.590796796794        26.647460732155977     
   31224.645410410409        26.640952313703913     
   31224.700024024023        26.634371061644504     
   31224.754637637638        26.627722982643316     
   31224.809251251248        26.621014083366369     
   31224.863864864863        26.614250370478345     
   31224.918478478477        26.607437850645262     
   31224.973092092092        26.600582530532684     
   31225.027705705703        26.593690416806652     
   31225.082319319317        26.586767516131818     
   31225.136932932932        26.579819835174206     
   31225.191546546546        26.572853380599398     
   31225.246160160157        26.565874159073420     
   31225.300773773772        26.558888177260922     
   31225.355387387386        26.551901441827937     
   31225.410001001001        26.544919959440037     
   31225.464614614611        26.537949736763260     
   31225.519228228226        26.530996780462246     
   31225.573841841840        26.524067097203034     
   31225.628455455455        26.517167010374855     
   31225.683069069066        26.510314380755148     
   31225.737682682680        26.503541622918430     
   31225.792296296295        26.496882081666442     
   31225.846909909909        26.490369101800468     
   31225.901523523520        26.484036028122205     
   31225.956137137135        26.477916205432095     
   31226.010750750749        26.472042978531846     
   31226.065364364364        26.466449692222746     
   31226.119977977978        26.461169691306075     
   31226.174591591589        26.456236320583436     
   31226.229205205203        26.451682924855451     
   31226.283818818818        26.447542848923746     
   31226.338432432432        26.443849437589606     
   31226.393046046043        26.440636035654510     
   31226.447659659658        26.437911263038721     
   31226.502273273272        26.435489507588056     
   31226.556886886887        26.433093389008533     
   31226.611500500498        26.430444982983953     
   31226.666114114112        26.427266365197582     
   31226.720727727727        26.423279611333186     
   31226.775341341341        26.418206797074383     
   31226.829954954952        26.411769998105257     
   31226.884568568566        26.404193467334267     
   31226.939182182181        26.399909393263286     
   31226.993795795795        26.399927471492436     
   31227.048409409406        26.398490579578663     
   31227.103023023021        26.395764255067405     
   31227.157636636635        26.392158251170603     
   31227.212250250250        26.388082321100153     
   31227.266863863861        26.383946218068218     
   31227.321477477475        26.380159695286114     
   31227.376091091090        26.377060675856359     
   31227.430704704704        26.374657002969244     
   31227.485318318315        26.372861765444263     
   31227.539931931929        26.371588043943749     
   31227.594545545544        26.370748919130399     
   31227.649159159158        26.370257471666790     
   31227.703772772769        26.370026782215483     
   31227.758386386384        26.369969931439027     
   31227.812999999998        26.370000000000001     
