   366.22899999999998        27.359999999999999     
   366.27961061061058        27.353888561196253     
   366.33022122122122        27.347773137151016     
   366.38083183183181        27.341649742622788     
   366.43144244244240        27.335514392370087     
   366.48205305305305        27.329363101151408     
   366.53266366366364        27.323191883725272     
   366.58327427427423        27.316996754850180     
   366.63388488488488        27.310773729284634     
   366.68449549549547        27.304518821787148     
   366.73510610610612        27.298228047116226     
   366.78571671671671        27.291897420030384     
   366.83632732732730        27.285522955288119     
   366.88693793793794        27.279100667647931     
   366.93754854854853        27.272626571868347     
   366.98815915915912        27.266096682707872     
   367.03876976976977        27.259507015987261     
   367.08938038038036        27.252856771993084     
   367.13999099099095        27.246155350537951     
   367.19060160160160        27.239414189241273     
   367.24121221221219        27.232644725722498     
   367.29182282282278        27.225858397601019     
   367.34243343343343        27.219066642496266     
   367.39304404404402        27.212280898027657     
   367.44365465465467        27.205512601814611     
   367.49426526526526        27.198773191476555     
   367.54487587587585        27.192074104632908     
   367.59548648648649        27.185426778903079     
   367.64609709709708        27.178842651906500     
   367.69670770770767        27.172333161262589     
   367.74731831831832        27.165909744590756     
   367.79792892892891        27.159583839510432     
   367.84853953953950        27.153366883641041     
   367.89915015015015        27.147270314601986     
   367.94976076076074        27.141305570012705     
   368.00037137137133        27.135482456085274     
   368.05098198198198        27.129797829213551     
   368.10159259259257        27.124242372944881     
   368.15220320320321        27.118806732874873     
   368.20281381381380        27.113481554599154     
   368.25342442442440        27.108257483713345     
   368.30403503503504        27.103125165813047     
   368.35464564564563        27.098075246493892     
   368.40525625625622        27.093098371351495     
   368.45586686686687        27.088185185981470     
   368.50647747747746        27.083326335979436     
   368.55708808808805        27.078512466941017     
   368.60769869869870        27.073734224461823     
   368.65830930930929        27.068982254137477     
   368.70891991991988        27.064247201563596     
   368.75953053053053        27.059519712335792     
   368.81014114114112        27.054790432049693     
   368.86075175175176        27.050050006300907     
   368.91136236236235        27.045289080685063     
   368.96197297297294        27.040498300797772     
   369.01258358358359        27.035668312234645     
   369.06319419419418        27.030789760591315     
   369.11380480480477        27.025853291463388     
   369.16441541541542        27.020849550446485     
   369.21502602602601        27.015769183136229     
   369.26563663663660        27.010602835128232     
   369.31624724724725        27.005341152018111     
   369.36685785785784        26.999974779401487     
   369.41746846846843        26.994494362873979     
   369.46807907907908        26.988890548031200     
   369.51868968968967        26.983153980468781     
   369.56930030030031        26.977278179892675     
   369.61991091091090        26.971336906570976     
   369.67052152152149        26.965492901770624     
   369.72113213213214        26.959913534816554     
   369.77174274274273        26.954766175033715     
   369.82235335335332        26.950218191747030     
   369.87296396396397        26.946366638952917     
   369.92357457457456        26.942979453022225     
   369.97418518518515        26.939728389507223     
   370.02479579579580        26.936354403675743     
   370.07540640640639        26.932814824496898     
   370.12601701701698        26.929109148561594     
   370.17662762762762        26.925236872460747     
   370.22723823823821        26.921197492785264     
   370.27784884884886        26.916990506126041     
   370.32845945945945        26.912615409074007     
   370.37907007007004        26.908071698220056     
   370.42968068068069        26.903358870155088     
   370.48029129129128        26.898476421470029     
   370.53090190190187        26.893423848755774     
   370.58151251251252        26.888200648603235     
   370.63212312312311        26.882806317603325     
   370.68273373373370        26.877240352346945     
   370.73334434434435        26.871502249424999     
   370.78395495495494        26.865591505428409     
   370.83456556556553        26.859507616948076     
   370.88517617617617        26.853250080574899     
   370.93578678678676        26.846818392899799     
   370.98639739739735        26.840212050513678     
   371.03700800800800        26.833487631443692     
   371.08761861861859        26.826952807021364     
   371.13822922922924        26.820984270137714     
   371.18883983983983        26.815958715679809     
   371.23945045045042        26.812252838534725     
   371.29006106106107        26.810243333589518     
   371.34067167167166        26.810002632024389     
   371.39128228228225        26.809999573444596     
   371.44189289289289        26.809798536619638     
   371.49250350350349        26.809349734819151     
   371.54311411411408        26.808653126176637     
   371.59372472472472        26.807708668825580     
   371.64433533533531        26.806516320899494     
   371.69494594594590        26.805076040531880     
   371.74555655655655        26.803387785856220     
   371.79616716716714        26.801451515006036     
   371.84677777777779        26.799267186114815     
   371.89738838838838        26.796834757316059     
   371.94799899899897        26.794154186743267     
   371.99860960960962        26.791225432529934     
   372.04922022022021        26.788048452809576     
   372.09983083083080        26.784623205715675     
   372.15044144144144        26.780949649381736     
   372.20105205205203        26.777027741941268     
   372.25166266266262        26.772857441527755     
   372.30227327327327        26.768438706274704     
   372.35288388388386        26.763771494315620     
   372.40349449449445        26.758855763783998     
   372.45410510510510        26.753691472813330     
   372.50471571571569        26.748278579537132     
   372.55532632632634        26.742617042088884     
   372.60593693693693        26.736733148782061     
   372.65654754754752        26.731133082082536     
   372.70715815815817        26.726658734148756     
   372.75776876876876        26.723495959542632     
   372.80837937937935        26.721507430702914     
   372.85898998998999        26.720553737025838     
   372.90960060060058        26.720495467907661     
   372.96021121121117        26.721193212744609     
   373.01082182182182        26.722507560932939     
   373.06143243243241        26.724299101868894     
   373.11204304304300        26.726428424948708     
   373.16265365365365        26.728756119568640     
   373.21326426426424        26.731145386306245     
   373.26387487487489        26.733525707264732     
   373.31448548548548        26.735896500345106     
   373.36509609609607        26.738260526144053     
   373.41570670670671        26.740620545258235     
   373.46631731731730        26.742979318284334     
   373.51692792792790        26.745339605819026     
   373.56753853853854        26.747704168459002     
   373.61814914914913        26.750075766800919     
   373.66875975975972        26.752457161441463     
   373.71937037037037        26.754851112977313     
   373.76998098098096        26.757260382005136     
   373.82059159159155        26.759687729121620     
   373.87120220220220        26.762135914923441     
   373.92181281281279        26.764607700007268     
   373.97242342342344        26.767105844969784     
   374.02303403403403        26.769633110407661     
   374.07364464464462        26.772192256917581     
   374.12425525525526        26.774786045096224     
   374.17486586586585        26.777417235540256     
   374.22547647647644        26.780088588846361     
   374.27608708708709        26.782802865611217     
   374.32669769769768        26.785562826431494     
   374.37730830830827        26.788371231903881     
   374.42791891891892        26.791230842625044     
   374.47852952952951        26.794144419191660     
   374.52914014014010        26.797114722200412     
   374.57975075075075        26.800144512247975     
   374.63036136136134        26.803236549931022     
   374.68097197197199        26.806393595846238     
   374.73158258258258        26.809618410590289     
   374.78219319319317        26.812913754759862     
   374.83280380380381        26.816282388951631     
   374.88341441441440        26.819727073762266     
   374.93402502502499        26.823250569788449     
   374.98463563563564        26.826855637626867     
   375.03524624624623        26.830545037874177     
   375.08585685685682        26.834321531127067     
   375.13646746746747        26.838187877982218     
   375.18707807807806        26.842146839036303     
   375.23768868868865        26.846201174885991     
   375.28829929929930        26.850353646127971     
   375.33890990990989        26.854607013358908     
   375.38952052052048        26.858964037175493     
   375.44013113113112        26.863427478174394     
   375.49074174174172        26.868000096952287     
   375.54135235235236        26.872684654105857     
   375.59196296296295        26.877483910231767     
   375.64257357357354        26.882400625926703     
   375.69318418418419        26.887437561787344     
   375.74379479479478        26.892597478410366     
   375.79440540540537        26.897883136392437     
   375.84501601601602        26.903297296330244     
   375.89562662662661        26.908842718820463     
   375.94623723723720        26.914522164459761     
   375.99684784784785        26.920338393844830     
   376.04745845845844        26.926294167572337     
   376.09806906906903        26.932392246238958     
   376.14867967967967        26.938635390441377     
   376.19929029029026        26.945026360776264     
   376.24990090090091        26.951567917840304     
   376.30051151151150        26.958262822230161     
   376.35112212212209        26.965113834542521     
   376.40173273273274        26.972123715374067     
   376.45234334334333        26.979295225321458     
   376.50295395395392        26.986631124981383     
   376.55356456456457        26.994134174950528     
   376.60417517517516        27.001807135825544     
   376.65478578578575        27.009652768203125     
   376.70539639639640        27.017666946460711     
   376.75600700700699        27.025814132283926     
   376.80661761761758        27.034049835194782     
   376.85722822822822        27.042329720655975     
   376.90783883883881        27.050623647634783     
   376.95844944944946        27.058926794592999     
   377.00906006006005        27.067236958254632     
   377.05967067067064        27.075551935343704     
   377.11028128128129        27.083869522584244     
   377.16089189189188        27.092187516700264     
   377.21150250250247        27.100503714415783     
   377.26211311311312        27.108815912454840     
   377.31272372372371        27.117121907541435     
   377.36333433433430        27.125419496399587     
   377.41394494494494        27.133706475753335     
   377.46455555555553        27.141980642326679     
   377.51516616616613        27.150239792843657     
   377.56577677677677        27.158481724028285     
   377.61638738738736        27.166704232604570     
   377.66699799799801        27.174905115296554     
   377.71760860860860        27.183082168828236     
   377.76821921921919        27.191233189923643     
   377.81882982982984        27.199355975306808     
   377.86944044044043        27.207448321701740     
   377.92005105105102        27.215508025832456     
   377.97066166166167        27.223532884422994     
   378.02127227227226        27.231520694197357     
   378.07188288288285        27.239469251879562     
   378.12249349349349        27.247376354193651     
   378.17310410410408        27.255239797863624     
   378.22371471471467        27.263057379613510     
   378.27432532532532        27.270826896167339     
   378.32493593593591        27.278546144249109     
   378.37554654654656        27.286212920582866     
   378.42615715715715        27.293825021892602     
   378.47676776776774        27.301380244902358     
   378.52737837837839        27.308876386336152     
   378.57798898898898        27.316310224077235     
   378.62859959959957        27.323672095226357     
   378.67921021021021        27.330949827238278     
   378.72982082082081        27.338131241890000     
   378.78043143143140        27.345204160958524     
   378.83104204204204        27.352156406220864     
   378.88165265265263        27.358975799454015     
   378.93226326326322        27.365650162434981     
   378.98287387387387        27.372167316940786     
   379.03348448448446        27.378515084748408     
   379.08409509509511        27.384681287634876     
   379.13470570570570        27.390653747377172     
   379.18531631631629        27.396420285752313     
   379.23592692692694        27.401968724537312     
   379.28653753753753        27.407286885509158     
   379.33714814814812        27.412362590444857     
   379.38775875875876        27.417183661121427     
   379.43836936936935        27.421737919315863     
   379.48897997997994        27.426013186805168     
   379.53959059059059        27.429997285366355     
   379.59020120120118        27.433678036776424     
   379.64081181181177        27.437043262812374     
   379.69142242242242        27.440080785317303     
   379.74203303303301        27.442781660719533     
   379.79264364364360        27.445148838511052     
   379.84325425425425        27.447188000929096     
   379.89386486486484        27.448904830210857     
   379.94447547547549        27.450305008593570     
   379.99508608608608        27.451394218314434     
   380.04569669669667        27.452178141610666     
   380.09630730730731        27.452662460719488     
   380.14691791791790        27.452852857878099     
   380.19752852852849        27.452755015323724     
   380.24813913913914        27.452374615293571     
   380.29874974974973        27.451717340024857     
   380.34936036036032        27.450788871754796     
   380.39997097097097        27.449594886748169     
   380.45058158158156        27.448140652427472     
   380.50119219219215        27.446430771630730     
   380.55180280280280        27.444469786259571     
   380.60241341341339        27.442262238215626     
   380.65302402402403        27.439812669400524     
   380.70363463463462        27.437125621715907     
   380.75424524524522        27.434205637063393     
   380.80485585585586        27.431057257344619     
   380.85546646646645        27.427685024461212     
   380.90607707707704        27.424093480314809     
   380.95668768768769        27.420287166807029     
   381.00729829829828        27.416270625839516     
   381.05790890890887        27.412048399313896     
   381.10851951951952        27.407625029131797     
   381.15913013013011        27.403005057194850     
   381.20974074074070        27.398193025404694     
   381.26035135135135        27.393193475662947     
   381.31096196196194        27.388010949871248     
   381.36157257257258        27.382649989931224     
   381.41218318318317        27.377115089801748     
   381.46279379379376        27.371409725634251     
   381.51340440440441        27.365536400805560     
   381.56401501501500        27.359497579762134     
   381.61462562562559        27.353295726950421     
   381.66523623623624        27.346933669147724     
   381.71584684684683        27.340423455427491     
   381.76645745745742        27.333786879681725     
   381.81706806806807        27.327046202737282     
   381.86767867867866        27.320223685421062     
   381.91828928928925        27.313341588559915     
   381.96889989989990        27.306422172980710     
   382.01951051051049        27.299487699510337     
   382.07012112112113        27.292560428975648     
   382.12073173173172        27.285662622203532     
   382.17134234234231        27.278816540020848     
   382.22195295295296        27.272044443254465     
   382.27256356356355        27.265368592731271     
   382.32317417417414        27.258811249278125     
   382.37378478478479        27.252394673721895     
   382.42439539539538        27.246138457011138     
   382.47500600600597        27.240025288934664     
   382.52561661661662        27.234010935157794     
   382.57622722722721        27.228050549236059     
   382.62683783783780        27.222099284724955     
   382.67744844844844        27.216112295179975     
   382.72805905905904        27.210044734156639     
   382.77866966966963        27.203851755210451     
   382.82928028028027        27.197488511896900     
   382.87989089089086        27.190910157771505     
   382.93050150150151        27.184071846389763     
   382.98111211211210        27.176928731307193     
   383.03172272272269        27.169435976103387     
   383.08233333333334        27.161579868921567     
   383.13294394394393        27.153446661007010     
   383.18355455455452        27.145142631963381     
   383.23416516516517        27.136774061394323     
   383.28477577577576        27.128447228903518     
   383.33538638638635        27.120268414094625     
   383.38599699699699        27.112343896571296     
   383.43660760760758        27.104779955937211     
   383.48721821821823        27.097682871796010     
   383.53782882882882        27.091158923751379     
   383.58843943943941        27.085314391406975     
   383.63905005005006        27.080255554366445     
   383.68966066066065        27.076088692233476     
   383.74027127127124        27.072920084611713     
   383.79088188188189        27.070856011104823     
   383.84149249249248        27.070002751316476     
   383.89210310310307        27.070279778468940     
   383.94271371371372        27.069634184529072     
   383.99332432432431        27.064829191222046     
   384.04393493493490        27.053242210411842     
   384.09454554554554        27.043901135590588     
   384.14515615615613        27.040893769757858     
   384.19576676676672        27.039313841664896     
   384.24637737737737        27.036235836799474     
   384.29698798798796        27.031789533703982     
   384.34759859859861        27.026350998412017     
   384.39820920920920        27.020296296957191     
   384.44881981981979        27.014001495373108     
   384.49943043043044        27.007842659693370     
   384.55004104104103        27.002195855951587     
   384.60065165165162        26.997411708941691     
   384.65126226226226        26.993403980730001     
   384.70187287287285        26.989718900418183     
   384.75248348348345        26.985996268335562     
   384.80309409409409        26.982210249398626     
   384.85370470470468        26.978401401621149     
   384.90431531531533        26.974610283016876     
   384.95492592592592        26.970877451599581     
   385.00553653653651        26.967225698047656     
   385.05614714714716        26.963528931042717     
   385.10675775775775        26.959586775582608     
   385.15736836836834        26.955198310195858     
   385.20797897897899        26.950162613411024     
   385.25858958958958        26.944278763756646     
   385.30920020020017        26.937345839761271     
   385.35981081081081        26.929163294152833     
   385.41042142142140        26.920101195096883     
   385.46103203203199        26.911840655540637     
   385.51164264264264        26.904691755447089     
   385.56225325325323        26.898526323829088     
   385.61286386386382        26.893216189066635     
   385.66347447447447        26.888633179539735     
   385.71408508508506        26.884649123628407     
   385.76469569569571        26.881135849712649     
   385.81530630630630        26.877965186172482     
   385.86591691691689        26.875008961387909     
   385.91652752752753        26.872139003738937     
   385.96713813813813        26.869227141605585     
   386.01774874874872        26.866145203367857     
   386.06835935935936        26.862765017405756     
   386.11896996996995        26.858958412099305     
   386.16958058058054        26.854597215828505     
   386.22019119119119        26.849553349839660     
   386.27080180180178        26.843905965279436     
   386.32141241241237        26.838376748555408     
   386.37202302302302        26.833433475642352     
   386.42263363363361        26.828907484344924     
   386.47324424424426        26.824569434953226     
   386.52385485485485        26.820189987757391     
   386.57446546546544        26.815636475941353     
   386.62507607607608        26.811215415407890     
   386.67568668668667        26.807313400519625     
   386.72629729729726        26.803865021191321     
   386.77690790790791        26.800541867118991     
   386.82751851851850        26.797054476312155     
   386.87812912912909        26.793388080371329     
   386.92873973973974        26.789637827406615     
   386.97935035035033        26.785899156496335     
   387.02996096096092        26.782267506718782     
   387.08057157157157        26.778837462184828     
   387.13118218218216        26.775657077455197     
   387.18179279279275        26.772704902203891     
   387.23240340340340        26.769953802812797     
   387.28301401401399        26.767376645663809     
   387.33362462462463        26.764946297138792     
   387.38423523523522        26.762635623619651     
   387.43484584584581        26.760417491488255     
   387.48545645645646        26.758264767126491     
   387.53606706706705        26.756150316916248     
   387.58667767767764        26.754047007239411     
   387.63728828828829        26.751927704477858     
   387.68789889889888        26.749765275013473     
   387.73850950950947        26.747532585228146     
   387.78912012012012        26.745202501503755     
   387.83973073073071        26.742747890222191     
   387.89034134134135        26.740141617765332     
   387.94095195195194        26.737378260483766     
   387.99156256256254        26.734554083037658     
   388.04217317317318        26.731795097864087     
   388.09278378378377        26.729226664557309     
   388.14339439439436        26.726927900936921     
   388.19400500500501        26.724902007002004     
   388.24461561561560        26.723145129789188     
   388.29522622622619        26.721653416335105     
   388.34583683683684        26.720423013676392     
   388.39644744744743        26.719450068849678     
   388.44705805805802        26.718730728891600     
   388.49766866866867        26.718261140838788     
   388.54827927927926        26.718037451727884     
   388.59888988988985        26.718055808595508     
   388.64950050050049        26.718312358478300     
   388.70011111111108        26.718803248412893     
   388.75072172172173        26.719524625435916     
   388.80133233233232        26.720472636584013     
   388.85194294294291        26.721643428893806     
   388.90255355355356        26.723033149401939     
   388.95316416416415        26.724637945145034     
   389.00377477477474        26.726453963159727     
   389.05438538538539        26.728477350482663     
   389.10499599599598        26.730704254150456     
   389.15560660660657        26.733130821199751     
   389.20621721721722        26.735753198667183     
   389.25682782782781        26.738567533589382     
   389.30743843843845        26.741569973002978     
   389.35804904904904        26.744756663944607     
   389.40865965965963        26.748123753450905     
   389.45927027027028        26.751667388558502     
   389.50988088088087        26.755383716304031     
   389.56049149149146        26.759268883724125     
   389.61110210210211        26.763319037855425     
   389.66171271271270        26.767530325734548     
   389.71232332332329        26.771898894398142     
   389.76293393393394        26.776420890882836     
   389.81354454454453        26.781092462225260     
   389.86415515515512        26.785909755462050     
   389.91476576576576        26.790868275669478     
   389.96537637637635        26.795766578860412     
   390.01598698698695        26.799929310503934     
   390.06659759759759        26.802880665282622     
   390.11720820820818        26.805289070309158     
   390.16781881881883        26.808126705513651     
   390.21842942942942        26.812326209086322     
   390.26904004004001        26.817921095566476     
   390.31965065065066        26.824051490000564     
   390.37026126126125        26.829819120246185     
   390.42087187187184        26.834514821813709     
   390.47148248248249        26.838268041244739     
   390.52209309309308        26.841440607030592     
   390.57270370370367        26.844394356178576     
   390.62331431431431        26.847491125696006     
   390.67392492492490        26.851092752590198     
   390.72453553553549        26.855561073868458     
   390.77514614614614        26.861256066644767     
   390.82575675675673        26.868145784031128     
   390.87636736736738        26.875325007612975     
   390.92697797797797        26.881778879747763     
   390.97758858858856        26.887159506258442     
   391.02819919919921        26.892249019128496     
   391.07880980980980        26.897536225002884     
   391.12942042042039        26.903033799729435     
   391.18003103103104        26.908727236876853     
   391.23064164164163        26.914602030013814     
   391.28125225225222        26.920643672709019     
   391.33186286286286        26.926837658531166     
   391.38247347347345        26.933169481048935     
   391.43308408408404        26.939624633831020     
   391.48369469469469        26.946190250045408     
   391.53430530530528        26.952861261286657     
   391.58491591591587        26.959634915230403     
   391.63552652652652        26.966508459926946     
   391.68613713713711        26.973479143426577     
   391.73674774774776        26.980544213779599     
   391.78735835835835        26.987700919036296     
   391.83796896896894        26.994946507246979     
   391.88857957957958        27.002278226461947     
   391.93919019019017        27.009693324731476     
   391.98980080080077        27.017189050105884     
   392.04041141141141        27.024762650635470     
   392.09102202202200        27.032411374370511     
   392.14163263263259        27.040132469361321     
   392.19224324324324        27.047923183658195     
   392.24285385385383        27.055780765311418     
   392.29346446446448        27.063702462371310     
   392.34407507507507        27.071685522888139     
   392.39468568568566        27.079727194912223     
   392.44529629629631        27.087824726493857     
   392.49590690690690        27.095975365683330     
   392.54651751751749        27.104176360530943     
   392.59712812812813        27.112424959087001     
   392.64773873873872        27.120718409401782     
   392.69834934934931        27.129053959525599     
   392.74895995995996        27.137428857508752     
   392.79957057057055        27.145840351401521     
   392.85018118118114        27.154285689254213     
   392.90079179179179        27.162762119117133     
   392.95140240240238        27.171266889040563     
   393.00201301301297        27.179797247074802     
   393.05262362362362        27.188350441270167     
   393.10323423423421        27.196923719676931     
   393.15384484484485        27.205514330345409     
   393.20445545545545        27.214119521325877     
   393.25506606606604        27.222736426171739     
   393.30567667667668        27.231354452021957     
   393.35628728728727        27.239950509695312     
   393.40689789789786        27.248500371850035     
   393.45750850850851        27.256979811144358     
   393.50811911911910        27.265364600236495     
   393.55872972972969        27.273630511784681     
   393.60934034034034        27.281753318447137     
   393.65995095095093        27.289708792882095     
   393.71056156156158        27.297472707747772     
   393.76117217217217        27.305020835702397     
   393.81178278278276        27.312328949404201     
   393.86239339339340        27.319372821511408     
   393.91300400400399        27.326139676577732     
   393.96361461461458        27.332677008019811     
   394.01422522522523        27.339052065487632     
   394.06483583583582        27.345332110129490     
   394.11544644644641        27.351584403093675     
   394.16605705705706        27.357876205528505     
   394.21666766766765        27.364274778582249     
   394.26727827827824        27.370847383403223     
   394.31788888888889        27.377661281139723     
   394.36849949949948        27.384783732940033     
   394.41911011011007        27.392277063029155     
   394.46972072072072        27.399817124126994     
   394.52033133133131        27.406596915279117     
   394.57094194194195        27.412499712494451     
   394.62155255255254        27.417612212183791     
   394.67216316316313        27.422021113806302     
   394.72277377377378        27.425813116821175     
   394.77338438438437        27.429074920687565     
   394.82399499499496        27.431893224864659     
   394.87460560560561        27.434354728811631     
   394.92521621621620        27.436546131987647     
   394.97582682682679        27.438554133851884     
   395.02643743743744        27.440465153998602     
   395.07704804804803        27.442330275343206     
   395.12765865865862        27.444131144824865     
   395.17826926926926        27.445841317855226     
   395.22887987987986        27.447434349845924     
   395.27949049049050        27.448883796208591     
   395.33010110110109        27.450163212354870     
   395.38071171171168        27.451246153696395     
   395.43132232232233        27.452106175644801     
   395.48193293293292        27.452716833611731     
   395.53254354354351        27.453051683008812     
   395.58315415415416        27.453084279247687     
   395.63376476476475        27.452788177739997     
   395.68437537537534        27.452136933897371     
   395.73498598598599        27.451104103131446     
   395.78559659659658        27.449663314904704     
   395.83620720720717        27.447802172953001     
   395.88681781781781        27.445538652340360     
   395.93742842842840        27.442894715322822     
   395.98803903903899        27.439892324156428     
   396.03864964964964        27.436553441097207     
   396.08926026026023        27.432900028401214     
   396.13987087087088        27.428954048324471     
   396.19048148148147        27.424737463123037     
   396.24109209209206        27.420272235052934     
   396.29170270270271        27.415580326370208     
   396.34231331331330        27.410683699330900     
   396.39292392392389        27.405604316191045     
   396.44353453453454        27.400364139206680     
   396.49414514514513        27.394985525174810     
   396.54475575575572        27.389492770018585     
   396.59536636636636        27.383910764417688     
   396.64597697697695        27.378264399208526     
   396.69658758758760        27.372578565227471     
   396.74719819819819        27.366878153310928     
   396.79780880880878        27.361188054295280     
   396.84841941941943        27.355533159016915     
   396.89903003003002        27.349938358312233     
   396.94964064064061        27.344428543017621     
   397.00025125125126        27.339028603969460     
   397.05086186186185        27.333763432004154     
   397.10147247247244        27.328657380322468     
   397.15208308308308        27.323679092950893     
   397.20269369369367        27.318693712261535     
   397.25330430430427        27.313555118860684     
   397.30391491491491        27.308117193354636     
   397.35452552552550        27.302233816349712     
   397.40513613613609        27.295758868452197     
   397.45574674674674        27.288546230268391     
   397.50635735735733        27.280449782404609     
   397.55696796796798        27.271442753593739     
   397.60757857857857        27.262056859704071     
   397.65818918918916        27.252987042002250     
   397.70879979979981        27.244884930984348     
   397.75941041041040        27.237862884400773     
   397.81002102102099        27.231667680501026     
   397.86063163163163        27.226039159547831     
   397.91124224224222        27.220717161803954     
   397.96185285285281        27.215441527532136     
   398.01246346346346        27.209952096995110     
   398.06307407407405        27.203988710455633     
   398.11368468468470        27.197296355742758     
   398.16429529529529        27.189833850787448     
   398.21490590590588        27.181845994046107     
   398.26551651651653        27.173597545085563     
   398.31612712712712        27.165353263472660     
   398.36673773773771        27.157377908774215     
   398.41734834834836        27.149936240557054     
   398.46795895895895        27.143293018388022     
   398.51856956956954        27.137713001833941     
   398.56918018018018        27.133460950461636     
   398.61979079079077        27.130801623837943     
   398.67040140140136        27.129988629453756     
   398.72101201201201        27.129688162932464     
   398.77162262262260        27.128433268594620     
   398.82223323323319        27.126281753222948     
   398.87284384384384        27.123302922898056     
   398.92345445445443        27.119566083700537     
   398.97406506506502        27.115140541711007     
   399.02467567567567        27.110095603010052     
   399.07528628628626        27.104500573678294     
   399.12589689689690        27.098424759796323     
   399.17650750750749        27.091937467444751     
   399.22711811811809        27.085108002704175     
   399.27772872872873        27.078005671655198     
   399.32833933933932        27.070699780378430     
   399.37894994994991        27.063259634954470     
   399.42956056056056        27.055754541463912     
   399.48017117117115        27.048253805987379     
   399.53078178178180        27.040826734605456     
   399.58139239239239        27.033542633398763     
   399.63200300300298        27.026470808447890     
   399.68261361361363        27.019680565833440     
   399.73322422422422        27.013241211636029     
   399.78383483483481        27.007220024714591     
   399.83444544544545        27.001630622588113     
   399.88505605605604        26.996428735020721     
   399.93566666666663        26.991567217748603     
   399.98627727727728        26.986998926507944     
   400.03688788788787        26.982676717034959     
   400.08749849849846        26.978553445065835     
   400.13810910910911        26.974581966336764     
   400.18871971971970        26.970715136583944     
   400.23933033033029        26.966905811543572     
   400.28994094094094        26.963106846951838     
   400.34055155155153        26.959271154883503     
   400.39116216216212        26.955365500489890     
   400.44177277277277        26.951388551808918     
   400.49238338338336        26.947343452062746     
   400.54299399399400        26.943233344473533     
   400.59360460460459        26.939061372263453     
   400.64421521521518        26.934830678654656     
   400.69482582582583        26.930544406869299     
   400.74543643643642        26.926205700129561     
   400.79604704704701        26.921817701657595     
   400.84665765765766        26.917383554675556     
   400.89726826826825        26.912906402405621     
   400.94787887887890        26.908389388069939     
   400.99848948948949        26.903835654890681     
   401.04910010010008        26.899248346090005     
   401.09971071071072        26.894630604890068     
   401.15032132132131        26.889985574513037     
   401.20093193193190        26.885316398181079     
   401.25154254254255        26.880626219116344     
   401.30215315315314        26.875918180541007     
   401.35276376376373        26.871195425677215     
   401.40337437437438        26.866461097747141     
   401.45398498498497        26.861718339972946     
   401.50459559559556        26.856970295576787     
   401.55520620620621        26.852220107780830     
   401.60581681681680        26.847470919807236     
   401.65642742742739        26.842725874878166     
   401.70703803803804        26.837988116215779     
   401.75764864864863        26.833260787042246     
   401.80825925925922        26.828547030579720     
   401.85886986986986        26.823849990050363     
   401.90948048048045        26.819172808676345     
   401.96009109109110        26.814518629679821     
   402.01070170170169        26.809890596282955     
   402.06131231231228        26.805291851707910     
   402.11192292292293        26.800725539176845     
   402.16253353353352        26.796193022914924     
   402.21314414414411        26.791684100097463     
   402.26375475475476        26.787183943350371     
   402.31436536536535        26.782677713116886     
   402.36497597597594        26.778150569840228     
   402.41558658658658        26.773587673963618     
   402.46619719719718        26.768975093570965     
   402.51680780780782        26.764447922927523     
   402.56741841841841        26.760454615830355     
   402.61802902902900        26.757405256410998     
   402.66863963963965        26.755247570538387     
   402.71925025025024        26.753759470226122     
   402.76986086086083        26.752718607106836     
   402.82047147147148        26.751902632813163     
   402.87108208208207        26.751089198977748     
   402.92169269269266        26.750055957233215     
   402.97230330330331        26.748625460041993     
   403.02291391391390        26.746826220152204     
   403.07352452452449        26.744745768802325     
   403.12413513513513        26.742471642124535     
   403.17474574574572        26.740091376251044     
   403.22535635635631        26.737692507314037     
   403.27596696696696        26.735362571445716     
   403.32657757757755        26.733189104778276     
   403.37718818818814        26.731259643443913     
   403.42779879879879        26.729661483148497     
   403.47840940940938        26.728447300246444     
   403.52902002002003        26.727599335602058     
   403.57963063063062        26.727091272314290     
   403.63024124124121        26.726896793482076     
   403.68085185185186        26.726989582204371     
   403.73146246246245        26.727343321580118     
   403.78207307307304        26.727931694708261     
   403.83268368368368        26.728728384687745     
   403.88329429429427        26.729707074617522     
   403.93390490490492        26.730841163494130     
   403.98451551551551        26.732101398132087     
   404.03512612612610        26.733457079768190     
   404.08573673673675        26.734877495087098     
   404.13634734734734        26.736331930773460     
   404.18695795795793        26.737789673511937     
   404.23756856856858        26.739220009987186     
   404.28817917917917        26.740593445357433     
   404.33878978978976        26.741918682496003     
   404.38940040040040        26.743249308555491     
   404.44001101101099        26.744641477393042     
   404.49062162162159        26.746151342865794     
   404.54123223223223        26.747835058830898     
   404.59184284284282        26.749748779145484     
   404.64245345345341        26.751940430861083     
   404.69306406406406        26.754410391248928     
   404.74367467467465        26.757141992543783     
   404.79428528528524        26.760118545120150     
   404.84489589589589        26.763323359352533     
   404.89550650650648        26.766739745615421     
   404.94611711711713        26.770351014283328     
   404.99672772772772        26.774140475730739     
   405.04733833833831        26.778091440332158     
   405.09794894894895        26.782187218462091     
   405.14855955955954        26.786411120495039     
   405.19917017017013        26.790746456805493     
   405.24978078078078        26.795176537767958     
   405.30039139139137        26.799684673756929     
   405.35100200200202        26.804254175146909     
   405.40161261261261        26.808868352312395     
   405.45222322322320        26.813510515627890     
   405.50283383383385        26.818163975467897     
   405.55344444444444        26.822812042206905     
   405.60405505505503        26.827438026219419     
   405.65466566566568        26.832025237879947     
   405.70527627627627        26.836556987562972     
   405.75588688688686        26.841016585643008     
   405.80649749749750        26.845387342494547     
   405.85710810810809        26.849652568492090     
   405.90771871871868        26.853795574010139     
   405.95832932932933        26.857799669423194     
   406.00893993993992        26.861650920208660     
   406.05955055055051        26.865423993066017     
   406.11016116116116        26.869298962104494     
   406.16077177177175        26.873443289788952     
   406.21138238238234        26.877896547420153     
   406.26199299299299        26.882644938917593     
   406.31260360360358        26.887674490468925     
   406.36321421421422        26.892971228261803     
   406.41382482482481        26.898521178483890     
   406.46443543543540        26.904310367322829     
   406.51504604604605        26.910324820966299     
   406.56565665665664        26.916550565601931     
   406.61626726726723        26.922973627417399     
   406.66687787787788        26.929580032600356     
   406.71748848848847        26.936355807338451     
   406.76809909909906        26.943286977819348     
   406.81870970970971        26.950359570230702     
   406.86932032032030        26.957559610760168     
   406.91993093093095        26.964873125595403     
   406.97054154154154        26.972286078753172     
   407.02115215215213        26.979779888506396     
   407.07176276276277        26.987328413411735     
   407.12237337337336        26.994904797730975     
   407.17298398398395        27.002482185725906     
   407.22359459459460        27.010033721658345     
   407.27420520520519        27.017532549790054     
   407.32481581581578        27.024951814382845     
   407.37542642642643        27.032264659698509     
   407.42603703703702        27.039444229998828     
   407.47664764764761        27.046476185169169     
   407.52725825825826        27.053409556460856     
   407.57786886886885        27.060313385015611     
   407.62847947947944        27.067256719649187     
   407.67909009009009        27.074308609177343     
   407.72970070070068        27.081538102415827     
   407.78031131131127        27.089014248180398     
   407.83092192192191        27.096806095286819     
   407.88153253253250        27.104972585478645     
   407.93214314314315        27.113423377854829     
   407.98275375375374        27.121954202216131     
   408.03336436436433        27.130357914253928     
   408.08397497497498        27.138427369659595     
   408.13458558558557        27.145955424124487     
   408.18519619619616        27.152753642013320     
   408.23580680680681        27.159286140848245     
   408.28641741741740        27.166823855441322     
   408.33702802802804        27.176687718280924     
   408.38763863863863        27.190198656579110     
   408.43824924924922        27.206113032674683     
   408.48885985985987        27.218981005410598     
   408.53947047047046        27.229000353837442     
   408.59008108108105        27.236915019189063     
   408.64069169169170        27.243468942699284     
   408.69130230230229        27.249406065601924     
   408.74191291291288        27.255470329130812     
   408.79252352352353        27.262397867253259     
   408.84313413413412        27.270432417015819     
   408.89374474474471        27.279040394277501     
   408.94435535535536        27.287619672279639     
   408.99496596596595        27.295568124263504     
   409.04557657657654        27.302295965525591     
   409.09618718718718        27.307801671260101     
   409.14679779779777        27.312917324706568     
   409.19740840840836        27.318538297682057     
   409.24801901901901        27.325559962003613     
   409.29862962962960        27.334807400322052     
   409.34924024024025        27.345383001675827     
   409.39985085085084        27.354605404482648     
   409.45046146146143        27.359710741948508     
   409.50107207207208        27.360034508577243     
   409.55168268268267        27.360948009010627     
   409.60229329329326        27.362892188726143     
   409.65290390390390        27.365763611980945     
   409.70351451451450        27.369458843032170     
   409.75412512512514        27.373874446136959     
   409.80473573573573        27.378906985552447     
   409.85534634634632        27.384453025535791     
   409.90595695695697        27.390409130344135     
   409.95656756756756        27.396671864234598     
   410.00717817817815        27.403137791464346     
   410.05778878878880        27.409703476290510     
   410.10839939939939        27.416265482970232     
   410.15901001000998        27.422720375760658     
   410.20962062062063        27.428964718918934     
   410.26023123123122        27.434895076702187     
   410.31084184184181        27.440408013367573     
   410.36145245245245        27.445400093172239     
   410.41206306306304        27.449767880373308     
   410.46267367367363        27.453427831579049     
   410.51328428428428        27.456391136043756     
   410.56389489489487        27.458697152726593     
   410.61450550550546        27.460385245237596     
   410.66511611611611        27.461494777186793     
   410.71572672672670        27.462065112184220     
   410.76633733733735        27.462135613839894     
   410.81694794794794        27.461745645763862     
   410.86755855855853        27.460934571566149     
   410.91816916916918        27.459741754856786     
   410.96877977977977        27.458206559245809     
   411.01939039039036        27.456368348343243     
   411.07000100100100        27.454266485759121     
   411.12061161161159        27.451940335103480     
   411.17122222222218        27.449429171720720     
   411.22183283283283        27.446757859732820     
   411.27244344344342        27.443921002169205     
   411.32305405405407        27.440909385608911     
   411.37366466466466        27.437713796630980     
   411.42427527527525        27.434325021814445     
   411.47488588588590        27.430733847738345     
   411.52549649649649        27.426931060981723     
   411.57610710710708        27.422907448123610     
   411.62671771771772        27.418653852600421     
   411.67732832832831        27.414165163247922     
   411.72793893893891        27.409442933818394     
   411.77854954954955        27.404489340119802     
   411.82916016016014        27.399306557960141     
   411.87977077077073        27.393896763147385     
   411.93038138138138        27.388262131489498     
   411.98099199199197        27.382404838794479     
   412.03160260260256        27.376327060870292     
   412.08221321321321        27.370030973524916     
   412.13282382382380        27.363518752566328     
   412.18343443443439        27.356792573802519     
   412.23404504504504        27.349854613295918     
   412.28465565565563        27.342737778598700     
   412.33526626626627        27.335583807358017     
   412.38587687687686        27.328467851148467     
   412.43648748748745        27.321396206055738     
   412.48709809809810        27.314373577698490     
   412.53770870870869        27.307404671695423     
   412.58831931931928        27.300494193665202     
   412.63892992992993        27.293646849226498     
   412.68954054054052        27.286867343998004     
   412.74015115115117        27.280160383598378     
   412.79076176176176        27.273530673646317     
   412.84137237237235        27.266982919760487     
   412.89198298298300        27.260521827559550     
   412.94259359359359        27.254152102662207     
   412.99320420420418        27.247878288084710     
   413.04381481481482        27.241695618683341     
   413.09442542542541        27.235585153526582     
   413.14503603603600        27.229526761229224     
   413.19564664664665        27.223500310406024     
   413.24625725725724        27.217485669671795     
   413.29686786786783        27.211462707641306     
   413.34747847847848        27.205411292929341     
   413.39808908908907        27.199311294150693     
   413.44869969969966        27.193142579920139     
   413.49931031031031        27.186885018852458     
   413.54992092092090        27.180518479562448     
   413.60053153153149        27.174029621071231     
   413.65114214214213        27.167439724878285     
   413.70175275275272        27.160781078969524     
   413.75236336336337        27.154085975905314     
   413.80297397397396        27.147386708246025     
   413.85358458458455        27.140715568552018     
   413.90419519519520        27.134104849383657     
   413.95480580580579        27.127586843301323     
   414.00541641641638        27.121193842865374     
   414.05602702702703        27.114954659916190     
   414.10663763763762        27.108873242673518     
   414.15724824824827        27.102942723652685     
   414.20785885885886        27.097156191003819     
   414.25846946946945        27.091506732877008     
   414.30908008008009        27.085987437422375     
   414.35969069069068        27.080591392790041     
   414.41030130130127        27.075311687130100     
   414.46091191191192        27.070141408592665     
   414.51152252252251        27.065073645327857     
   414.56213313313310        27.060101485485781     
   414.61274374374375        27.055218017216546     
   414.66335435435434        27.050416328670263     
   414.71396496496493        27.045689507997050     
   414.76457557557558        27.041030643347007     
   414.81518618618617        27.036432822870253     
   414.86579679679676        27.031889134716899     
   414.91640740740741        27.027392549510360     
   414.96701801801800        27.022934140264724     
   415.01762862862859        27.018503444651564     
   415.06823923923923        27.014089956289972     
   415.11884984984982        27.009683168799022     
   415.16946046046047        27.005272575797797     
   415.22007107107106        27.000847670905380     
   415.27068168168165        26.996397947740853     
   415.32129229229230        26.991912899923292     
   415.37190290290289        26.987382021071785     
   415.42251351351348        26.982794804805408     
   415.47312412412413        26.978140966341183     
   415.52373473473472        26.973418957559037     
   415.57434534534531        26.968638650685769     
   415.62495595595595        26.963810688384747     
   415.67556656656654        26.958945713319366     
   415.72617717717719        26.954054368152999     
   415.77678778778778        26.949147286563203     
   415.82739839839837        26.944232363293768     
   415.87800900900902        26.939310910630677     
   415.92861961961961        26.934383272226235     
   415.97923023023020        26.929449791732747     
   416.02984084084085        26.924510812802488     
   416.08045145145144        26.919566679087783     
   416.13106206206203        26.914617734240910     
   416.18167267267268        26.909664321914168     
   416.23228328328327        26.904706785759856     
   416.28289389389386        26.899745469430279     
   416.33350450450450        26.894780716577724     
   416.38411511511509        26.889812870854499     
   416.43472572572568        26.884842275912888     
   416.48533633633633        26.879869275405198     
   416.53594694694692        26.874894212983726     
   416.58655755755751        26.869917432300767     
   416.63716816816816        26.864939277008617     
   416.68777877877875        26.859960090759575     
   416.73838938938940        26.854980217205934     
   416.78899999999999        26.850000000000001     
