   45384.233999999997        24.930000000000000     
   45384.298251251246        24.933846121382388     
   45384.362502502496        24.937731576063676     
   45384.426753753753        24.941695697343210     
   45384.491005005002        24.945777818518998     
   45384.555256256252        24.950017272889912     
   45384.619507507501        24.954445849831217     
   45384.683758758758        24.959065521921065     
   45384.748010010007        24.963870896195758     
   45384.812261261257        24.968856579693146     
   45384.876512512506        24.974017179450581     
   45384.940763763763        24.979347302506014     
   45385.005015015013        24.984841555895589     
   45385.069266266262        24.990494546657249     
   45385.133517517512        24.996300881828326     
   45385.197768768769        25.002255168446855     
   45385.262020020018        25.008352013548834     
   45385.326271271268        25.014586024172274     
   45385.390522522517        25.020951807354511     
   45385.454773773774        25.027443970133646     
   45385.519025025023        25.034057119545540     
   45385.583276276273        25.040785862628276     
   45385.647527527522        25.047624806419201     
   45385.711778778779        25.054568557956443     
   45385.776030030029        25.061611724275778     
   45385.840281281278        25.068748912415337     
   45385.904532532528        25.075974729412454     
   45385.968783783777        25.083283782304484     
   45386.033035035034        25.090670678129609     
   45386.097286286284        25.098130023923503     
   45386.161537537533        25.105656426724337     
   45386.225788788783        25.113244493569464     
   45386.290040040039        25.120888831497094     
   45386.354291291289        25.128584047542837     
   45386.418542542538        25.136324748744912     
   45386.482793793788        25.144105542140650     
   45386.547045045045        25.151921034768293     
   45386.611296296294        25.159765833663410     
   45386.675547547544        25.167634545864235     
   45386.739798798793        25.175521778408104     
   45386.804050050050        25.183422138333270     
   45386.868301301300        25.191330232675273     
   45386.932552552549        25.199240668472367     
   45386.996803803799        25.207148052761891     
   45387.061055055055        25.215046992582081     
   45387.125306306305        25.222932094968499     
   45387.189557557555        25.230797966959379     
   45387.253808808804        25.238639215592070     
   45387.318060060054        25.246450447903918     
   45387.382311311310        25.254226270933138     
   45387.446562562560        25.261961291715327     
   45387.510813813809        25.269650117288705     
   45387.575065065059        25.277287354690618     
   45387.639316316316        25.284869452591547     
   45387.703567567565        25.292416213729389     
   45387.767818818815        25.299963486167766     
   45387.832070070064        25.307547432984045     
   45387.896321321321        25.315204217256444     
   45387.960572572571        25.322970002060586     
   45388.024823823820        25.330880950474686     
   45388.089075075070        25.338973225576094     
   45388.153326326326        25.347282990443130     
   45388.217577577576        25.355846408151255     
   45388.281828828825        25.364697644383227     
   45388.346080080075        25.373830174957583     
   45388.410331331332        25.383199505085312     
   45388.474582582581        25.392759687245341     
   45388.538833833831        25.402464773919789     
   45388.603085085080        25.412268817589709     
   45388.667336336337        25.422125870737283     
   45388.731587587587        25.431989985841334     
   45388.795838838836        25.441815215384036     
   45388.860090090086        25.451555611846448     
   45388.924341341335        25.461165227709635     
   45388.988592592592        25.470598115455708     
   45389.052843843841        25.479808327563589     
   45389.117095095091        25.488749916515417     
   45389.181346346340        25.497376934792257     
   45389.245597597597        25.505643434876074     
   45389.309848848847        25.513503469246061     
   45389.374100100096        25.520911090384232     
   45389.438351351346        25.527820350771645     
   45389.502602602603        25.534185302890052     
   45389.566853853852        25.539959999219064     
   45389.631105105102        25.545098492240498     
   45389.695356356351        25.549554834435416     
   45389.759607607608        25.553283078285254     
   45389.823858858857        25.556237276270220     
   45389.888110110107        25.558371480871845     
   45389.952361361356        25.559639744571186     
   45390.016612612613        25.559996610117139     
   45390.080863863863        25.562099229991230     
   45390.145115115112        25.567933099917656     
   45390.209366366362        25.575920463520308     
   45390.273617617611        25.584476148007319     
   45390.337868868868        25.592024067634956     
   45390.402120120118        25.597728578565999     
   45390.466371371367        25.602030767519857     
   45390.530622622617        25.605498150321047     
   45390.594873873873        25.608698242794468     
   45390.659125125123        25.612174933134444     
   45390.723376376372        25.616130790327709     
   45390.787627627622        25.620511748151994     
   45390.851878878879        25.625257482472310     
   45390.916130130128        25.630307669152032     
   45390.980381381378        25.635601984056116     
   45391.044632632627        25.641080103049017     
   45391.108883883884        25.646681701995831     
   45391.173135135134        25.652346456759727     
   45391.237386386383        25.658014043205785     
   45391.301637637633        25.663624137198461     
   45391.365888888889        25.669116414602808     
   45391.430140140139        25.674430551282040     
   45391.494391391388        25.679506223101228     
   45391.558642642638        25.684283105924823     
   45391.622893893895        25.688700875617755     
   45391.687145145144        25.692704728150588     
   45391.751396396394        25.696299501858114     
   45391.815647647643        25.699526467278364     
   45391.879898898893        25.702427416483314     
   45391.944150150150        25.705044141545194     
   45392.008401401399        25.707418434535384     
   45392.072652652649        25.709592087526158     
   45392.136903903898        25.711606892589476     
   45392.201155155155        25.713504641797506     
   45392.265406406405        25.715327127221794     
   45392.329657657654        25.717116140934518     
   45392.393908908904        25.718913475007639     
   45392.458160160160        25.720760134579574     
   45392.522411411410        25.722667787234769     
   45392.586662662659        25.724610700307501     
   45392.650913913909        25.726560711797902     
   45392.715165165166        25.728489659706312     
   45392.779416416415        25.730369382032425     
   45392.843667667665        25.732171716776595     
   45392.907918918914        25.733868501938947     
   45392.972170170171        25.735431575519783     
   45393.036421421421        25.736832775518874     
   45393.100672672670        25.738043939936539     
   45393.164923923920        25.739036906772906     
   45393.229175175169        25.739783514028101     
   45393.293426426426        25.740257717672186     
   45393.357677677675        25.740463515324677     
   45393.421928928925        25.740427215120580     
   45393.486180180174        25.740175653903098     
   45393.550431431431        25.739734827243499     
   45393.614682682681        25.739115361847634     
   45393.678933933930        25.738314447307499     
   45393.743185185180        25.737328820480137     
   45393.807436436437        25.736155218222464     
   45393.871687687686        25.734790377391796     
   45393.935938938936        25.733231034845051     
   45394.000190190185        25.731473927439282     
   45394.064441441442        25.729515792031297     
   45394.128692692691        25.727353365478592     
   45394.192943943941        25.724983384638016     
   45394.257195195190        25.722402586366599     
   45394.321446446447        25.719607707521078     
   45394.385697697697        25.716595484959122     
   45394.449948948946        25.713362655537477     
   45394.514200200196        25.709905956113197     
   45394.578451451453        25.706222123542901     
   45394.642702702702        25.702307894684463     
   45394.706953953952        25.698160006394538     
   45394.771205205201        25.693775195530165     
   45394.835456456451        25.689150198948401     
   45394.899707707707        25.684281753505726     
   45394.963958958957        25.679166596060288     
   45395.028210210206        25.673801463468600     
   45395.092461461456        25.668183188480675     
   45395.156712712713        25.662315025186835     
   45395.220963963962        25.656210584982176     
   45395.285215215212        25.649884419189529     
   45395.349466466461        25.643351079132390     
   45395.413717717718        25.636625116133459     
   45395.477968968968        25.629721081517751     
   45395.542220220217        25.622653526607998     
   45395.606471471467        25.615437002727692     
   45395.670722722723        25.608086061199476     
   45395.734973973973        25.600615253348501     
   45395.799225225222        25.593039130497424     
   45395.863476476472        25.585372243969736     
   45395.927727727729        25.577629145088032     
   45395.991978978978        25.569824385177565     
   45396.056230230228        25.561972515560939     
   45396.120481481477        25.554088087561645     
   45396.184732732727        25.546185652503162     
   45396.248983983984        25.538279526446566     
   45396.313235235233        25.530343769526162     
   45396.377486486483        25.522282562407000     
   45396.441737737732        25.514060248575486     
   45396.505988988989        25.505661387756170     
   45396.570240240238        25.497070541096384     
   45396.634491491488        25.488272269740598     
   45396.698742742738        25.479251134834243     
   45396.762993993994        25.469991697521671     
   45396.827245245244        25.460478518950410     
   45396.891496496493        25.450696160264837     
   45396.955747747743        25.440641320707066     
   45397.019998999000        25.430370649823423     
   45397.084250250249        25.419959273068276     
   45397.148501501499        25.409470853294497     
   45397.212752752748        25.398923715029696     
   45397.277004004005        25.388324979889244     
   45397.341255255255        25.377681769492121     
   45397.405506506504        25.367001205453693     
   45397.469757757754        25.356290409390528     
   45397.534009009010        25.345556502917994     
   45397.598260260260        25.334806607655089     
   45397.662511511509        25.324047845217173     
   45397.726762762759        25.313287337220814     
   45397.791014014008        25.302532205282585     
   45397.855265265265        25.291789571017844     
   45397.919516516515        25.281066556045602     
   45397.983767767764        25.270370281981201     
   45398.048019019014        25.259707870441225     
   45398.112270270271        25.249086443041040     
   45398.176521521520        25.238513121399631     
   45398.240772772770        25.227995027132351     
   45398.305024024019        25.217539281855789     
   45398.369275275276        25.207153007185333     
   45398.433526526525        25.196843324739916     
   45398.497777777775        25.186617356134928     
   45398.562029029024        25.176482222986934     
   45398.626280280281        25.166445046911385     
   45398.690531531531        25.156512949527126     
   45398.754782782780        25.146693052449578     
   45398.819034034030        25.136992477295323     
   45398.883285285287        25.127418345679850     
   45398.947536536536        25.117977779221906     
   45399.011787787786        25.108677899536964     
   45399.076039039035        25.099525828241603     
   45399.140290290292        25.090528686951387     
   45399.204541541541        25.081693597284918     
   45399.268792792791        25.073027680857749     
   45399.333044044040        25.064538059286445     
   45399.397295295290        25.056231854187580     
   45399.461546546547        25.048116187176820     
   45399.525797797796        25.040198179872579     
   45399.590049049046        25.032484953890496     
   45399.654300300295        25.024983630847139     
   45399.718551551552        25.017701332358271     
   45399.782802802802        25.010645180042118     
   45399.847054054051        25.003822295514414     
   45399.911305305301        24.997239800391725     
   45399.975556556557        24.990904816289927     
   45400.039807807807        24.984824464827025     
   45400.104059059056        24.979005867618859     
   45400.168310310306        24.973456146282004     
   45400.232561561563        24.968182422432445     
   45400.296812812812        24.963191817687957     
   45400.361064064062        24.958490796055568     
   45400.425315315311        24.954044757939187     
   45400.489566566568        24.949754513480613     
   45400.553817817818        24.945515205134875     
   45400.618069069067        24.941221975355532     
   45400.682320320317        24.936780202393550     
   45400.746571571566        24.932193552794114     
   45400.810822822823        24.927520484326468     
   45400.875074074072        24.922820048527704     
   45400.939325325322        24.918151296933324     
   45401.003576576572        24.913573281079358     
   45401.067827827828        24.909145052501337     
   45401.132079079078        24.904925662736304     
   45401.196330330327        24.900974163319777     
   45401.260581581577        24.897345198392429     
   45401.324832832834        24.894053818314440     
   45401.389084084083        24.891094152082971     
   45401.453335335333        24.888460139177859     
   45401.517586586582        24.886145719079320     
   45401.581837837839        24.884144831267374     
   45401.646089089088        24.882451415222683     
   45401.710340340338        24.881059410425230     
   45401.774591591588        24.879962756355233     
   45401.838842842844        24.879155392492837     
   45401.903094094094        24.878631258318443     
   45401.967345345343        24.878384293312166     
   45402.031596596593        24.878408436954217     
   45402.095847847850        24.878697628724872     
   45402.160099099099        24.879245808104283     
   45402.224350350349        24.880046914572688     
   45402.288601601598        24.881094887610310     
   45402.352852852848        24.882383666697358     
   45402.417104104105        24.883907191314250     
   45402.481355355354        24.885659400940856     
   45402.545606606604        24.887634235057554     
   45402.609857857853        24.889825633144561     
   45402.674109109110        24.892227534682391     
   45402.738360360359        24.894833879150710     
   45402.802611611609        24.897638606030000     
   45402.866862862858        24.900635654800478     
   45402.931114114115        24.903818964942744     
   45402.995365365365        24.907182475936288     
   45403.059616616614        24.910720127261683     
   45403.123867867864        24.914425858399145     
   45403.188119119121        24.918293608829352     
   45403.252370370370        24.922317318031638     
   45403.316621621620        24.926490925486654     
   45403.380872872869        24.930808373208343     
   45403.445124124126        24.935264260897124     
   45403.509375375375        24.939854719777152     
   45403.573626626625        24.944576098619148     
   45403.637877877874        24.949424746193323     
   45403.702129129124        24.954397011269904     
   45403.766380380381        24.959489242619696     
   45403.830631631630        24.964697789011758     
   45403.894882882880        24.970018999216890     
   45403.959134134129        24.975449222005295     
   45404.023385385386        24.980984806147845     
   45404.087636636636        24.986622100413491     
   45404.151887887885        24.992357453573078     
   45404.216139139135        24.998187214396832     
   45404.280390390391        25.004107731655644     
   45404.344641641641        25.010115354118390     
   45404.408892892890        25.016206430555961     
   45404.473144144140        25.022377309738573     
   45404.537395395397        25.028624340437155     
   45404.601646646646        25.034943871420516     
   45404.665897897896        25.041332251459583     
   45404.730149149145        25.047785829324567     
   45404.794400400402        25.054300953786438     
   45404.858651651652        25.060873973613930     
   45404.922902902901        25.067501237578004     
   45404.987154154151        25.074186319744030     
   45405.051405405407        25.081030901588768     
   45405.115656656657        25.088207377357925     
   45405.179907907906        25.095889702858244     
   45405.244159159156        25.104251833895717     
   45405.308410410405        25.113463739981789     
   45405.372661661662        25.123502034761383     
   45405.436912912912        25.134067371281418     
   45405.501164164161        25.144839237199658     
   45405.565415415411        25.155497120172789     
   45405.629666666668        25.165720507858602     
   45405.693917917917        25.175188887911432     
   45405.758169169167        25.183581747989141     
   45405.822420420416        25.190578575748411     
   45405.886671671673        25.195858858846403     
   45405.950922922922        25.199102084938570     
   45406.015174174172        25.200014746563170     
   45406.079425425422        25.200242933806265     
   45406.143676676678        25.201275744655405     
   45406.207927927928        25.203084223636445     
   45406.272179179177        25.205634528820006     
   45406.336430430427        25.208892818276652     
   45406.400681681684        25.212825250077415     
   45406.464932932933        25.217397982291960     
   45406.529184184183        25.222577172991254     
   45406.593435435432        25.228328980245852     
   45406.657686686682        25.234619562126309     
   45406.721937937938        25.241415076703980     
   45406.786189189188        25.248681682047888     
   45406.850440440438        25.256385536229324     
   45406.914691691687        25.264492797318837     
   45406.978942942944        25.272969623387979     
   45407.043194194193        25.281782172505377     
   45407.107445445443        25.290896602742524     
   45407.171696696692        25.300279072169982     
   45407.235947947949        25.309895738859407     
   45407.300199199199        25.319712760879177     
   45407.364450450448        25.329696296300920     
   45407.428701701698        25.339812503195198     
   45407.492952952955        25.350027539633729     
   45407.557204204204        25.360307563684749     
   45407.621455455454        25.370618733419967     
   45407.685706706703        25.380927206909945     
   45407.749957957960        25.391199142226398     
   45407.814209209209        25.401400697437552     
   45407.878460460459        25.411498030615128     
   45407.942711711708        25.421457299829687     
   45408.006962962965        25.431244663152881     
   45408.071214214215        25.440826278653049     
   45408.135465465464        25.450168304401863     
   45408.199716716714        25.459236898469882     
   45408.263967967963        25.467998218927665     
   45408.328219219220        25.476422814818978     
   45408.392470470470        25.484517474123354     
   45408.456721721719        25.492306837239454     
   45408.520972972969        25.499815669651205     
   45408.585224224225        25.507068736843369     
   45408.649475475475        25.514090804298238     
   45408.713726726724        25.520906637500588     
   45408.777977977974        25.527541001934360     
   45408.842229229231        25.534018663084218     
   45408.906480480480        25.540364386432643     
   45408.970731731730        25.546602937464307     
   45409.034982982979        25.552759081663162     
   45409.099234234236        25.558857584513824     
   45409.163485485486        25.564923211498865     
   45409.227736736735        25.570980728102914     
   45409.291987987985        25.577054899809909     
   45409.356239239241        25.583169523957370     
   45409.420490490491        25.589327843201296     
   45409.484741741740        25.595513454266740     
   45409.548992992990        25.601709167596745     
   45409.613244244239        25.607897793634361     
   45409.677495495496        25.614062142823315     
   45409.741746746746        25.620185025605263     
   45409.805997997995        25.626249252423946     
   45409.870249249245        25.632237633722401     
   45409.934500500502        25.638132979944345     
   45409.998751751751        25.643918101531472     
   45410.063003003001        25.649575808927509     
   45410.127254254250        25.655088912575497     
   45410.191505505507        25.660440222919075     
   45410.255756756756        25.665612550400070     
   45410.320008008006        25.670588705462144     
   45410.384259259255        25.675351498548338     
   45410.448510510512        25.679883740102198     
   45410.512761761762        25.684168240565739     
   45410.577013013011        25.688187810382537     
   45410.641264264261        25.691925259995621     
   45410.705515515518        25.695363399848418     
   45410.769766766767        25.698485040383190     
   45410.834018018017        25.701272992043378     
   45410.898269269266        25.703710065272038     
   45410.962520520523        25.705779070512421     
   45411.026771771772        25.707462818207098     
   45411.091023023022        25.708744118799370     
   45411.155274274272        25.709605782732282     
   45411.219525525521        25.710030507009215     
   45411.283776776778        25.710042322319691     
   45411.348028028027        25.716474578251347     
   45411.412279279277        25.725994784345453     
   45411.476530530526        25.734101031321138     
   45411.540781781783        25.740802030663872     
   45411.605033033033        25.746195391314156     
   45411.669284284282        25.750378722214833     
   45411.733535535532        25.753449632307913     
   45411.797786786788        25.755505730535585     
   45411.862038038038        25.756644625839407     
   45411.926289289288        25.756963927161664     
   45411.990540540537        25.756561243444377     
   45412.054791791794        25.755534183629401     
   45412.119043043043        25.753980356658985     
   45412.183294294293        25.751997371475063     
   45412.247545545542        25.749682837019634     
   45412.311796796799        25.747134362234412     
   45412.376048048049        25.744449556062001     
   45412.440299299298        25.741726027444123     
   45412.504550550548        25.739061385322788     
   45412.568801801805        25.736553238639740     
   45412.633053053054        25.734299196337560     
   45412.697304304304        25.732396867357959     
   45412.761555555553        25.730943860642952     
   45412.825806806803        25.730037785134545     
   45412.890058058059        25.729725797680103     
   45412.954309309309        25.729809483772847     
   45413.018560560558        25.730015694900708     
   45413.082811811808        25.729829889999294     
   45413.147063063065        25.728554355404462     
   45413.211314314314        25.726282188433455     
   45413.275565565564        25.723190143251173     
   45413.339816816813        25.719454974022590     
   45413.404068068070        25.715253434912189     
   45413.468319319320        25.710762280085909     
   45413.532570570569        25.706141138643737     
   45413.596821821819        25.701435947399329     
   45413.661073073075        25.696646320452722     
   45413.725324324325        25.691771736183597     
   45413.789575575574        25.686811672970020     
   45413.853826826824        25.681765609190577     
   45413.918078078081        25.676633023223289     
   45413.982329329330        25.671413393447910     
   45414.046580580580        25.666106198242471     
   45414.110831831829        25.660710915985554     
   45414.175083083079        25.655227025055773     
   45414.239334334336        25.649654003831074     
   45414.303585585585        25.643991330691328     
   45414.367836836835        25.638238484014501     
   45414.432088088084        25.632394942179189     
   45414.496339339341        25.626460183563317     
   45414.560590590590        25.620433686546821     
   45414.624841841840        25.614314929507639     
   45414.689093093089        25.608103390824365     
   45414.753344344346        25.601798548874875     
   45414.817595595596        25.595399882039196     
   45414.881846846845        25.588906868695215     
   45414.946098098095        25.582318987221534     
   45415.010349349352        25.575635715995986     
   45415.074600600601        25.568856533398680     
   45415.138851851851        25.561980917807460     
   45415.203103103100        25.555008347600932     
   45415.267354354357        25.547938301156883     
   45415.331605605606        25.540770256855510     
   45415.395856856856        25.533503693074614     
   45415.460108108105        25.526138088192798     
   45415.524359359362        25.518672907058949     
   45415.588610610612        25.511103678870946     
   45415.652861861861        25.503416558631063     
   45415.717113113111        25.495596335606230     
   45415.781364364360        25.487627799063375     
   45415.845615615617        25.479495738268497     
   45415.909866866867        25.471184942490357     
   45415.974118118116        25.462680200994974     
   45416.038369369366        25.453966303049278     
   45416.102620620622        25.445028037919172     
   45416.166871871872        25.435850194873602     
   45416.231123123122        25.426417563178497     
   45416.295374374371        25.416714932100788     
   45416.359625625628        25.406727090906251     
   45416.423876876877        25.396438828864078     
   45416.488128128127        25.385834935240077     
   45416.552379379376        25.374900199301184     
   45416.616630630633        25.363619410313021     
   45416.680881881883        25.351977357545067     
   45416.745133133132        25.339958830263001     
   45416.809384384382        25.327548617733743     
   45416.873635635638        25.314731509222753     
   45416.937886886888        25.301492293999850     
   45417.002138138138        25.288529064423969     
   45417.066389389387        25.280526415926211     
   45417.130640640637        25.276071103474550     
   45417.194891891893        25.261509587798798     
   45417.259143143143        25.246895911749039     
   45417.323394394392        25.234763432731967     
   45417.387645645642        25.224552304956546     
   45417.451896896899        25.215700653542097     
   45417.516148148148        25.207646603610840     
   45417.580399399398        25.199828281332380     
   45417.644650650647        25.191792264113829     
   45417.708901901904        25.183491510198380     
   45417.773153153154        25.174974145288825     
   45417.837404404403        25.166288295085135     
   45417.901655655653        25.157482085288219     
   45417.965906906909        25.148603641597965     
   45418.030158158159        25.139701089469348     
   45418.094409409408        25.130815330935778     
   45418.158660660658        25.121961140699423     
   45418.222911911915        25.113147388141510     
   45418.287163163164        25.104382942646229     
   45418.351414414414        25.095676673594802     
   45418.415665665663        25.087037450369429     
   45418.479916916920        25.078474142351354     
   45418.544168168170        25.069995618924725     
   45418.608419419419        25.061610749470773     
   45418.672670670669        25.053328403371715     
   45418.736921921918        25.045157450009754     
   45418.801173173175        25.037106758766193     
   45418.865424424424        25.029185199025065     
   45418.929675675674        25.021401640167660     
   45418.993926926923        25.013764951576185     
   45419.058178178180        25.006284002632007     
   45419.122429429430        24.998967662719039     
   45419.186680680679        24.991824801218623     
   45419.250931931929        24.984864287512977     
   45419.315183183186        24.978094990983539     
   45419.379434434435        24.971525781014066     
   45419.443685685685        24.965165526985977     
   45419.507936936934        24.959023098281492     
   45419.572188188191        24.953107364282154     
   45419.636439439440        24.947427046329675     
   45419.700690690690        24.941986686098613     
   45419.764941941939        24.936786163708195     
   45419.829193193196        24.931825114497201     
   45419.893444444446        24.927103173806078     
   45419.957695695695        24.922619976973579     
   45420.021946946945        24.918375159339028     
   45420.086198198194        24.914368356241756     
   45420.150449449451        24.910599203020674     
   45420.214700700701        24.907067335015963     
   45420.278951951950        24.903772387566509     
   45420.343203203200        24.900713996011635     
   45420.407454454456        24.897891795690363     
   45420.471705705706        24.895305421942659     
   45420.535956956955        24.892954510107522     
   45420.600208208205        24.890838695524270     
   45420.664459459462        24.888957613532035     
   45420.728710710711        24.887310899470570     
   45420.792961961961        24.885898188678972     
   45420.857213213210        24.884719116496562     
   45420.921464464467        24.883773318262591     
   45420.985715715717        24.883060429316579     
   45421.049966966966        24.882580084997745     
   45421.114218218216        24.882331920645409     
   45421.178469469472        24.882315571598912     
   45421.242720720722        24.882530673197586     
   45421.306971971972        24.882976860780744     
   45421.371223223221        24.883653769687701     
   45421.435474474478        24.884561035257910     
   45421.499725725727        24.885698292830487     
   45421.563976976977        24.887065177744851     
   45421.628228228226        24.888661325340333     
   45421.692479479476        24.890486370956250     
   45421.756730730733        24.892539949932178     
   45421.820981981982        24.894821697606979     
   45421.885233233232        24.897331249320203     
   45421.949484484481        24.900068240411166     
   45422.013735735738        24.903032306219551     
   45422.077986986988        24.906223082084011     
   45422.142238238237        24.909640203344196     
   45422.206489489487        24.913283305339437     
   45422.270740740743        24.917152023409500     
   45422.334991991993        24.921245992892846     
   45422.399243243242        24.925564849129220     
   45422.463494494492        24.930108227366759     
   45422.527745745749        24.934867999147137     
   45422.591996996998        24.939807073057271     
   45422.656248248248        24.944881605131979     
   45422.720499499497        24.950047751405524     
   45422.784750750754        24.955261667912779     
   45422.849002002004        24.960479510686831     
   45422.913253253253        24.965657435762548     
   45422.977504504503        24.970751599174207     
   45423.041755755752        24.975718156956081     
   45423.106007007009        24.980513294874836     
   45423.170258258258        24.985124349919928     
   45423.234509509508        24.989628804021329     
   45423.298760760757        24.994120350483751     
   45423.363012012014        24.998692682612422     
   45423.427263263264        25.003433361640084     
   45423.491514514513        25.008370886696603     
   45423.555765765763        25.013500752965953     
   45423.620017017020        25.018818095181782     
   45423.684268268269        25.024318048075912     
   45423.748519519519        25.029995746381985     
   45423.812770770768        25.035846324833020     
   45423.877022022025        25.041864918162752     
   45423.941273273274        25.048046661102852     
   45424.005524524524        25.054386688387030     
   45424.069775775773        25.060880134748317     
   45424.134027027030        25.067522134920509     
   45424.198278278280        25.074307823635138     
   45424.262529529529        25.081232335625984     
   45424.326780780779        25.088290805626087     
   45424.391032032036        25.095478368369292     
   45424.455283283285        25.102790158587016     
   45424.519534534535        25.110221311013099     
   45424.583785785784        25.117766960380571     
   45424.648037037034        25.125422241422477     
   45424.712288288290        25.133182288872725     
   45424.776539539540        25.141042237462607     
   45424.840790790789        25.148997221926017     
   45424.905042042039        25.157042376996003     
   45424.969293293296        25.165172837406516     
   45425.033544544545        25.173383737888749     
   45425.097795795795        25.181670213176666     
   45425.162047047044        25.190027398003291     
   45425.226298298301        25.198450427102618     
   45425.290549549551        25.206934435205781     
   45425.354800800800        25.215474557046761     
   45425.419052052050        25.224065927358591     
   45425.483303303306        25.232703680875289     
   45425.547554554556        25.241382952327935     
   45425.611805805805        25.250098876450540     
   45425.676057057055        25.258846587976137     
   45425.740308308312        25.267621221638759     
   45425.804559559561        25.276417912169457     
   45425.868810810811        25.285231794302252     
   45425.933062062060        25.294058002770182     
   45425.997313313317        25.302891672307283     
   45426.061564564567        25.311727845812140     
   45426.125815815816        25.320540948669585     
   45426.190067067066        25.329258828351449     
   45426.254318318315        25.337802939546975     
   45426.318569569572        25.346094736946302     
   45426.382820820822        25.354055675236790     
   45426.447072072071        25.361607209108620     
   45426.511323323321        25.368670793251034     
   45426.575574574577        25.375192189390589     
   45426.639825825827        25.381295253328883     
   45426.704077077076        25.387183060606443     
   45426.768328328326        25.393054204561896     
   45426.832579579583        25.399005098638934     
   45426.896830830832        25.405034846596827     
   45426.961082082082        25.411138683821459     
   45427.025333333331        25.417311845698041     
   45427.089584584588        25.423549567612483     
   45427.153835835838        25.429847084948591     
   45427.218087087087        25.436199633092276     
   45427.282338338337        25.442602447428737     
   45427.346589589593        25.449050763343926     
   45427.410840840843        25.455539816221592     
   45427.475092092092        25.462064841447663     
   45427.539343343342        25.468621074407366     
   45427.603594594591        25.475203750485889     
   45427.667845845848        25.481808105069206     
   45427.732097097098        25.488429373541020     
   45427.796348348347        25.495062791287292     
   45427.860599599597        25.501703593693236     
   45427.924850850854        25.508347016144807     
   45427.989102102103        25.514988294025713     
   45428.053353353353        25.521622662721917     
   45428.117604604602        25.528245357618623     
   45428.181855855859        25.534851614101790     
   45428.246107107108        25.541436667555129     
   45428.310358358358        25.547995753364603     
   45428.374609609607        25.554524106915416     
   45428.438860860864        25.561016963593520     
   45428.503112112114        25.567469558782641     
   45428.567363363363        25.573877127868737     
   45428.631614614613        25.580234906237010     
   45428.695865865870        25.586538129273379     
   45428.760117117119        25.592782032361633     
   45428.824368368369        25.598961850887694     
   45428.888619619618        25.605072820236774     
   45428.952870870875        25.611110175794757     
   45429.017122122124        25.617069152945486     
   45429.081373373374        25.622944987074860     
   45429.145624624623        25.628732913568086     
   45429.209875875873        25.634428167810377     
   45429.274127127130        25.640025985187570     
   45429.338378378379        25.645521601083608     
   45429.402629629629        25.650910250884337     
   45429.466880880878        25.656187169974963     
   45429.531132132135        25.661347593741279     
   45429.595383383385        25.666386757567320     
   45429.659634634634        25.671299896838892     
   45429.723885885884        25.676082246941206     
   45429.788137137140        25.680729043259980     
   45429.852388388390        25.685235521179379     
   45429.916639639639        25.689596916085144     
   45429.980890890889        25.693808463362480     
   45430.045142142146        25.697865398397056     
   45430.109393393395        25.701762993416757     
   45430.173644644645        25.705497564687843     
   45430.237895895894        25.709066595066716     
   45430.302147147151        25.712467628859187     
   45430.366398398401        25.715698210369908     
   45430.430649649650        25.718755883904702     
   45430.494900900900        25.721638193769007     
   45430.559152152149        25.724342684268251     
   45430.623403403406        25.726866899708142     
   45430.687654654655        25.729208384393530     
   45430.751905905905        25.731364682630151     
   45430.816157157155        25.733333338723426     
   45430.880408408411        25.735111896978978     
   45430.944659659661        25.736697901701838     
   45431.008910910910        25.738088897197649     
   45431.073162162160        25.739282427771833     
   45431.137413413417        25.740276037729931     
   45431.201664664666        25.741067271377140     
   45431.265915915916        25.741653673019016     
   45431.330167167165        25.742032786960991     
   45431.394418418422        25.742202157508505     
   45431.458669669672        25.742159328966942     
   45431.522920920921        25.741901845641770     
   45431.587172172171        25.741427251838413     
   45431.651423423427        25.740733091862214     
   45431.715674674677        25.739816922132832     
   45431.779925925926        25.738679582775603     
   45431.844177177176        25.737329627436967     
   45431.908428428433        25.735776716215629     
   45431.972679679682        25.734030509210825     
   45432.036930930932        25.732100666521283     
   45432.101182182181        25.729996848245886     
   45432.165433433431        25.727728714483533     
   45432.229684684688        25.725305925332822     
   45432.293935935937        25.722738140893192     
   45432.358187187187        25.720035021263271     
   45432.422438438436        25.717202665118965     
   45432.486689689693        25.714232374354452     
   45432.550940940942        25.711111608609109     
   45432.615192192192        25.707827827513796     
   45432.679443443441        25.704368490699732     
   45432.743694694698        25.700721057797690     
   45432.807945945948        25.696874327728118     
   45432.872197197197        25.692826732410481     
   45432.936448448447        25.688580919678724     
   45433.000699699704        25.684139555169406     
   45433.064950950953        25.679505304520610     
   45433.129202202203        25.674680833368924     
   45433.193453453452        25.669668807351414     
   45433.257704704709        25.664471892104562     
   45433.321955955958        25.659092753266609     
   45433.386207207208        25.653534056474065     
   45433.450458458457        25.647798467363991     
   45433.514709709707        25.641888651573474     
   45433.578960960964        25.635807274738880     
   45433.643212212213        25.629557002498672     
   45433.707463463463        25.623140500489228     
   45433.771714714712        25.616560434347640     
   45433.835965965969        25.609819469710203     
   45433.900217217219        25.602920272215513     
   45433.964468468468        25.595865507499902     
   45434.028719719718        25.588657841200430     
   45434.092970970974        25.581299938953336     
   45434.157222222224        25.573794466397370     
   45434.221473473473        25.566144089168770     
   45434.285724724723        25.558351472904612     
   45434.349975975980        25.550419283241066     
   45434.414227227229        25.542350185817007     
   45434.478478478479        25.534146846268612     
   45434.542729729728        25.525811930232962     
   45434.606980980985        25.517348103346158     
   45434.671232232235        25.508758032710638     
   45434.735483483484        25.500045117516475     
   45434.799734734734        25.491214673382149     
   45434.863985985990        25.482272325662009     
   45434.928237237240        25.473223699713426     
   45434.992488488489        25.464074420890739     
   45435.056739739739        25.454830114549296     
   45435.120990990989        25.445496406044455     
   45435.185242242245        25.436078920730488     
   45435.249493493495        25.426583283964877     
   45435.313744744744        25.417015121101912     
   45435.377995995994        25.407380057496944     
   45435.442247247251        25.397683718504219     
   45435.506498498500        25.387931729481288     
   45435.570749749750        25.378129715782393     
   45435.635001000999        25.368283302762894     
   45435.699252252256        25.358398115777014     
   45435.763503503505        25.348479780182352     
   45435.827754754755        25.338533921333127     
   45435.892006006005        25.328566164584696     
   45435.956257257261        25.318582135291276     
   45436.020508508511        25.308587458810479     
   45436.084759759760        25.298587760496520     
   45436.149011011010        25.288588665704751     
   45436.213262262267        25.278595799789393     
   45436.277513513516        25.268614788108060     
   45436.341764764766        25.258651256014961     
   45436.406016016015        25.248710828865455     
   45436.470267267272        25.238799132013767     
   45436.534518518522        25.228921790817488     
   45436.598769769771        25.219084430630847     
   45436.663021021021        25.209292676809198     
   45436.727272272270        25.199552154707884     
   45436.791523523527        25.189868489681164     
   45436.855774774776        25.180247307086582     
   45436.920026026026        25.170694232278382     
   45436.984277277275        25.161214890611920     
   45437.048528528532        25.151814907441484     
   45437.112779779782        25.142500219016398     
   45437.177031031031        25.133279016268236     
   45437.241282282281        25.124160484102294     
   45437.305533533538        25.115153811766753     
   45437.369784784787        25.106268188512864     
   45437.434036036037        25.097512803588806     
   45437.498287287286        25.088896814043334     
   45437.562538538543        25.080407911819993     
   45437.626789789792        25.071975165522527     
   45437.691041041042        25.063517727439198     
   45437.755292292291        25.054954749859242     
   45437.819543543548        25.046205385070891     
   45437.883794794798        25.037190128919860     
   45437.948046046047        25.027926941152550     
   45438.012297297297        25.018595429911695     
   45438.076548548546        25.009390423064957     
   45438.140799799803        25.000506748479033     
   45438.205051051053        24.992139234023611     
   45438.269302302302        24.984482707565341     
   45438.333553553552        24.977731996971890     
   45438.397804804808        24.972081930110352     
   45438.462056056058        24.967700776394281     
   45438.526307307307        24.964291210461148     
   45438.590558558557        24.961159055512994     
   45438.654809809814        24.957635355266344     
   45438.719061061063        24.953518491778073     
   45438.783312312313        24.948921443544307     
   45438.847563563562        24.943963052987293     
   45438.911814814819        24.938762162528661     
   45438.976066066069        24.933437614591845     
   45439.040317317318        24.928108251598509     
   45439.104568568568        24.922892915970895     
   45439.168819819824        24.917910450130684     
   45439.233071071074        24.913279696501270     
   45439.297322322323        24.909119439946863     
   45439.361573573573        24.905539191908026     
   45439.425824824830        24.902629054642603     
   45439.490076076079        24.900476691936973     
   45439.554327327329        24.899127953690289     
   45439.618578578578        24.898205177045860     
   45439.682829829828        24.897084512681559     
   45439.747081081085        24.895139068472368     
   45439.811332332334        24.891741952293955     
   45439.875583583584        24.886420025922462     
   45439.939834834833        24.880735415838956     
   45440.004086086090        24.877314718241848     
   45440.068337337339        24.876375828785665     
   45440.132588588589        24.877165284828294     
   45440.196839839839        24.878927122421331     
   45440.261091091095        24.880918772640484     
   45440.325342342345        24.882756895934804     
   45440.389593593594        24.884448325717173     
   45440.453844844844        24.886019492390709     
   45440.518096096101        24.887496826358706     
   45440.582347347350        24.888906758023946     
   45440.646598598600        24.890275717789727     
   45440.710849849849        24.891630136059177     
   45440.775101101106        24.892996443235571     
   45440.839352352355        24.894401069721727     
   45440.903603603605        24.895870445920920     
   45440.967854854855        24.897431002236274     
   45441.032106106104        24.899109169070911     
   45441.096357357361        24.900931376828169     
   45441.160608608610        24.902924055910766     
   45441.224859859860        24.905113636722017     
   45441.289111111109        24.907526549665047     
   45441.353362362366        24.910189223463789     
   45441.417613613616        24.913121558532456     
   45441.481864864865        24.916322134143975     
   45441.546116116115        24.919785183915774     
   45441.610367367372        24.923504941465740     
   45441.674618618621        24.927475640410467     
   45441.738869869871        24.931691514367799     
   45441.803121121120        24.936146796955175     
   45441.867372372377        24.940835721790577     
   45441.931623623626        24.945752522490391     
   45441.995874874876        24.950891432672567     
   45442.060126126125        24.956246685954543     
   45442.124377377382        24.961812515954406     
   45442.188628628632        24.967583156288331     
   45442.252879879881        24.973552840574378     
   45442.317131131131        24.979715802429986     
   45442.381382382388        24.986066275473327     
   45442.445633633637        24.992598493320397     
   45442.509884884887        24.999306689589346     
   45442.574136136136        25.006185097897617     
   45442.638387387386        25.013227951862643     
   45442.702638638642        25.020429485102696     
   45442.766889889892        25.027783931233575     
   45442.831141141141        25.035283563052872     
   45442.895392392391        25.042900591665180     
   45442.959643643648        25.050595474735232     
   45443.023894894897        25.058328521157041     
   45443.088146146147        25.066060039827224     
   45443.152397397396        25.073751212269677     
   45443.216648648653        25.081384400384454     
   45443.280899899903        25.088963782061427     
   45443.345151151152        25.096494534979467     
   45443.409402402402        25.103981836816576     
   45443.473653653658        25.111430865251609     
   45443.537904904908        25.118846797960870     
   45443.602156156157        25.126234812623224     
   45443.666407407407        25.133600086916665     
   45443.730658658664        25.140947798520031     
   45443.794909909913        25.148283125109664     
   45443.859161161163        25.155611244364398     
   45443.923412412412        25.162937333962240     
   45443.987663663662        25.170266571581195     
   45444.051914914919        25.177604134900101     
   45444.116166166168        25.184955201595297     
   45444.180417417418        25.192324949345618     
   45444.244668668667        25.199718555829069     
   45444.308919919924        25.207141198724500     
   45444.373171171173        25.214598055708230     
   45444.437422422423        25.222094304459109     
   45444.501673673672        25.229635122655132     
   45444.565924924929        25.237225687975169     
   45444.630176176179        25.244871178095512     
   45444.694427427428        25.252576701768142     
   45444.758678678678        25.260343236921379     
   45444.822929929935        25.268165361461577     
   45444.887181181184        25.276037103074398     
   45444.951432432434        25.283952489448161     
   45445.015683683683        25.291905548270311     
   45445.079934934940        25.299890307229184     
   45445.144186186189        25.307900794010415     
   45445.208437437439        25.315931036302345     
   45445.272688688689        25.323975061792407     
   45445.336939939945        25.332026898168959     
   45445.401191191195        25.340080573117607     
   45445.465442442444        25.348130114326707     
   45445.529693693694        25.356169549483692     
   45445.593944944943        25.364192906276006     
   45445.658196196200        25.372194212391985     
   45445.722447447450        25.380167495517263     
   45445.786698698699        25.388106783340177     
   45445.850949949949        25.396006103548167     
   45445.915201201205        25.403859483829564     
   45445.979452452455        25.411660951870022     
   45446.043703703705        25.419404535357874     
   45446.107954954954        25.427084261980553     
   45446.172206206211        25.434694159426364     
   45446.236457457460        25.442228255381007     
   45446.300708708710        25.449680577532799     
   45446.364959959959        25.457045153569176     
   45446.429211211216        25.464316011178386     
   45446.493462462466        25.471487178046228     
   45446.557713713715        25.478552681860965     
   45446.621964964965        25.485507373155858     
   45446.686216216222        25.492352318094980     
   45446.750467467471        25.499091422131627     
   45446.814718718721        25.505728605299982     
   45446.878969969970        25.512267787633444     
   45446.943221221220        25.518712889165400     
   45447.007472472476        25.525067829929966     
   45447.071723723726        25.531336529959098     
   45447.135974974975        25.537522909286920     
   45447.200226226225        25.543630887946826     
   45447.264477477482        25.549664385972878     
   45447.328728728731        25.555627323397125     
   45447.392979979981        25.561523620253642     
   45447.457231231230        25.567357196575824     
   45447.521482482487        25.573131972397718     
   45447.585733733737        25.578851867751411     
   45447.649984984986        25.584520802670959     
   45447.714236236236        25.590142697189755     
   45447.778487487492        25.595721471341829     
   45447.842738738742        25.601261045159308     
   45447.906989989991        25.606765338676222     
   45447.971241241241        25.612238271925975     
   45448.035492492498        25.617683764942566     
   45448.099743743747        25.623105737758166     
   45448.163994994997        25.628508110406788     
   45448.228246246246        25.633894802921823     
   45448.292497497503        25.639269735337283     
   45448.356748748753        25.644636827685336     
   45448.421000000002        25.649999999999999     
