   1221.3610000000001        25.969999999999999     
   1221.3973463463465        25.960723868727385     
   1221.4336926926928        25.951475413779665     
   1221.4700390390392        25.942282311481755     
   1221.5063853853856        25.933172238158544     
   1221.5427317317319        25.924172870134949     
   1221.5790780780783        25.915311883735857     
   1221.6154244244244        25.906616955286232     
   1221.6517707707708        25.898115761110859     
   1221.6881171171171        25.889835977534698     
   1221.7244634634635        25.881805280882652     
   1221.7608098098099        25.874051347479629     
   1221.7971561561562        25.866601853650518     
   1221.8335025025026        25.859484475720230     
   1221.8698488488490        25.852726890013660     
   1221.9061951951953        25.846356772855714     
   1221.9425415415417        25.840401800571296     
   1221.9788878878880        25.834889649485298     
   1222.0152342342344        25.829847995922634     
   1222.0515805805808        25.825304516208195     
   1222.0879269269271        25.821286886666890     
   1222.1242732732733        25.817822783623637     
   1222.1606196196196        25.814939883403298     
   1222.1969659659660        25.812665862330789     
   1222.2333123123124        25.811028396731022     
   1222.2696586586587        25.810055162928897     
   1222.3060050050051        25.809732693622493     
   1222.3423513513515        25.809830390930728     
   1222.3786976976978        25.810046974781415     
   1222.4150440440442        25.810173396173077     
   1222.4513903903905        25.810185171189815     
   1222.4877367367369        25.810079788351977     
   1222.5240830830833        25.809857142364731     
   1222.5604294294296        25.809556136089302     
   1222.5967757757758        25.809247315822599     
   1222.6331221221221        25.809002140857395     
   1222.6694684684685        25.808892070486444     
   1222.7058148148149        25.808988564002512     
   1222.7421611611612        25.809363080698372     
   1222.7785075075076        25.810087067715763     
   1222.8148538538539        25.811214195870324     
   1222.8512002002003        25.812744772213641     
   1222.8875465465467        25.814669131843861     
   1222.9238928928930        25.816977609859098     
   1222.9602392392394        25.819660541357496     
   1222.9965855855858        25.822708261437185     
   1223.0329319319321        25.826111105196308     
   1223.0692782782785        25.829859407732982     
   1223.1056246246246        25.833943504145317     
   1223.1419709709710        25.838353729531505     
   1223.1783173173174        25.843080418989651     
   1223.2146636636637        25.848113907617890     
   1223.2510100100101        25.853444530514349     
   1223.2873563563564        25.859062622777166     
   1223.3237027027028        25.864958519504473     
   1223.3600490490492        25.871122555794400     
   1223.3963953953955        25.877545066745089     
   1223.4327417417419        25.884216387454661     
   1223.4690880880883        25.891126853021255     
   1223.5054344344346        25.898266798543006     
   1223.5417807807810        25.905626559118044     
   1223.5781271271271        25.913196469844458     
   1223.6144734734735        25.920966853866158     
   1223.6508198198198        25.928918999686523     
   1223.6871661661662        25.937009095955027     
   1223.7235125125126        25.945189007638938     
   1223.7598588588589        25.953410599705542     
   1223.7962052052053        25.961625801666951     
   1223.8325515515517        25.969800538743378     
   1223.8688978978980        25.977932117158634     
   1223.9052442442444        25.986022113276348     
   1223.9415905905907        25.994072103460137     
   1223.9779369369371        26.002083664073620     
   1224.0142832832835        26.010058371480408     
   1224.0506296296298        26.017997802044128     
   1224.0869759759760        26.025903532128339     
   1224.1233223223223        26.033777138096767     
   1224.1596686686687        26.041620196312977     
   1224.1960150150151        26.049434283140585     
   1224.2323613613614        26.057220974943213     
   1224.2687077077078        26.064981848084475     
   1224.3050540540542        26.072718478927989     
   1224.3414004004005        26.080432443837378     
   1224.3777467467469        26.088125319176257     
   1224.4140930930932        26.095798681308239     
   1224.4504394394396        26.103454106596949     
   1224.4867857857860        26.111093171406004     
   1224.5231321321323        26.118717452099020     
   1224.5594784784785        26.126328525039568     
   1224.5958248248248        26.133927966591358     
   1224.6321711711712        26.141517353117969     
   1224.6685175175176        26.149098260983010     
   1224.7048638638639        26.156672266550107     
   1224.7412102102103        26.164240946182868     
   1224.7775565565566        26.171805876244921     
   1224.8139029029030        26.179368633099877     
   1224.8502492492494        26.186930793111358     
   1224.8865955955957        26.194494017739242     
   1224.9229419419421        26.202061271650550     
   1224.9592882882885        26.209636538247214     
   1224.9956346346348        26.217223828049143     
   1225.0319809809812        26.224827151576267     
   1225.0683273273273        26.232450519348436     
   1225.1046736736737        26.240097941885665     
   1225.1410200200201        26.247773429707827     
   1225.1773663663664        26.255480993334821     
   1225.2137127127128        26.263224643286577     
   1225.2500590590591        26.271008390083001     
   1225.2864054054055        26.278836244244005     
   1225.3227517517519        26.286712216289509     
   1225.3590980980982        26.294640316739422     
   1225.3954444444446        26.302624556113656     
   1225.4317907907910        26.310668944932132     
   1225.4681371371373        26.318777493714762     
   1225.5044834834837        26.326954212981459     
   1225.5408298298298        26.335203113252085     
   1225.5771761761762        26.343528205046653     
   1225.6135225225225        26.351933498885032     
   1225.6498688688689        26.360423005287139     
   1225.6862152152153        26.369000734772875     
   1225.7225615615616        26.377670697862165     
   1225.7589079079080        26.386436905074916     
   1225.7952542542544        26.395303366931046     
   1225.8316006006007        26.404274093950473     
   1225.8679469469471        26.413353096653100     
   1225.9042932932934        26.422544385558851     
   1225.9406396396398        26.431851971187641     
   1225.9769859859862        26.441279864059371     
   1226.0133323323325        26.450832074693970     
   1226.0496786786787        26.460512613611279     
   1226.0860250250250        26.470325491331337     
   1226.1223713713714        26.480274718374005     
   1226.1587177177178        26.490364305259188     
   1226.1950640640641        26.500598262506802     
   1226.2314104104105        26.510980593722998     
   1226.2677567567569        26.521504377310912     
   1226.3041031031032        26.532129636775203     
   1226.3404494494496        26.542810168250959     
   1226.3767957957959        26.553499767873255     
   1226.4131421421423        26.564152231777165     
   1226.4494884884887        26.574721356097761     
   1226.4858348348350        26.585160936970126     
   1226.5221811811812        26.595424770529270     
   1226.5585275275275        26.605466652910394     
   1226.5948738738739        26.615240380248515     
   1226.6312202202203        26.624702745576247     
   1226.6675665665666        26.633879053415413     
   1226.7039129129130        26.642862888822989     
   1226.7402592592593        26.651750787562527     
   1226.7766056056057        26.660639279138866     
   1226.8129519519521        26.669604008536847     
   1226.8492982982984        26.678653174238399     
   1226.8856446446448        26.687781384678839     
   1226.9219909909912        26.696983248293485     
   1226.9583373373375        26.706253373517665     
   1226.9946836836839        26.715586368786688     
   1227.0310300300300        26.724976842535824     
   1227.0673763763764        26.734419403200508     
   1227.1037227227228        26.743908659216000     
   1227.1400690690691        26.753439219017622     
   1227.1764154154155        26.763005691040682     
   1227.2127617617618        26.772602683720514     
   1227.2491081081082        26.782224805492433     
   1227.2854544544546        26.791866664791755     
   1227.3218008008009        26.801522870053809     
   1227.3581471471473        26.811188029713904     
   1227.3944934934937        26.820856752207369     
   1227.4308398398400        26.830523645969514     
   1227.4671861861864        26.840183319435663     
   1227.5035325325325        26.849830381041080     
   1227.5398788788789        26.859459439221197     
   1227.5762252252252        26.869065102411280     
   1227.6125715715716        26.878641979046648     
   1227.6489179179180        26.888184677562613     
   1227.6852642642643        26.897687806394508     
   1227.7216106106107        26.907145973977642     
   1227.7579569569571        26.916553788747343     
   1227.7943033033034        26.925905859138918     
   1227.8306496496498        26.935196793587700     
   1227.8669959959961        26.944421200529000     
   1227.9033423423425        26.953573688398144     
   1227.9396886886889        26.962648865630442     
   1227.9760350350352        26.971641340661229     
   1228.0123813813814        26.980545721925754     
   1228.0487277277277        26.989356617859460     
   1228.0850740740741        26.998068636897600     
   1228.1214204204205        27.006676387475501     
   1228.1577667667668        27.015174478028481     
   1228.1941131131132        27.023557516991861     
   1228.2304594594596        27.031820112800954     
   1228.2668058058059        27.039956873891089     
   1228.3031521521523        27.047962701789260     
   1228.3394984984986        27.055833689332353     
   1228.3758448448450        27.063562712225107     
   1228.4121911911914        27.071045912080372     
   1228.4485375375377        27.078078346136326     
   1228.4848838838839        27.084463627792545     
   1228.5212302302302        27.090007642111345     
   1228.5575765765766        27.094516274154913     
   1228.5939229229230        27.097795408985490     
   1228.6302692692693        27.099650931665309     
   1228.6666156156157        27.100024983572954     
   1228.7029619619620        27.101145211433394     
   1228.7393083083084        27.103654850855634     
   1228.7756546546548        27.107202064362902     
   1228.8120010010011        27.111435014478452     
   1228.8483473473475        27.116001863725529     
   1228.8846936936939        27.120550774627372     
   1228.9210400400402        27.124729909707227     
   1228.9573863863866        27.128187431488339     
   1228.9937327327327        27.130574211139699     
   1229.0300790790791        27.131758900469872     
   1229.0664254254255        27.131984028520939     
   1229.1027717717718        27.131528940100047     
   1229.1391181181182        27.130672980014321     
   1229.1754644644645        27.129693276485749     
   1229.2118108108109        27.128715055403067     
   1229.2481571571573        27.127616526457626     
   1229.2845035035036        27.126253238669271     
   1229.3208498498500        27.124480741057855     
   1229.3571961961964        27.122154582643219     
   1229.3935425425427        27.119131072350715     
   1229.4298888888891        27.115347985941007     
   1229.4662352352352        27.110895974005462     
   1229.5025815815816        27.105882527696551     
   1229.5389279279279        27.100415138166824     
   1229.5752742742743        27.094601296568811     
   1229.6116206206207        27.088548166741617     
   1229.6479669669670        27.082317767148439     
   1229.6843133133134        27.075881287000264     
   1229.7206596596598        27.069199026282760     
   1229.7570060060061        27.062231284981607     
   1229.7933523523525        27.054938363082474     
   1229.8296986986988        27.047280897173451     
   1229.8660450450452        27.039237569539477     
   1229.9023913913916        27.030813862239455     
   1229.9387377377379        27.022017431051346     
   1229.9750840840841        27.012855931753172     
   1230.0114304304304        27.003337020122785     
   1230.0477767767768        26.993468351938208     
   1230.0841231231232        26.983257582977398     
   1230.1204694694695        26.972712369018318     
   1230.1568158158159        26.961840365838928     
   1230.1931621621623        26.950649229217198     
   1230.2295085085086        26.939146614931090     
   1230.2658548548550        26.927340178758563     
   1230.3022012012013        26.915237576477583     
   1230.3385475475477        26.902846463866112     
   1230.3748938938941        26.890174496702112     
   1230.4112402402404        26.877229330763544     
   1230.4475865865866        26.864018621828464     
   1230.4839329329329        26.850550025674657     
   1230.5202792792793        26.836831198080173     
   1230.5566256256257        26.822869794822978     
   1230.5929719719720        26.808673471681033     
   1230.6293183183184        26.794249884432297     
   1230.6656646646647        26.779606688854741     
   1230.7020110110111        26.764751540726319     
   1230.7383573573575        26.749692095824997     
   1230.7747037037038        26.734436009928743     
   1230.8110500500502        26.718990938815516     
   1230.8473963963966        26.703364538263280     
   1230.8837427427429        26.687564464049995     
   1230.9200890890893        26.671598371953625     
   1230.9564354354354        26.655473917752236     
   1230.9927817817818        26.639198757375866     
   1231.0291281281281        26.622782038245830     
   1231.0654744744745        26.606238059760425     
   1231.1018208208209        26.589582232933893     
   1231.1381671671672        26.572829968780464     
   1231.1745135135136        26.555996678314390     
   1231.2108598598600        26.539097772549901     
   1231.2472062062063        26.522148662501245     
   1231.2835525525527        26.505164759182673     
   1231.3198988988991        26.488161473608411     
   1231.3562452452454        26.471154216792705     
   1231.3925915915918        26.454158399749801     
   1231.4289379379379        26.437189433494041     
   1231.4652842842843        26.420262729039457     
   1231.5016306306306        26.403393697400389     
   1231.5379769769770        26.386597749591090     
   1231.5743233233234        26.369890296625790     
   1231.6106696696697        26.353286749518741     
   1231.6470160160161        26.336802519284177     
   1231.6833623623625        26.320453016936341     
   1231.7197087087088        26.304253653489475     
   1231.7560550550552        26.288219836793466     
   1231.7924014014015        26.272363857790467     
   1231.8287477477479        26.256689053519612     
   1231.8650940940943        26.241197163115075     
   1231.9014404404406        26.225889925711034     
   1231.9377867867868        26.210769080441750     
   1231.9741331331331        26.195836366441220     
   1232.0104794794795        26.181093522843703     
   1232.0468258258259        26.166542288783376     
   1232.0831721721722        26.152184403394422     
   1232.1195185185186        26.138021605811005     
   1232.1558648648650        26.124055635167306     
   1232.1922112112113        26.110288230597501     
   1232.2285575575577        26.096721131235761     
   1232.2649039039040        26.083356076216258     
   1232.3012502502504        26.070194804673172     
   1232.3375965965968        26.057239055740677     
   1232.3739429429431        26.044490568552945     
   1232.4102892892893        26.031951082244234     
   1232.4466356356356        26.019629087527502     
   1232.4829819819820        26.007576635311214     
   1232.5193283283284        25.995863069501794     
   1232.5556746746747        25.984555984997669     
   1232.5920210210211        25.973678961644922     
   1232.6283673673674        25.963209960828728     
   1232.6647137137138        25.953124830384276     
   1232.7010600600602        25.943399418146754     
   1232.7374064064065        25.934009571951357     
   1232.7737527527529        25.924931139633266     
   1232.8100990990993        25.916140415658290     
   1232.8464454454456        25.907627348674037     
   1232.8827917917920        25.899397735415711     
   1232.9191381381381        25.891458261086456     
   1232.9554844844845        25.883815610889258     
   1232.9918308308308        25.876476470027256     
   1233.0281771771772        25.869447523703549     
   1233.0645235235236        25.862735457121214     
   1233.1008698698699        25.856346955483346     
   1233.1372162162163        25.850288703993030     
   1233.1735625625627        25.844566076810526     
   1233.2099089089090        25.839178370832219     
   1233.2462552552554        25.834123123305510     
   1233.2826016016018        25.829397871297552     
   1233.3189479479481        25.825000151875518     
   1233.3552942942945        25.820927502106560     
   1233.3916406406406        25.817179042838884     
   1233.4279869869870        25.813767208133697     
   1233.4643333333333        25.810711092070935     
   1233.5006796796797        25.808029838214281     
   1233.5370260260261        25.805742590127426     
   1233.5733723723724        25.803868491374047     
   1233.6097187187188        25.802426685517833     
   1233.6460650650652        25.801436316122469     
   1233.6824114114115        25.800916526751635     
   1233.7187577577579        25.800886460969018     
   1233.7551041041042        25.801365262338297     
   1233.7914504504506        25.802372074423168     
   1233.8277967967970        25.803926040787303     
   1233.8641431431433        25.806046304994396     
   1233.9004894894895        25.808752010608107     
   1233.9368358358358        25.812057227505353     
   1233.9731821821822        25.815900339544381     
   1234.0095285285286        25.820161585443490     
   1234.0458748748749        25.824719715032128     
   1234.0822212212213        25.829453478139769     
   1234.1185675675677        25.834241624595869     
   1234.1549139139140        25.838962904229895     
   1234.1912602602604        25.843496066871303     
   1234.2276066066067        25.847719862349564     
   1234.2639529529531        25.851513040494137     
   1234.3002992992995        25.854754351134481     
   1234.3366456456458        25.857322544100064     
   1234.3729919919920        25.859096369220342     
   1234.4093383383383        25.859954576324792     
   1234.4456846846847        25.859841807817659     
   1234.4820310310311        25.860311221655042     
   1234.5183773773774        25.863416498771535     
   1234.5547237237238        25.868820813444085     
   1234.5910700700701        25.875875299875048     
   1234.6274164164165        25.883931092266778     
   1234.6637627627629        25.892339324821634     
   1234.7001091091092        25.900451163073299     
   1234.7364554554556        25.907807560650831     
   1234.7728018018020        25.914587718330992     
   1234.8091481481483        25.921104859452235     
   1234.8454944944947        25.927672207353009     
   1234.8818408408408        25.934586439680643     
   1234.9181871871872        25.941944201953937     
   1234.9545335335335        25.949709339553237     
   1234.9908798798799        25.957843309915923     
   1235.0272262262263        25.966307570479362     
   1235.0635725725726        25.975063578680917     
   1235.0999189189190        25.984072791957963     
   1235.1362652652654        25.993296667747877     
   1235.1726116116117        26.002696663488024     
   1235.2089579579581        26.012234236615768     
   1235.2453043043045        26.021870844568483     
   1235.2816506506508        26.031567944783539     
   1235.3179969969972        26.041286994698311     
   1235.3543433433433        26.050989451750105     
   1235.3906896896897        26.060636773376409     
   1235.4270360360360        26.070190417014537     
   1235.4633823823824        26.079611840101858     
   1235.4997287287288        26.088862500075741     
   1235.5360750750751        26.097903854373556     
   1235.5724214214215        26.106697360432669     
   1235.6087677677679        26.115204475690462     
   1235.6451141141142        26.123386657584291     
   1235.6814604604606        26.131205363551537     
   1235.7178068068069        26.138622051029564     
   1235.7541531531533        26.145598177455742     
   1235.7904994994997        26.152095200267446     
   1235.8268458458460        26.158074576902042     
   1235.8631921921922        26.163497764796865     
   1235.8995385385385        26.168326221389357     
   1235.9358848848849        26.172521404116857     
   1235.9722312312313        26.176044770416727     
   1236.0085775775776        26.178857777726339     
   1236.0449239239240        26.180984030811079     
   1236.0812702702704        26.183923624720975     
   1236.1176166166167        26.190679281203334     
   1236.1539629629631        26.202622233397371     
   1236.1903093093094        26.215723934420719     
   1236.2266556556558        26.227287273541755     
   1236.2630020020022        26.237398949525371     
   1236.2993483483485        26.246297932192611     
   1236.3356946946947        26.254223191364531     
   1236.3720410410410        26.261413696862277     
   1236.4083873873874        26.268108418506884     
   1236.4447337337338        26.274546326119420     
   1236.4810800800801        26.280966389520955     
   1236.5174264264265        26.287607578532572     
   1236.5537727727728        26.294694600636234     
   1236.5901191191192        26.302278543759076     
   1236.6264654654656        26.310294654639506     
   1236.6628118118119        26.318676069797466     
   1236.6991581581583        26.327355925752883     
   1236.7355045045047        26.336267359025697     
   1236.7718508508510        26.345343506135837     
   1236.8081971971974        26.354517503603240     
   1236.8445435435435        26.363722487947783     
   1236.8808898898899        26.372891595689513     
   1236.9172362362362        26.381957963348309     
   1236.9535825825826        26.390854727444104     
   1236.9899289289290        26.399515024496832     
   1237.0262752752753        26.407894337562531     
   1237.0626216216217        26.416054233689266     
   1237.0989679679681        26.424087726952589     
   1237.1353143143144        26.432087836358107     
   1237.1716606606608        26.440147580815204     
   1237.2080070070072        26.448343067334093     
   1237.2443533533535        26.456686344048038     
   1237.2806996996999        26.465174294435961     
   1237.3170460460460        26.473803801976725     
   1237.3533923923924        26.482571750149368     
   1237.3897387387387        26.491475022432752     
   1237.4260850850851        26.500510502305808     
   1237.4624314314315        26.509675073247450     
   1237.4987777777778        26.518965618736608     
   1237.5351241241242        26.528379022252196     
   1237.5714704704706        26.537912167273145     
   1237.6078168168169        26.547561937278374     
   1237.6441631631633        26.557325215746808     
   1237.6805095095096        26.567198886157364     
   1237.7168558558560        26.577179831988971     
   1237.7532022022024        26.587264936720551     
   1237.7895485485487        26.597451083831025     
   1237.8258948948949        26.607735156799251     
   1237.8622412412412        26.618114039104277     
   1237.8985875875876        26.628584614224966     
   1237.9349339339340        26.639143765640242     
   1237.9712802802803        26.649788376829022     
   1238.0076266266267        26.660513613759004     
   1238.0439729729731        26.671307351772651     
   1238.0803193193194        26.682155532053095     
   1238.1166656656658        26.693044095769327     
   1238.1530120120121        26.703958984090313     
   1238.1893583583585        26.714886138185026     
   1238.2257047047049        26.725811499222456     
   1238.2620510510512        26.736721008371568     
   1238.2983973973974        26.747600606801271     
   1238.3347437437437        26.758436235680684     
   1238.3710900900901        26.769213836178714     
   1238.4074364364365        26.779919349464333     
   1238.4437827827828        26.790538716706521     
   1238.4801291291292        26.801057879074250     
   1238.5164754754755        26.811462777736498     
   1238.5528218218219        26.821739353862245     
   1238.5891681681683        26.831873548620464     
   1238.6255145145146        26.841851303180135     
   1238.6618608608610        26.851658558710227     
   1238.6982072072074        26.861281256379723     
   1238.7345535535537        26.870705337357595     
   1238.7708998999001        26.879916742812824     
   1238.8072462462462        26.888901413914326     
   1238.8435925925926        26.897645291831196     
   1238.8799389389389        26.906134317732349     
   1238.9162852852853        26.914354432786759     
   1238.9526316316317        26.922293750939847     
   1238.9889779779780        26.930119150554834     
   1239.0253243243244        26.938306722149335     
   1239.0616706706708        26.947363300243950     
   1239.0980170170171        26.957795719359268     
   1239.1343633633635        26.969876851157995     
   1239.1707097097099        26.982195929338207     
   1239.2070560560562        26.993233553675338     
   1239.2434024024026        27.002936232264936     
   1239.2797487487487        27.011459266381141     
   1239.3160950950951        27.018957957298245     
   1239.3524414414414        27.025587606290365     
   1239.3887877877878        27.031503514631694     
   1239.4251341341342        27.036860983596419     
   1239.4614804804805        27.041815314458713     
   1239.4978268268269        27.046521808492766     
   1239.5341731731733        27.051135766972763     
   1239.5705195195196        27.055812491172887     
   1239.6068658658660        27.060707282367321     
   1239.6432122122123        27.065975441830254     
   1239.6795585585587        27.071772270835861     
   1239.7159049049051        27.078253070658331     
   1239.7522512512514        27.085487300339111     
   1239.7885975975976        27.092796689767390     
   1239.8249439439439        27.099117720265117     
   1239.8612902902903        27.103568406653388     
   1239.8976366366367        27.106494636740173     
   1239.9339829829830        27.108743134196807     
   1239.9703293293294        27.111146237710344     
   1240.0066756756758        27.114067298724940     
   1240.0430220220221        27.117334269513069     
   1240.0793683683685        27.120745885570685     
   1240.1157147147148        27.124100882393748     
   1240.1520610610612        27.127197995478198     
   1240.1884074074076        27.129835960320001     
   1240.2247537537539        27.131813512415100     
   1240.2611001001001        27.132929387259445     
   1240.2974464464464        27.132982320349001     
   1240.3337927927928        27.131771047179715     
   1240.3701391391392        27.129100024268325     
   1240.4064854854855        27.125302167714779     
   1240.4428318318319        27.121658680483890     
   1240.4791781781782        27.119533007294535     
   1240.5155245245246        27.119307662110067     
   1240.5518708708710        27.119851707318212     
   1240.5882172172173        27.119954388310919     
   1240.6245635635637        27.119114397065847     
   1240.6609099099101        27.117360594137352     
   1240.6972562562564        27.114734586761220     
   1240.7336026026028        27.111277982173217     
   1240.7699489489489        27.107032387609152     
   1240.8062952952953        27.102039410304755     
   1240.8426416416416        27.096340657495823     
   1240.8789879879880        27.089977736418135     
   1240.9153343343344        27.082992254307463     
   1240.9516806806807        27.075425818399594     
   1240.9880270270271        27.067320035930294     
   1241.0243733733735        27.058716514135355     
   1241.0607197197198        27.049656860250540     
   1241.0970660660662        27.040182681511634     
   1241.1334124124126        27.030335585154411     
   1241.1697587587589        27.020157178414653     
   1241.2061051051053        27.009689068528136     
   1241.2424514514514        26.998972857115909     
   1241.2787977977978        26.988041560197903     
   1241.3151441441441        26.976902303399324     
   1241.3514904904905        26.965557351479017     
   1241.3878368368369        26.954008969195826     
   1241.4241831831832        26.942259421308588     
   1241.4605295295296        26.930310972576144     
   1241.4968758758760        26.918165887757354     
   1241.5332222222223        26.905826431611047     
   1241.5695685685687        26.893294868896074     
   1241.6059149149150        26.880573464371267     
   1241.6422612612614        26.867664482795483     
   1241.6786076076078        26.854570188927561     
   1241.7149539539541        26.841292847526340     
   1241.7513003003003        26.827834723350747     
   1241.7876466466466        26.814198081159464     
   1241.8239929929930        26.800385185711413     
   1241.8603393393394        26.786376717880710     
   1241.8966856856857        26.772107622535003     
   1241.9330320320321        26.757582124667444     
   1241.9693783783785        26.742815145029802     
   1242.0057247247248        26.727821604373851     
   1242.0420710710712        26.712616423451358     
   1242.0784174174175        26.697214523014111     
   1242.1147637637639        26.681630823813858     
   1242.1511101101103        26.665880246602384     
   1242.1874564564566        26.649977712131452     
   1242.2238028028028        26.633938141152949     
   1242.2601491491491        26.617776454418433     
   1242.2964954954955        26.601507572679779     
   1242.3328418418419        26.585146416688755     
   1242.3691881881882        26.568707907197133     
   1242.4055345345346        26.552206964956689     
   1242.4418808808809        26.535658510719195     
   1242.4782272272273        26.519077465236414     
   1242.5145735735737        26.502478749260124     
   1242.5509199199200        26.485876076546031     
   1242.5872662662664        26.469275561363709     
   1242.6236126126128        26.452680367821110     
   1242.6599589589591        26.436093653501906     
   1242.6963053053055        26.419518575989784     
   1242.7326516516516        26.402958292868515     
   1242.7689979979980        26.386415961721575     
   1242.8053443443443        26.369894740132743     
   1242.8416906906907        26.353397785685697     
   1242.8780370370371        26.336928255964114     
   1242.9143833833834        26.320489308551672     
   1242.9507297297298        26.304084101032046     
   1242.9870760760762        26.287715790988912     
   1243.0234224224225        26.271387536005960     
   1243.0597687687689        26.255102493666847     
   1243.0961151151153        26.238863821555263     
   1243.1324614614616        26.222674677254886     
   1243.1688078078080        26.206538332549712     
   1243.2051541541541        26.190478255972703     
   1243.2415005005005        26.174561149995181     
   1243.2778468468468        26.158859325359963     
   1243.3141931931932        26.143445406633752     
   1243.3505395395396        26.128392198037673     
   1243.3868858858859        26.113772505910958     
   1243.4232322322323        26.099659136592827     
   1243.4595785785787        26.086124325615430     
   1243.4959249249250        26.073192770083377     
   1243.5322712712714        26.060806613655963     
   1243.5686176176177        26.048899750299405     
   1243.6049639639641        26.037406073979923     
   1243.6413103103105        26.026259900656445     
   1243.6776566566568        26.015419915337095     
   1243.7140030030030        26.004882038418014     
   1243.7503493493493        25.994645331429368     
   1243.7866956956957        25.984708855901541     
   1243.8230420420421        25.975071673364830     
   1243.8593883883884        25.965732845349535     
   1243.8957347347348        25.956691433385970     
   1243.9320810810812        25.947946499004431     
   1243.9684274274275        25.939497103735224     
   1244.0047737737739        25.931342309108658     
   1244.0411201201202        25.923481176655031     
   1244.0774664664666        25.915912767904654     
   1244.1138128128130        25.908636144387827     
   1244.1501591591593        25.901650367634854     
   1244.1865055055055        25.894954499176080     
   1244.2228518518518        25.888547600541731     
   1244.2591981981982        25.882428733262149     
   1244.2955445445446        25.876596958867637     
   1244.3318908908909        25.871051338888503     
   1244.3682372372373        25.865790934855049     
   1244.4045835835836        25.860814808297580     
   1244.4409299299300        25.856122020746401     
   1244.4772762762764        25.851711633731814     
   1244.5136226226227        25.847582708784124     
   1244.5499689689691        25.843734307433639     
   1244.5863153153155        25.840165491210662     
   1244.6226616616618        25.836875321645493     
   1244.6590080080082        25.833862860268439     
   1244.6953543543543        25.831127168609822     
   1244.7317007007007        25.828667308199911     
   1244.7680470470470        25.826482340569026     
   1244.8043933933934        25.824571327247476     
   1244.8407397397398        25.822933329765561     
   1244.8770860860861        25.821567409653589     
   1244.9134324324325        25.820472628441859     
   1244.9497787787789        25.819648047660678     
   1244.9861251251252        25.819092728840356     
   1245.0224714714716        25.818805733511187     
   1245.0588178178180        25.818786123203484     
   1245.0951641641643        25.819032959447547     
   1245.1315105105107        25.819545303773680     
   1245.1678568568568        25.820322217712182     
   1245.2042032032032        25.821362762793367     
   1245.2405495495495        25.822666000547539     
   1245.2768958958959        25.824230992504994     
   1245.3132422422423        25.826056800196049     
   1245.3495885885886        25.828142485150998     
   1245.3859349349350        25.830487108900144     
   1245.4222812812814        25.833089732973800     
   1245.4586276276277        25.835949418902263     
   1245.4949739739741        25.839065228215841     
   1245.5313203203204        25.842436222444839     
   1245.5676666666668        25.846061463119554     
   1245.6040130130132        25.849940011770300     
   1245.6403593593595        25.854070929927378     
   1245.6767057057057        25.858453279121061     
   1245.7130520520520        25.863086120881711     
   1245.7493983983984        25.867968516739605     
   1245.7857447447448        25.873099169471416     
   1245.8220910910911        25.878471376776012     
   1245.8584374374375        25.884074256476289     
   1245.8947837837839        25.889896817768886     
   1245.9311301301302        25.895928069850441     
   1245.9674764764766        25.902157021917596     
   1246.0038228228229        25.908572683166980     
   1246.0401691691693        25.915164062795235     
   1246.0765155155157        25.921920169999002     
   1246.1128618618620        25.928830013974910     
   1246.1492082082082        25.935882603919559     
   1246.1855545545545        25.943066949029671     
   1246.2219009009009        25.950372058501841     
   1246.2582472472473        25.957786941532703     
   1246.2945935935936        25.965301634865401     
   1246.3309399399400        25.972916630376577     
   1246.3672862862863        25.980638519048462     
   1246.4036326326327        25.988473968065342     
   1246.4399789789791        25.996429644611496     
   1246.4763253253254        26.004512215871209     
   1246.5126716716718        26.012728349028766     
   1246.5490180180182        26.021084711268443     
   1246.5853643643645        26.029587969774528     
   1246.6217107107109        26.038244791731302     
   1246.6580570570570        26.047055398114825     
   1246.6944034034034        26.055972284045154     
   1246.7307497497497        26.064926520721528     
   1246.7670960960961        26.073849077576696     
   1246.8034424424425        26.082670924043413     
   1246.8397887887888        26.091323029554427     
   1246.8761351351352        26.099736363542490     
   1246.9124814814816        26.107841895440352     
   1246.9488278278279        26.115570594680765     
   1246.9851741741743        26.122853430696484     
   1247.0215205205207        26.129621372920255     
   1247.0578668668670        26.135805390784835     
   1247.0942132132134        26.141341017304022     
   1247.1305595595595        26.146697368342352     
   1247.1669059059059        26.153334959697577     
   1247.2032522522522        26.161876033631465     
   1247.2395985985986        26.171897038880502     
   1247.2759449449450        26.182921150687527     
   1247.3122912912913        26.194471544295368     
   1247.3486376376377        26.206071394946861     
   1247.3849839839841        26.217243877884837     
   1247.4213303303304        26.227512168352131     
   1247.4576766766768        26.236399441591576     
   1247.4940230230231        26.243428872846003     
   1247.5303693693695        26.248123637358251     
   1247.5667157157159        26.250006922758953     
   1247.6030620620622        26.250276316752480     
   1247.6394084084084        26.253202201143271     
   1247.6757547547547        26.258865543230897     
   1247.7121011011011        26.266801835526607     
   1247.7484474474475        26.276546570541662     
   1247.7847937937938        26.287635240787321     
   1247.8211401401402        26.299603338774840     
   1247.8574864864866        26.311986357015485     
   1247.8938328328329        26.324323301416154     
   1247.9301791791793        26.336336868282824     
   1247.9665255255256        26.348019890366871     
   1248.0028718718720        26.359386813269325     
   1248.0392182182184        26.370452082591225     
   1248.0755645645647        26.381230143933603     
   1248.1119109109109        26.391735442897421     
   1248.1482572572572        26.401982425083855     
   1248.1846036036036        26.411985536093866     
   1248.2209499499500        26.421759221528482     
   1248.2572962962963        26.431317926988740     
   1248.2936426426427        26.440676098075684     
   1248.3299889889890        26.449848180390333     
   1248.3663353353354        26.458848619533725     
   1248.4026816816818        26.467691861106896     
   1248.4390280280281        26.476392350710874     
   1248.4753743743745        26.484964533946702     
   1248.5117207207209        26.493422856415400     
   1248.5480670670672        26.501781763718014     
   1248.5844134134136        26.510055701455563     
   1248.6207597597597        26.518259115229043     
   1248.6571061061061        26.526406450639584     
   1248.6934524524524        26.534512153288169     
   1248.7297987987988        26.542590668775830     
   1248.7661451451452        26.550656442703598     
   1248.8024914914915        26.558723920672513     
   1248.8388378378379        26.566807548283602     
   1248.8751841841843        26.574921771137898     
   1248.9115305305306        26.583081034836439     
   1248.9478768768770        26.591299784980258     
   1248.9842232232234        26.599592467170389     
   1249.0205695695697        26.608009041223795     
   1249.0569159159161        26.616740547988812     
   1249.0932622622622        26.625833401331526     
   1249.1296086086086        26.635239842303946     
   1249.1659549549549        26.644911466169624     
   1249.2023013013013        26.654799868192168     
   1249.2386476476477        26.664856643635190     
   1249.2749939939940        26.675033387762291     
   1249.3113403403404        26.685281695837094     
   1249.3476866866868        26.695553163123197     
   1249.3840330330331        26.705799384884212     
   1249.4203793793795        26.715975390745264     
   1249.4567257257258        26.726090076346516     
   1249.4930720720722        26.736195108454424     
   1249.5294184184186        26.746343332152378     
   1249.5657647647649        26.756587592523786     
   1249.6021111111111        26.766980734651966     
   1249.6384574574574        26.777575603620452     
   1249.6748038038038        26.788425044512579     
   1249.7111501501502        26.799564419274031     
   1249.7474964964965        26.810921160620101     
   1249.7838428428429        26.822381557386731     
   1249.8201891891893        26.833832393587038     
   1249.8565355355356        26.845194533148021     
   1249.8928818818820        26.856441378468315     
   1249.9292282282283        26.867550818192669     
   1249.9655745745747        26.878500740965812     
   1250.0019209209211        26.889269035432491     
   1250.0382672672674        26.899833590237442     
   1250.0746136136136        26.910172294025344     
   1250.1109599599599        26.920263035441064     
   1250.1473063063063        26.930083703129277     
   1250.1836526526527        26.939612185734724     
   1250.2199989989990        26.948826371902143     
   1250.2563453453454        26.957704150276271     
   1250.2926916916917        26.966223409501854     
   1250.3290380380381        26.974362038223632     
   1250.3653843843845        26.982097925086340     
   1250.4017307307308        26.989408958734725     
   1250.4380770770772        26.996273027813515     
   1250.4744234234236        27.002668020967459     
   1250.5107697697699        27.008571826841294     
   1250.5471161161163        27.013962334079761     
   1250.5834624624624        27.018817431327570     
   1250.6198088088088        27.023117723236826     
   1250.6561551551551        27.026868458314897     
   1250.6925015015015        27.030088012811266     
   1250.7288478478479        27.032794885269965     
   1250.7651941941942        27.035007574235035     
   1250.8015405405406        27.036744578250509     
   1250.8378868868870        27.038024395860432     
   1250.8742332332333        27.038865525608834     
   1250.9105795795797        27.039286466039755     
   1250.9469259259261        27.039305715697232     
   1250.9832722722724        27.038941773125309     
   1251.0196186186188        27.038213136868016     
   1251.0559649649649        27.037138305469394     
   1251.0923113113113        27.035735777473477     
   1251.1286576576576        27.034024051424304     
   1251.1650040040040        27.032021625865912     
   1251.2013503503504        27.029746999342340     
   1251.2376966966967        27.027218670397623     
   1251.2740430430431        27.024455137575799     
   1251.3103893893895        27.021474899420912     
   1251.3467357357358        27.018296454476989     
   1251.3830820820822        27.014938301288080     
   1251.4194284284285        27.011418938398208     
   1251.4557747747749        27.007756864351421     
   1251.4921211211213        27.003970577691749     
   1251.5284674674676        27.000078576963237     
   1251.5648138138138        26.996099360709948     
   1251.6011601601601        26.992051427475857     
   1251.6375065065065        26.987953275805040     
   1251.6738528528529        26.983823404241530     
   1251.7101991991992        26.979680311329364     
   1251.7465455455456        26.975542495612579     
   1251.7828918918919        26.971428455635213     
   1251.8192382382383        26.967356689941305     
   1251.8555845845847        26.963345697074889     
   1251.8919309309310        26.959413975580006     
   1251.9282772772774        26.955580024000689     
   1251.9646236236238        26.951862340880979     
   1252.0009699699701        26.948279424764912     
   1252.0373163163163        26.944849774196552     
   1252.0736626626626        26.941591887719888     
   1252.1100090090090        26.938524263878978     
   1252.1463553553554        26.935665401217861     
   1252.1827017017017        26.933033798280579     
   1252.2190480480481        26.930647953611164     
   1252.2553943943944        26.928526365753655     
   1252.2917407407408        26.926687533252093     
   1252.3280870870872        26.925149954650507     
   1252.3644334334335        26.923932128492943     
   1252.4007797797799        26.923052553323434     
   1252.4371261261263        26.922529727686019     
   1252.4734724724726        26.922382150124736     
   1252.5098188188190        26.922628319183623     
   1252.5461651651651        26.923286733406709     
   1252.5825115115115        26.924375891338041     
   1252.6188578578578        26.925914291521657     
   1252.6552042042042        26.927920432501590     
   1252.6915505505506        26.930379833731017     
   1252.7278968968969        26.922241897777667     
   1252.7642432432433        26.900957494158899     
   1252.8005895895897        26.880809631389411     
   1252.8369359359360        26.862491255725914     
   1252.8732822822824        26.845801572120216     
   1252.9096286286288        26.830539785524138     
   1252.9459749749751        26.816505100889479     
   1252.9823213213215        26.803496723168060     
   1253.0186676676676        26.791313857311764     
   1253.0550140140140        26.779755708272248     
   1253.0913603603603        26.768621481001404     
   1253.1277067067067        26.757710380451041     
   1253.1640530530531        26.746821611572972     
   1253.2003993993994        26.735754379319005     
   1253.2367457457458        26.724307888640958     
   1253.2730920920922        26.712291374582904     
   1253.3094384384385        26.699644999527830     
   1253.3457847847849        26.686400736965787     
   1253.3821311311312        26.672592457009650     
   1253.4184774774776        26.658254029772305     
   1253.4548238238240        26.643419325366644     
   1253.4911701701703        26.628122213905542     
   1253.5275165165165        26.612396565501992     
   1253.5638628628628        26.596276250268673     
   1253.6002092092092        26.579795138318573     
   1253.6365555555556        26.562987099764577     
   1253.6729019019019        26.545886004719563     
   1253.7092482482483        26.528525723296426     
   1253.7455945945946        26.510940125608045     
   1253.7819409409410        26.493163081767303     
   1253.8182872872874        26.475228461887088     
   1253.8546336336337        26.457170136080283     
   1253.8909799799801        26.439021974459774     
   1253.9273263263265        26.420817847138444     
   1253.9636726726728        26.402591624229181     
   1254.0000190190190        26.384377175844982     
   1254.0363653653653        26.366208372098505     
   1254.0727117117117        26.348119083102738     
   1254.1090580580581        26.330143178970584     
   1254.1454044044044        26.312314529814913     
   1254.1817507507508        26.294667005748622     
   1254.2180970970971        26.277234476884587     
   1254.2544434434435        26.260050813335688     
   1254.2907897897899        26.243149885214823     
   1254.3271361361362        26.226565562634867     
   1254.3634824824826        26.210331715708712     
   1254.3998288288290        26.194482214549240     
   1254.4361751751753        26.179050929269327     
   1254.4725215215217        26.164071082266013     
   1254.5088678678678        26.149550646188640     
   1254.5452142142142        26.135464752936858     
   1254.5815605605605        26.121786335535997     
   1254.6179069069069        26.108488327011294     
   1254.6542532532533        26.095543660387975     
   1254.6905995995996        26.082925268691291     
   1254.7269459459460        26.070606084946469     
   1254.7632922922924        26.058559042178750     
   1254.7996386386387        26.046757073413367     
   1254.8359849849851        26.035173111675562     
   1254.8723313313315        26.023780089990559     
   1254.9086776776778        26.012550941383605     
   1254.9450240240242        26.001462333301827     
   1254.9813703703703        25.990521252937615     
   1255.0177167167167        25.979749419362399     
   1255.0540630630630        25.969168649453810     
   1255.0904094094094        25.958800760089428     
   1255.1267557557558        25.948667568146817     
   1255.1631021021021        25.938790890503540     
   1255.1994484484485        25.929192544037171     
   1255.2357947947949        25.919894345625281     
   1255.2721411411412        25.910918112145438     
   1255.3084874874876        25.902285660475204     
   1255.3448338338339        25.894018807492156     
   1255.3811801801803        25.886139370073856     
   1255.4175265265267        25.878669165097879     
   1255.4538728728730        25.871630009441791     
   1255.4902192192192        25.865043719983198     
   1255.5265655655655        25.858932070847395     
   1255.5629119119119        25.853305070706195     
   1255.5992582582583        25.848145007563605     
   1255.6356046046046        25.843430179631397     
   1255.6719509509510        25.839138885121347     
   1255.7082972972973        25.835249422245234     
   1255.7446436436437        25.831740089214826     
   1255.7809899899901        25.828589184241910     
   1255.8173363363364        25.825775005538262     
   1255.8536826826828        25.823275851315650     
   1255.8900290290292        25.821070019785857     
   1255.9263753753755        25.819135809160656     
   1255.9627217217217        25.817451517651840     
   1255.9990680680680        25.815995443471152     
   1256.0354144144144        25.814745884830394     
   1256.0717607607608        25.813681139941330     
   1256.1081071071071        25.812779507015744     
   1256.1444534534535        25.812019284265411     
   1256.1807997997998        25.811378769902110     
   1256.2171461461462        25.810836262137610     
   1256.2534924924926        25.810370059183693     
   1256.2898388388389        25.809958507489899     
   1256.3261851851853        25.809635093717297     
   1256.3625315315317        25.809594477233873     
   1256.3988778778780        25.810060586359317     
   1256.4352242242244        25.811200865666397     
   1256.4715705705705        25.813004337446248     
   1256.5079169169169        25.815424879715124     
   1256.5442632632632        25.818416370489242     
   1256.5806096096096        25.821932687784827     
   1256.6169559559560        25.825927709618114     
   1256.6533023023023        25.830355314005324     
   1256.6896486486487        25.835169378962689     
   1256.7259949949951        25.840323782506449     
   1256.7623413413414        25.845772402652820     
   1256.7986876876878        25.851469117418034     
   1256.8350340340342        25.857367804818317     
   1256.8713803803805        25.863422342869903     
   1256.9077267267269        25.869586609589025     
   1256.9440730730730        25.875814482991860     
   1256.9804194194194        25.882059841094730     
   1257.0167657657657        25.888276561913809     
   1257.0531121121121        25.894418523465340     
   1257.0894584584585        25.900439603765541     
   1257.1258048048048        25.906293680830650     
   1257.1621511511512        25.911934632676889     
   1257.1984974974976        25.917316337320496     
   1257.2348438438439        25.922392672777690     
   1257.2711901901903        25.927117517064705     
   1257.3075365365366        25.931447230977543     
   1257.3438828828830        25.935475433384497     
   1257.3802292292294        25.939502020595704     
   1257.4165755755757        25.943843897705328     
   1257.4529219219219        25.948817969807493     
   1257.4892682682682        25.954741141996429     
   1257.5256146146146        25.961930319366271     
   1257.5619609609610        25.970702407011174     
   1257.5983073073073        25.981371928931274     
   1257.6346536536537        25.992288823530156     
   1257.6710000000000        26.000000000000000     
