   11113.053000000000        23.359999999999999     
   11113.097788788789        23.353396226853533     
   11113.142577577577        23.346821389766681     
   11113.187366366366        23.340304424798269     
   11113.232155155156        23.333874268007900     
   11113.276943943943        23.327559855455196     
   11113.321732732733        23.321390123198988     
   11113.366521521521        23.315394007299123     
   11113.411310310310        23.309600443814467     
   11113.456099099099        23.304038368804619     
   11113.500887887887        23.298735683635954     
   11113.545676676677        23.293586071624176     
   11113.590465465466        23.288219999065305     
   11113.635254254254        23.282395456338776     
   11113.680043043043        23.276123423655495     
   11113.724831831832        23.269437472714959     
   11113.769620620620        23.262371175216714     
   11113.814409409410        23.254958102859447     
   11113.859198198197        23.247231827343022     
   11113.903986986987        23.239225920366060     
   11113.948775775776        23.230973953628137     
   11113.993564564564        23.222509498828856     
   11114.038353353353        23.213866127666790     
   11114.083142142143        23.205077411841533     
   11114.127930930930        23.196176923052711     
   11114.172719719720        23.187198232998860     
   11114.217508508509        23.178174913379600     
   11114.262297297297        23.169140535894552     
   11114.307086086086        23.160128672242244     
   11114.351874874876        23.151172894122308     
   11114.396663663663        23.142306773234353     
   11114.441452452453        23.133563881276917     
   11114.486241241240        23.124977789949970     
   11114.531030030030        23.116582070952077     
   11114.575818818819        23.108410311931820     
   11114.620607607607        23.100499619198327     
   11114.665396396396        23.092895018268365     
   11114.710185185186        23.085639829066849     
   11114.754973973973        23.078736786502205     
   11114.799762762763        23.072157950675642     
   11114.844551551552        23.065874624727488     
   11114.889340340340        23.059858111798029     
   11114.934129129129        23.054079715026820     
   11114.978917917917        23.048510737554377     
   11115.023706706706        23.043122482520300     
   11115.068495495496        23.037886253064858     
   11115.113284284284        23.032773352328302     
   11115.158073073073        23.027755083450266     
   11115.202861861862        23.022802749570992     
   11115.247650650650        23.017887653830741     
   11115.292439439439        23.012981099369149     
   11115.337228228229        23.008054389326468     
   11115.382017017017        23.003078826842938     
   11115.426805805806        22.998025715058201     
   11115.471594594594        22.992866357112721     
   11115.516383383383        22.987572056146121     
   11115.561172172173        22.982114115298653     
   11115.605960960960        22.976463837710597     
   11115.650749749750        22.970592526521539     
   11115.695538538539        22.964471484871744     
   11115.740327327327        22.958072015901529     
   11115.785116116116        22.951365422750417     
   11115.829904904906        22.944323008558708     
   11115.874693693693        22.936916076466755     
   11115.919482482483        22.929115929614003     
   11115.964271271272        22.920893871140784     
   11116.009060060060        22.912521395085626     
   11116.053848848849        22.905764945143208     
   11116.098637637637        22.901133673375789     
   11116.143426426426        22.897960848842786     
   11116.188215215216        22.895560101709322     
   11116.233004004003        22.893245062140426     
   11116.277792792793        22.890329360300836     
   11116.322581581582        22.886265998155487     
   11116.367370370370        22.881247996841577     
   11116.412159159159        22.875713040611117     
   11116.456947947949        22.870098969016112     
   11116.501736736736        22.864843621608564     
   11116.546525525526        22.860384837939851     
   11116.591314314313        22.857056318670594     
   11116.636103103103        22.854628669207464     
   11116.680891891892        22.852683042159597     
   11116.725680680680        22.850800447752025     
   11116.770469469469        22.848579697796826     
   11116.815258258259        22.845872416683960     
   11116.860047047046        22.842718138147617     
   11116.904835835836        22.839160857621632     
   11116.949624624625        22.835244570540222     
   11116.994413413413        22.831013272337675     
   11117.039202202202        22.826510958447738     
   11117.083990990990        22.821781624304876     
   11117.128779779780        22.816869265342802     
   11117.173568568569        22.811817876995804     
   11117.218357357357        22.806671454698197     
   11117.263146146146        22.801473993883654     
   11117.307934934935        22.796269489986489     
   11117.352723723723        22.791101938441010     
   11117.397512512513        22.786015334680890     
   11117.442301301302        22.781053674140448     
   11117.487090090090        22.776255775808927     
   11117.531878878879        22.771620102031214     
   11117.576667667669        22.767126171693747     
   11117.621456456456        22.762753394383363     
   11117.666245245246        22.758481179686353     
   11117.711034034033        22.754288937189717     
   11117.755822822823        22.750156076479765     
   11117.800611611612        22.746062007143323     
   11117.845400400400        22.741986138767203     
   11117.890189189189        22.737907880937726     
   11117.934977977979        22.733806643241714     
   11117.979766766766        22.729661835265979     
   11118.024555555556        22.725452866596846     
   11118.069344344345        22.721159146821130     
   11118.114133133133        22.716760085525657     
   11118.158921921922        22.712235092296726     
   11118.203710710710        22.707563576721359     
   11118.248499499499        22.702724948385825     
   11118.293288288289        22.697699401949830     
   11118.338077077076        22.692489901211683     
   11118.382865865866        22.687125152724249     
   11118.427654654655        22.681635245647573     
   11118.472443443443        22.676050269141722     
   11118.517232232232        22.670400312366095     
   11118.562021021022        22.664715464480743     
   11118.606809809809        22.659025814645744     
   11118.651598598599        22.653361452020484     
   11118.696387387386        22.647752465765244     
   11118.741176176176        22.642228945039427     
   11118.785964964965        22.636820979003090     
   11118.830753753753        22.631558656816292     
   11118.875542542542        22.626472067638446     
   11118.920331331332        22.621591300629603     
   11118.965120120120        22.616946444949793     
   11119.009908908909        22.612567589758481     
   11119.054697697698        22.608484824215697     
   11119.099486486486        22.604728237481432     
   11119.144275275276        22.601327918715214     
   11119.189064064063        22.598313957077167     
   11119.233852852853        22.595716441726882     
   11119.278641641642        22.593565461824326     
   11119.323430430430        22.591891106529410     
   11119.368219219219        22.590723465001826     
   11119.413008008009        22.590092626401503     
   11119.457796796796        22.589991118752074     
   11119.502585585586        22.589909924104699     
   11119.547374374375        22.589276337701634     
   11119.592163163163        22.587785770794152     
   11119.636951951952        22.585143081282379     
   11119.681740740742        22.581053127066596     
   11119.726529529529        22.575416236821731     
   11119.771318318319        22.569608876865029     
   11119.816107107106        22.565217292810075     
   11119.860895895896        22.562341742381733     
   11119.905684684685        22.560784541644288     
   11119.950473473473        22.560348006661808     
   11119.995262262262        22.560834453498337     
   11120.040051051052        22.562046198217978     
   11120.084839839839        22.563785556884724     
   11120.129628628629        22.565854845562789     
   11120.174417417418        22.568056380316190     
   11120.219206206206        22.570192513167854     
   11120.263994994995        22.572122283969065     
   11120.308783783783        22.573876204392498     
   11120.353572572572        22.575517082521973     
   11120.398361361362        22.577107726441110     
   11120.443150150149        22.578710944233528     
   11120.487938938939        22.580389543983049     
   11120.532727727728        22.582206333773296     
   11120.577516516516        22.584224121687875     
   11120.622305305305        22.586505715810635     
   11120.667094094095        22.589113924225188     
   11120.711882882882        22.592103275933006     
   11120.756671671672        22.595439621485944     
   11120.801460460460        22.599034998546635     
   11120.846249249249        22.602800688944075     
   11120.891038038038        22.606647974506828     
   11120.935826826826        22.610488137063431     
   11120.980615615616        22.614232458442906     
   11121.025404404405        22.617792220473788     
   11121.070193193193        22.621083939497581     
   11121.114981981982        22.624325294402759     
   11121.159770770772        22.628193491307851     
   11121.204559559559        22.633357293855827     
   11121.249348348349        22.639821294687568     
   11121.294137137138        22.647099037203187     
   11121.338925925926        22.654692548567724     
   11121.383714714715        22.662103855947159     
   11121.428503503503        22.668834986506276     
   11121.473292292292        22.674387967410979     
   11121.518081081082        22.678264825826329     
   11121.562869869869        22.679967588917648     
   11121.607658658659        22.679989354931230     
   11121.652447447448        22.684399146657231     
   11121.697236236236        22.693299589903393     
   11121.742025025025        22.704308717375227     
   11121.786813813815        22.715094598759642     
   11121.831602602602        22.724549378848010     
   11121.876391391392        22.732831380218151     
   11121.921180180179        22.740157387069708     
   11121.965968968969        22.746744183603603     
   11122.010757757758        22.752808554019861     
   11122.055546546546        22.758567282518580     
   11122.100335335335        22.764237153300559     
   11122.145124124125        22.770034950565897     
   11122.189912912912        22.776177458514670     
   11122.234701701702        22.782877512571506     
   11122.279490490491        22.790209237321836     
   11122.324279279279        22.798074688967567     
   11122.369068068068        22.806365206151977     
   11122.413856856856        22.814972127517045     
   11122.458645645645        22.823786791706123     
   11122.503434434435        22.832700537361497     
   11122.548223223223        22.841604703125459     
   11122.593012012012        22.850390628871576     
   11122.637800800801        22.858965132341933     
   11122.682589589589        22.867289152842499     
   11122.727378378378        22.875335452295484     
   11122.772167167168        22.883076792622074     
   11122.816955955956        22.890485935743499     
   11122.861744744745        22.897535643581897     
   11122.906533533533        22.904211826537797     
   11122.951322322322        22.910670910305505     
   11122.996111111112        22.917188343945689     
   11123.040899899899        22.924042007548586     
   11123.085688688689        22.931509152363901     
   11123.130477477478        22.939722925705205     
   11123.175266266266        22.948489492501899     
   11123.220055055055        22.957569914872188     
   11123.264843843845        22.966725254933205     
   11123.309632632632        22.975728110874442     
   11123.354421421422        22.984499446847323     
   11123.399210210211        22.993063183837169     
   11123.443998998999        23.001445315299332     
   11123.488787787788        23.009671834690192     
   11123.533576576576        23.017768735464767     
   11123.578365365365        23.025762011079408     
   11123.623154154155        23.033677654989482     
   11123.667942942942        23.041541660650370     
   11123.712731731732        23.049380021518395     
   11123.757520520521        23.057218731048941     
   11123.802309309309        23.065083782697371     
   11123.847098098098        23.073001169920030     
   11123.891886886888        23.080996886172283     
   11123.936675675675        23.089096924909501     
   11123.981464464465        23.097327279588033     
   11124.026253253252        23.105713943662906     
   11124.071042042042        23.114282910590489     
   11124.115830830831        23.123060173826140     
   11124.160619619619        23.132071726825192     
   11124.205408408408        23.141343492640864     
   11124.250197197198        23.150865777100901     
   11124.294985985985        23.160535485887891     
   11124.339774774775        23.170234400581876     
   11124.384563563564        23.179844302761730     
   11124.429352352352        23.189246974006331     
   11124.474141141141        23.198341099590721     
   11124.518929929929        23.207111773165224     
   11124.563718718719        23.215571626015912     
   11124.608507507508        23.223733301209041     
   11124.653296296296        23.231609441810896     
   11124.698085085085        23.239212690888735     
   11124.742873873874        23.246555691508842     
   11124.787662662662        23.253651086737552     
   11124.832451451452        23.260511519642041     
   11124.877240240241        23.267149633288639     
   11124.922029029029        23.273578070743689     
   11124.966817817818        23.279809475074330     
   11125.011606606608        23.285856489346912     
   11125.056395395395        23.291731756627808     
   11125.101184184185        23.297447919984105     
   11125.145972972972        23.303017622481953     
   11125.190761761762        23.308453507188410     
   11125.235550550551        23.313768217169866     
   11125.280339339339        23.318974395492710     
   11125.325128128128        23.324084685223994     
   11125.369916916918        23.329111729430103     
   11125.414705705705        23.334068171177456     
   11125.459494494495        23.338966653533060     
   11125.504283283284        23.343817880967677     
   11125.549072072072        23.348617654236133     
   11125.593860860861        23.353354861844881     
   11125.638649649649        23.358018354393742     
   11125.683438438438        23.362596982483335     
   11125.728227227228        23.367079596713690     
   11125.773016016015        23.371455047684851     
   11125.817804804805        23.375712185997397     
   11125.862593593594        23.379839862251387     
   11125.907382382382        23.383826927046865     
   11125.952171171171        23.387662230984393     
   11125.996959959961        23.391334624664033     
   11126.041748748748        23.394832958685864     
   11126.086537537538        23.398146083650392     
   11126.131326326326        23.401262850157586     
   11126.176115115115        23.404172108807913     
   11126.220903903904        23.406862710201466     
   11126.265692692692        23.409323504938385     
   11126.310481481481        23.411543343619080     
   11126.355270270271        23.413511076843683     
   11126.400059059059        23.415215555212349     
   11126.444847847848        23.416645629325444     
   11126.489636636637        23.417790149783116     
   11126.534425425425        23.418637967185560     
   11126.579214214215        23.419177932133074     
   11126.624003003004        23.419398895225839     
   11126.668791791792        23.419289707064088     
   11126.713580580581        23.418839218248038     
   11126.758369369369        23.418036279377958     
   11126.803158158158        23.416869741053993     
   11126.847946946948        23.415328453876409     
   11126.892735735735        23.413401268445508     
   11126.937524524525        23.411077035361355     
   11126.982313313314        23.408346055450387     
   11127.027102102102        23.405221441176128     
   11127.071890890891        23.401734452116241     
   11127.116679679681        23.397916849839838     
   11127.161468468468        23.393800395916060     
   11127.206257257258        23.389416851913563     
   11127.251046046045        23.384797979401682     
   11127.295834834835        23.379975539949022     
   11127.340623623624        23.374981295124755     
   11127.385412412412        23.369847006498059     
   11127.430201201201        23.364604435637517     
   11127.474989989991        23.359285325914566     
   11127.519778778778        23.353910407211586     
   11127.564567567568        23.348470740877652     
   11127.609356356357        23.342952442947837     
   11127.654145145145        23.337341629457242     
   11127.698933933934        23.331624416440263     
   11127.743722722722        23.325786919932227     
   11127.788511511511        23.319815255967526     
   11127.833300300301        23.313695540581254     
   11127.878089089088        23.307413889808529     
   11127.922877877878        23.300956419683700     
   11127.967666666667        23.294309246241880     
   11128.012455455455        23.287458954238367     
   11128.057244244244        23.280414418154340     
   11128.102033033034        23.273216069227644     
   11128.146821821822        23.265906731333729     
   11128.191610610611        23.258529228347136     
   11128.236399399399        23.251126384143596     
   11128.281188188188        23.243741022597650     
   11128.325976976977        23.236414053812641     
   11128.370765765765        23.229140383326957     
   11128.415554554555        23.221867779904041     
   11128.460343343344        23.214541872052340     
   11128.505132132132        23.207108288280303     
   11128.549920920921        23.199512657095486     
   11128.594709709711        23.191700607006332     
   11128.639498498498        23.183617766521319     
   11128.684287287288        23.175212450073634     
   11128.729076076077        23.166479388969897     
   11128.773864864865        23.157452525830685     
   11128.818653653654        23.148167035220730     
   11128.863442442442        23.138658091706251     
   11128.908231231231        23.128960869851952     
   11128.953020020021        23.119110556106214     
   11128.997808808808        23.109163556999423     
   11129.042597597598        23.099241254679178     
   11129.087386386387        23.089477425163018     
   11129.132175175175        23.080005844468467     
   11129.176963963964        23.070960288611865     
   11129.221752752754        23.062474533610754     
   11129.266541541541        23.054682355482569     
   11129.311330330331        23.047717530243794     
   11129.356119119118        23.041713833912134     
   11129.400907907908        23.036805042504223     
   11129.445696696697        23.033124932037463     
   11129.490485485485        23.030807278529057     
   11129.535274274274        23.029985857995939     
   11129.580063063064        23.028170781523755     
   11129.624851851851        23.020302960342420     
   11129.669640640641        23.009443737509411     
   11129.714429429430        22.999098031603197     
   11129.759218218218        22.991668840054942     
   11129.804007007007        22.986274352718553     
   11129.848795795795        22.981423399762889     
   11129.893584584584        22.975769128000231     
   11129.938373373374        22.969319628229115     
   11129.983162162162        22.962824887237311     
   11130.027950950951        22.957013913479891     
   11130.072739739740        22.952054769829648     
   11130.117528528528        22.947611129622747     
   11130.162317317318        22.943474947903514     
   11130.207106106107        22.939568066709114     
   11130.251894894895        22.935816792017128     
   11130.296683683684        22.932147429804694     
   11130.341472472473        22.928487145842592     
   11130.386261261261        22.924794199581370     
   11130.431050050051        22.921065943332536     
   11130.475838838838        22.917302215368593     
   11130.520627627628        22.913502853961457     
   11130.565416416417        22.909667697383490     
   11130.610205205205        22.905796583907058     
   11130.654993993994        22.901889351804058     
   11130.699782782784        22.897945839346853     
   11130.744571571571        22.893965884807830     
   11130.789360360361        22.889949326458872     
   11130.834149149150        22.885896002572345     
   11130.878937937938        22.881805751420636     
   11130.923726726727        22.877678411275618     
   11130.968515515515        22.873513820409840     
   11131.013304304304        22.869311817095177     
   11131.058093093094        22.865072239604007     
   11131.102881881881        22.860794926208719     
   11131.147670670671        22.856479715181173     
   11131.192459459460        22.852126444793754     
   11131.237248248248        22.847734953318856     
   11131.282037037037        22.843305079028330     
   11131.326825825827        22.838836660194570     
   11131.371614614614        22.834329535089967     
   11131.416403403404        22.829783541986366     
   11131.461192192191        22.825198519156352     
   11131.505980980981        22.820574304871762     
   11131.550769769770        22.815910737404995     
   11131.595558558558        22.811207655028447     
   11131.640347347347        22.806464896013956     
   11131.685136136137        22.801682298633921     
   11131.729924924924        22.796859701160749     
   11131.774713713714        22.791996941866259     
   11131.819502502503        22.787094795956236     
   11131.864291291291        22.782168528075200     
   11131.909080080080        22.777244066168734     
   11131.953868868870        22.772334674712607     
   11131.998657657658        22.767442527048733     
   11132.043446446447        22.762569439284547     
   11132.088235235235        22.757717227528268     
   11132.133024024024        22.752887707887329     
   11132.177812812813        22.748082696469758     
   11132.222601601601        22.743304009383571     
   11132.267390390391        22.738553462736213     
   11132.312179179180        22.733832872635698     
   11132.356967967968        22.729144055190055     
   11132.401756756757        22.724488826506715     
   11132.446545545547        22.719869002693706     
   11132.491334334334        22.715286399859039     
   11132.536123123124        22.710742834110171     
   11132.580911911911        22.706240121555290     
   11132.625700700701        22.701780078301866     
   11132.670489489490        22.697364520457910     
   11132.715278278278        22.692995264131419     
   11132.760067067067        22.688674125429866     
   11132.804855855857        22.684402920461263     
   11132.849644644644        22.680183465333602     
   11132.894433433434        22.676017576154372     
   11132.939222222223        22.671907069031565     
   11132.984011011011        22.667853760073179     
   11133.028799799800        22.663859465386707     
   11133.073588588588        22.659926001080304     
   11133.118377377377        22.656055183261479     
   11133.163166166167        22.652248828038214     
   11133.207954954954        22.648508440600679     
   11133.252743743744        22.644823501856656     
   11133.297532532533        22.641167908893440     
   11133.342321321321        22.637514520933422     
   11133.387110110110        22.633836197198555     
   11133.431898898900        22.630105796911224     
   11133.476687687687        22.626296179293824     
   11133.521476476477        22.622380203568298     
   11133.566265265265        22.618331588879087     
   11133.611054054054        22.614155991608335     
   11133.655842842843        22.609899712534556     
   11133.700631631631        22.605611685580797     
   11133.745420420420        22.601340844669615     
   11133.790209209210        22.597136123724056     
   11133.834997997998        22.593046456667185     
   11133.879786786787        22.589120777421549     
   11133.924575575576        22.585408019910211     
   11133.969364364364        22.581957118056188     
   11134.014153153154        22.578817005782096     
   11134.058941941943        22.576036617010956     
   11134.103730730731        22.573664885665753     
   11134.148519519520        22.571750745669181     
   11134.193308308308        22.570343130944273     
   11134.238097097097        22.569483127680275     
   11134.282885885887        22.569122328579454     
   11134.327674674674        22.569155402573777     
   11134.372463463464        22.569476105773763     
   11134.417252252253        22.569978194289938     
   11134.462041041041        22.570570533575939     
   11134.506829829830        22.571229939409434     
   11134.551618618620        22.571952321150597     
   11134.596407407407        22.572733589171243     
   11134.641196196197        22.573569653843290     
   11134.685984984984        22.574456425538521     
   11134.730773773774        22.575389814628863     
   11134.775562562563        22.576365731486135     
   11134.820351351351        22.577380086482144     
   11134.865140140140        22.578428789988827     
   11134.909928928930        22.579507752377996     
   11134.954717717717        22.580616341131702     
   11134.999506506507        22.581816966640986     
   11135.044295295296        22.583227097447008     
   11135.089084084084        22.584966053062569     
   11135.133872872873        22.587153153000671     
   11135.178661661661        22.589907716774007     
   11135.223450450450        22.593293888715209     
   11135.268239239240        22.597134403014813     
   11135.313028028027        22.601187017510302     
   11135.357816816817        22.605295418440136     
   11135.402605605606        22.609452584464538     
   11135.447394394394        22.613666422177328     
   11135.492183183183        22.617944838172821     
   11135.536971971973        22.622295739044837     
   11135.581760760761        22.626727031387176     
   11135.626549549550        22.631246621794183     
   11135.671338338339        22.635862416859659     
   11135.716127127127        22.640582323177398     
   11135.760915915916        22.645414247341765     
   11135.805704704704        22.650366095946353     
   11135.850493493494        22.655445775585541     
   11135.895282282283        22.660661192853119     
   11135.940071071071        22.666020254342847     
   11135.984859859860        22.671530866649150     
   11136.029648648650        22.677200936365786     
   11136.074437437437        22.683038370086507     
   11136.119226226227        22.689051074405768     
   11136.164015015016        22.695246955917320     
   11136.208803803804        22.701633921214878     
   11136.253592592593        22.708219876892947     
   11136.298381381381        22.715012729544977     
   11136.343170170170        22.722020385765500     
   11136.387958958960        22.729250752148232     
   11136.432747747747        22.736711735286846     
   11136.477536536537        22.744411241775929     
   11136.522325325326        22.752357178209170     
   11136.567114114114        22.760557451180212     
   11136.611902902903        22.769019967283704     
   11136.656691691693        22.777744567231075     
   11136.701480480480        22.786685583458357     
   11136.746269269270        22.795781403233512     
   11136.791058058057        22.804970396741680     
   11136.835846846847        22.814190934169503     
   11136.880635635636        22.823381385702497     
   11136.925424424424        22.832480121526171     
   11136.970213213213        22.841425511827161     
   11137.015002002003        22.850155926790983     
   11137.059790790790        22.858609736603178     
   11137.104579579580        22.866725311450324     
   11137.149368368369        22.874441021517967     
   11137.194157157157        22.881695236991693     
   11137.238945945946        22.888426328057996     
   11137.283734734736        22.894627132558014     
   11137.328523523523        22.900759537647442     
   11137.373312312313        22.907524829068667     
   11137.418101101101        22.915549473033703     
   11137.462889889890        22.924585142250148     
   11137.507678678679        22.933837492820942     
   11137.552467467467        22.942865315152417     
   11137.597256256257        22.951677121487435     
   11137.642045045046        22.960309494306845     
   11137.686833833834        22.968799016091534     
   11137.731622622623        22.977182269323407     
   11137.776411411412        22.985495836483338     
   11137.821200200200        22.993776300052211     
   11137.865988988990        23.002060242511924     
   11137.910777777777        23.010384246343023     
   11137.955566566567        23.018784894027398     
   11138.000355355356        23.027292440524686     
   11138.045144144144        23.035897996774626     
   11138.089932932933        23.044577722546499     
   11138.134721721723        23.053307747748974     
   11138.179510510510        23.062064202290699     
   11138.224299299300        23.070823216081379     
   11138.269088088089        23.079560919029674     
   11138.313876876877        23.088253441044220     
   11138.358665665666        23.096876912034737     
   11138.403454454454        23.105408377678572     
   11138.448243243243        23.113836839026042     
   11138.493032032033        23.122159681377664     
   11138.537820820820        23.130374463270506     
   11138.582609609610        23.138478743242629     
   11138.627398398399        23.146470079831097     
   11138.672187187187        23.154346031572985     
   11138.716975975976        23.162104157006333     
   11138.761764764766        23.169742014668220     
   11138.806553553553        23.177257163095732     
   11138.851342342343        23.184647160826888     
   11138.896131131130        23.191909566398476     
   11138.940919919920        23.199041938348486     
   11138.985708708709        23.206044923494289     
   11139.030497497497        23.212937811916284     
   11139.075286286286        23.219746854676181     
   11139.120075075076        23.226498314802747     
   11139.164863863864        23.233218455324774     
   11139.209652652653        23.239933539271867     
   11139.254441441442        23.246669829672808     
   11139.299230230230        23.253453589556386     
   11139.344019019019        23.260311080890808     
   11139.388807807809        23.267255344416721     
   11139.433596596597        23.274253211685242     
   11139.478385385386        23.281261424809273     
   11139.523174174174        23.288236725900571     
   11139.567962962963        23.295135857072015     
   11139.612751751753        23.301915756488345     
   11139.657540540540        23.308550591063863     
   11139.702329329330        23.315044964835902     
   11139.747118118119        23.321406590838038     
   11139.791906906907        23.327643182103870     
   11139.836695695696        23.333762451667759     
   11139.881484484486        23.339772112563296     
   11139.926273273273        23.345679877824097     
   11139.971062062063        23.351493460484491     
   11140.015850850850        23.357220573577852     
   11140.060639639640        23.362868930138504     
   11140.105428428429        23.368446243200051     
   11140.150217217217        23.373954994390310     
   11140.195006006006        23.379347153151102     
   11140.239794794796        23.384546407241036     
   11140.284583583583        23.389476133588683     
   11140.329372372373        23.394059709123187     
   11140.374161161162        23.398220510773101     
   11140.418949949950        23.401881915467044     
   11140.463738738739        23.404967300134064     
   11140.508527527527        23.407400041702676     
   11140.553316316316        23.409103517101830     
   11140.598105105106        23.410001103261553     
   11140.642893893893        23.410123249523512     
   11140.687682682683        23.409925690304142     
   11140.732471471472        23.409969735407682     
   11140.777260260260        23.410712141743193     
   11140.822049049049        23.412079506507247     
   11140.866837837839        23.413830789267116     
   11140.911626626626        23.415724884198603     
   11140.956415415416        23.417520685477704     
   11141.001204204205        23.418977087280201     
   11141.045992992993        23.419852983781926     
   11141.090781781782        23.419912514402238     
   11141.135570570570        23.419102224781152     
   11141.180359359359        23.417593873336898     
   11141.225148148149        23.415573144488132     
   11141.269936936937        23.413225722653582     
   11141.314725725726        23.410737292251689     
   11141.359514514515        23.408279727739473     
   11141.404303303303        23.405884127823576     
   11141.449092092093        23.403499349829723     
   11141.493880880882        23.401073219052400     
   11141.538669669670        23.398553560786084     
   11141.583458458459        23.395888200324954     
   11141.628247247247        23.393024962963612     
   11141.673036036036        23.389911673996203     
   11141.717824824826        23.386496158717222     
   11141.762613613613        23.382726242421207     
   11141.807402402403        23.378549750402232     
   11141.852191191192        23.373914507954826     
   11141.896979979980        23.368768340373588     
   11141.941768768769        23.363059072952478     
   11141.986557557559        23.356741100307161     
   11142.031346346346        23.349917357864804     
   11142.076135135136        23.342837916910522     
   11142.120923923923        23.335749562916398     
   11142.165712712713        23.328756463550544     
   11142.210501501502        23.321853325246234     
   11142.255290290290        23.315032057492743     
   11142.300079079079        23.308284569778507     
   11142.344867867869        23.301602771592805     
   11142.389656656656        23.294978572424903     
   11142.434445445446        23.288403881763259     
   11142.479234234235        23.281870609097133     
   11142.524023023023        23.275370663915794     
   11142.568811811812        23.268895955707709     
   11142.613600600602        23.262438393962132     
   11142.658389389389        23.255989888168326     
   11142.703178178179        23.249542348340647     
   11142.747966966966        23.243089490312503     
   11142.792755755756        23.236630874389849     
   11142.837544544545        23.230167241105114     
   11142.882333333333        23.223699330990751     
   11142.927122122122        23.217227884578403     
   11142.971910910912        23.210753642400515     
   11143.016699699700        23.204277344989531     
   11143.061488488489        23.197799732877101     
   11143.106277277278        23.191321546595663     
   11143.151066066066        23.184843526677660     
   11143.195854854855        23.178366413654750     
   11143.240643643643        23.171890948059630     
   11143.285432432433        23.165417870423958     
   11143.330221221222        23.158947921280170     
   11143.375010010010        23.152481841160707     
   11143.419798798799        23.146020370597231     
   11143.464587587589        23.139564250122170     
   11143.509376376376        23.133114220267970     
   11143.554165165166        23.126671021566292     
   11143.598953953955        23.120235394549567     
   11143.643742742743        23.113808079750239     
   11143.688531531532        23.107389817699961     
   11143.733320320320        23.100981348931434     
   11143.778109109109        23.094583413976320     
   11143.822897897899        23.088196753367050     
   11143.867686686686        23.081822107636064     
   11143.912475475476        23.075460217315026     
   11143.957264264265        23.069111822936371     
   11144.002053053053        23.062777665032531     
   11144.046841841842        23.056458484135174     
   11144.091630630632        23.050155020776735     
   11144.136419419419        23.043868015489647     
   11144.181208208209        23.037598208805576     
   11144.225996996996        23.031346341257215     
   11144.270785785786        23.025113153376232     
   11144.315574574575        23.018899385695050     
   11144.360363363363        23.012705778746117     
   11144.405152152152        23.006533073061092     
   11144.449940940942        23.000382009172412     
   11144.494729729729        22.994253327612501     
   11144.539518518519        22.988147768913045     
   11144.584307307308        22.982066073606465     
   11144.629096096096        22.976008982225189     
   11144.673884884885        22.969977235300902     
   11144.718673673675        22.963971573366031     
   11144.763462462462        22.957992736952995     
   11144.808251251252        22.952041466593485     
   11144.853040040040        22.946118502820163     
   11144.897828828829        22.940224586164728     
   11144.942617617618        22.934360457159599     
   11144.987406406406        22.928526856337189     
   11145.032195195196        22.922724524229206     
   11145.076983983985        22.916954201368064     
   11145.121772772773        22.911216628286169     
   11145.166561561562        22.905512545515240     
   11145.211350350351        22.899842693587686     
   11145.256139139139        22.894207813035916     
   11145.300927927929        22.888608644391645     
   11145.345716716716        22.883045928187514     
   11145.390505505506        22.877520404955241     
   11145.435294294295        22.872032815227236     
   11145.480083083083        22.866583899535897     
   11145.524871871872        22.861174398412960     
   11145.569660660662        22.855805052390824     
   11145.614449449449        22.850476602001887     
   11145.659238238239        22.845189787777887     
   11145.704027027028        22.839945350251227     
   11145.748815815816        22.834744029954290     
   11145.793604604605        22.829586611039446     
   11145.838393393393        22.824579257747459     
   11145.883182182182        22.820159737075933     
   11145.927970970972        22.816712854676553     
   11145.972759759759        22.814090144793504     
   11146.017548548549        22.811992594600575     
   11146.062337337338        22.810121182337113     
   11146.107126126126        22.808176886242414     
   11146.151914914915        22.805860684555547     
   11146.196703703705        22.802873555515809     
   11146.241492492492        22.798916477362596     
   11146.286281281282        22.793690428334816     
   11146.331070070071        22.786910772500747     
   11146.375858858859        22.778775514326146     
   11146.420647647648        22.770068589815086     
   11146.465436436436        22.761475265429628     
   11146.510225225225        22.753132180833436     
   11146.555014014015        22.745035543715503     
   11146.599802802803        22.737181561697987     
   11146.644591591592        22.729566442402103     
   11146.689380380381        22.722186393450027     
   11146.734169169169        22.715037622463893     
   11146.778957957958        22.708116337064961     
   11146.823746746748        22.701418744875390     
   11146.868535535536        22.694941053517280     
   11146.913324324325        22.688679470611952     
   11146.958113113113        22.682630203781777     
   11147.002901901902        22.676789460648099     
   11147.047690690692        22.671153448833021     
   11147.092479479479        22.665718375958619     
   11147.137268268269        22.660480449646293     
   11147.182057057058        22.655435877518116     
   11147.226845845846        22.650580867196140     
   11147.271634634635        22.645911626301807     
   11147.316423423425        22.641424362457180     
   11147.361212212212        22.637115283284274     
   11147.406001001002        22.632980596404586     
   11147.450789789789        22.629016509440309     
   11147.495578578579        22.625219230012966     
   11147.540367367368        22.621584965744571     
   11147.585156156156        22.618109924257119     
   11147.629944944945        22.614790313172165     
   11147.674733733735        22.611622340111712     
   11147.719522522522        22.608602212697726     
   11147.764311311312        22.605726138551816     
   11147.809100100101        22.602990325295949     
   11147.853888888889        22.600390980552085     
   11147.898677677678        22.597924311941860     
   11147.943466466466        22.595586527087320     
   11147.988255255255        22.593373833610134     
   11148.033044044045        22.591282439132243     
   11148.077832832832        22.589308551275572     
   11148.122621621622        22.587448377661818     
   11148.167410410411        22.585698125912909     
   11148.212199199199        22.584054003650756     
   11148.256987987988        22.582512218497083     
   11148.301776776778        22.581068978073802     
   11148.346565565565        22.579720490002821     
   11148.391354354355        22.578462961905871     
   11148.436143143144        22.577292601404871     
   11148.480931931932        22.576205616121705     
   11148.525720720721        22.575198213678132     
   11148.570509509509        22.574266601696092     
   11148.615298298299        22.573406987797352     
   11148.660087087088        22.572615579603806     
   11148.704875875876        22.571888584737327     
   11148.749664664665        22.571222210819712     
   11148.794453453454        22.570612665472837     
   11148.839242242242        22.570056156318572     
   11148.884031031032        22.569553232889596     
   11148.928819819821        22.569128380171804     
   11148.973608608609        22.568814286474211     
   11149.018397397398        22.568643647395298     
   11149.063186186186        22.568649158533582     
   11149.107974974975        22.568863515487568     
   11149.152763763765        22.569319413855766     
   11149.197552552552        22.570049547977288     
   11149.242341341342        22.571078582955273     
   11149.287130130131        22.572404098668503     
   11149.331918918919        22.574017969668368     
   11149.376707707708        22.575912070506480     
   11149.421496496498        22.578078275734249     
   11149.466285285285        22.580508459903040     
   11149.511074074075        22.583194497564524     
   11149.555862862862        22.586128263269956     
   11149.600651651652        22.589301631571040     
   11149.645440440441        22.592706477019142     
   11149.690229229229        22.596334674165572     
   11149.735018018018        22.600178097562104     
   11149.779806806808        22.604228621760065     
   11149.824595595595        22.608478121310753     
   11149.869384384385        22.612918470765976     
   11149.914173173174        22.617541544677042     
   11149.958961961962        22.622339217595226     
   11150.003750750751        22.627303364072386     
   11150.048539539541        22.632425858659801     
   11150.093328328328        22.637698575908729     
   11150.138117117118        22.643113390371070     
   11150.182905905905        22.648662176597860     
   11150.227694694695        22.654336809141011     
   11150.272483483484        22.660129162551776     
   11150.317272272272        22.666031111381386     
   11150.362061061061        22.672034530181797     
   11150.406849849851        22.678131293504237     
   11150.451638638639        22.684313275899921     
   11150.496427427428        22.690572351920828     
   11150.541216216217        22.696900396118185     
   11150.586005005005        22.703289283043190     
   11150.630793793795        22.709730887247844     
   11150.675582582582        22.716217083283095     
   11150.720371371372        22.722739745700938     
   11150.765160160161        22.729290749052581     
   11150.809948948949        22.735863295276861     
   11150.854737737738        22.742457944886397     
   11150.899526526528        22.749077793897328     
   11150.944315315315        22.755725940686133     
   11150.989104104105        22.762405555583697     
   11151.033892892894        22.769123411043722     
   11151.078681681682        22.775891486387891     
   11151.123470470471        22.782722167562827     
   11151.168259259259        22.789627840514022     
   11151.213048048048        22.796620891188091     
   11151.257836836838        22.803713705530818     
   11151.302625625625        22.810918669487972     
   11151.347414414415        22.818248169006182     
   11151.392203203204        22.825713429198270     
   11151.436991991992        22.833316019083576     
   11151.481780780781        22.841052719314938     
   11151.526569569571        22.848920276131949     
   11151.571358358358        22.856915435774173     
   11151.616147147148        22.865034944482165     
   11151.660935935937        22.873275548495496     
   11151.705724724725        22.881633994053722     
   11151.750513513514        22.890107027397423     
   11151.795302302302        22.898691394765805     
   11151.840091091091        22.907383842399465     
   11151.884879879881        22.916181116537956     
   11151.929668668668        22.925079963420806     
   11151.974457457458        22.934077129288642     
   11152.019246246247        22.943169360381003     
   11152.064035035035        22.952353402937405     
   11152.108823823824        22.961625885422780     
   11152.153612612614        22.970948092137821     
   11152.198401401401        22.980196616868213     
   11152.243190190191        22.989235632031484     
   11152.287978978979        22.997929310043705     
   11152.332767767768        23.006181690687470     
   11152.377556556557        23.014228934521519     
   11152.422345345345        23.022270135301248     
   11152.467134134135        23.030308108573706     
   11152.511922922924        23.038338086343053     
   11152.556711711712        23.046355300613470     
   11152.601500500501        23.054354983390105     
   11152.646289289291        23.062332366677126     
   11152.691078078078        23.070282682478705     
   11152.735866866868        23.078201162799978     
   11152.780655655655        23.086083039644812     
   11152.825444444445        23.093924114992284     
   11152.870233233234        23.101733231688353     
   11152.915022022022        23.109532235486334     
   11152.959810810811        23.117343534522263     
   11153.004599599601        23.125189536931256     
   11153.049388388388        23.133092650848411     
   11153.094177177178        23.141075284409794     
   11153.138965965967        23.149159845750511     
   11153.183754754755        23.157368743005648     
   11153.228543543544        23.165724384311286     
   11153.273332332332        23.174249177802178     
   11153.318121121121        23.182964861879867     
   11153.362909909911        23.191854200839810     
   11153.407698698698        23.200840234762143     
   11153.452487487488        23.209840945470354     
   11153.497276276277        23.218774314786835     
   11153.542065065065        23.227558324533987     
   11153.586853853854        23.236110956535288     
   11153.631642642644        23.244350192613130     
   11153.676431431431        23.252194014589961     
   11153.721220220221        23.259560404289179     
   11153.766009009010        23.266390815935402     
   11153.810797797798        23.272739855140316     
   11153.855586586587        23.278696179598242     
   11153.900375375375        23.284348453803318     
   11153.945164164164        23.289785342250624     
   11153.989952952954        23.295095509434567     
   11154.034741741742        23.300367619849553     
   11154.079530530531        23.305690337990637     
   11154.124319319320        23.311152129245894     
   11154.169108108108        23.316803286400070     
   11154.213896896897        23.322610836553761     
   11154.258685685687        23.328530829479604     
   11154.303474474475        23.334519314950228     
   11154.348263263264        23.340532342738985     
   11154.393052052052        23.346525962618262     
   11154.437840840841        23.352456224361418     
   11154.482629629631        23.358279177741071     
   11154.527418418418        23.363950872529866     
   11154.572207207208        23.369427358501138     
   11154.616995995997        23.374669665052920     
   11154.661784784785        23.379666338298616     
   11154.706573573574        23.384415376626563     
   11154.751362362364        23.388914786993151     
   11154.796151151151        23.393162576354786     
   11154.840939939941        23.397156751668408     
   11154.885728728728        23.400895319890289     
   11154.930517517518        23.404376287977311     
   11154.975306306307        23.407597662885909     
   11155.020095095095        23.410557451572558     
   11155.064883883884        23.413253660994091     
   11155.109672672674        23.415684298106967     
   11155.154461461461        23.417847369867694     
   11155.199250250251        23.419740883233032     
   11155.244039039040        23.421362845159486     
   11155.288827827828        23.422711262603592     
   11155.333616616617        23.423784142522042     
   11155.378405405407        23.424579491871370     
   11155.423194194194        23.425095317608150     
   11155.467982982984        23.425329626689010     
   11155.512771771771        23.425280426070522     
   11155.557560560561        23.424945722709275     
   11155.602349349350        23.424323523561846     
   11155.647138138138        23.423411835584876     
   11155.691926926927        23.422208665734871     
   11155.736715715717        23.420712020968455     
   11155.781504504504        23.418919908242295     
   11155.826293293294        23.416830334512834     
   11155.871082082083        23.414441306736734     
   11155.915870870871        23.411750831870688     
   11155.960659659660        23.408756916871074     
   11156.005448448448        23.405457568694722     
   11156.050237237238        23.401850794297957     
   11156.095026026027        23.397934600637488     
   11156.139814814815        23.393706994670087     
   11156.184603603604        23.389165983352001     
   11156.229392392393        23.384309573639975     
   11156.274181181181        23.379135772490827     
   11156.318969969971        23.373642586860722     
   11156.363758758760        23.367828023706448     
   11156.408547547548        23.361690089984851     
   11156.453336336337        23.355226792652026     
   11156.498125125125        23.348436227900113     
   11156.542913913914        23.341330370764346     
   11156.587702702704        23.333949991575381     
   11156.632491491491        23.326339441278620     
   11156.677280280281        23.318543070818535     
   11156.722069069070        23.310605231140503     
   11156.766857857858        23.302570273189950     
   11156.811646646647        23.294482547911308     
   11156.856435435437        23.286386406249989     
   11156.901224224224        23.278326199151394     
   11156.946013013014        23.270346277559966     
   11156.990801801803        23.262490992421121     
   11157.035590590591        23.254804694680246     
   11157.080379379380        23.247331735281804     
   11157.125168168168        23.240116465171486     
   11157.169956956957        23.233203235293793     
   11157.214745745747        23.226636396594110     
   11157.259534534534        23.220460300017759     
   11157.304323323324        23.214671075587979     
   11157.349112112113        23.209021379453972     
   11157.393900900901        23.203187200023965     
   11157.438689689690        23.196852137951133     
   11157.483478478480        23.189889227532316     
   11157.528267267267        23.182368874383720     
   11157.573056056057        23.174370713180473     
   11157.617844844845        23.165974378598932     
   11157.662633633634        23.157259505314151     
   11157.707422422423        23.148305728002185     
   11157.752211211211        23.139192681339139     
   11157.797000000000        23.129999999999999     
