   10833.520000000000        25.730000000000000     
   10833.567399399401        25.729707097802773     
   10833.614798798799        25.729425930083988     
   10833.662198198199        25.729168231322046     
   10833.709597597597        25.728945735995403     
   10833.756996996997        25.728770178582465     
   10833.804396396397        25.728653293561671     
   10833.851795795796        25.728606815411453     
   10833.899195195196        25.728642478610240     
   10833.946594594596        25.728772017636459     
   10833.993993993994        25.729007166968529     
   10834.041393393394        25.729359661084899     
   10834.088792792792        25.729841234463969     
   10834.136192192193        25.730462733495777     
   10834.183591591593        25.731226489583001     
   10834.230990990991        25.732130093066583     
   10834.278390390391        25.733171083106644     
   10834.325789789791        25.734346998863188     
   10834.373189189189        25.735655379496212     
   10834.420588588589        25.737093764165849     
   10834.467987987988        25.738659692032037     
   10834.515387387388        25.740350702254936     
   10834.562786786788        25.742164333994531     
   10834.610186186186        25.744098126410790     
   10834.657585585586        25.746149618663900     
   10834.704984984985        25.748316349913747     
   10834.752384384385        25.750595859320541     
   10834.799783783785        25.752985686044237     
   10834.847183183183        25.755483369244786     
   10834.894582582583        25.758086448082420     
   10834.941981981983        25.760792461717092     
   10834.989381381381        25.763598949308726     
   10835.036780780782        25.766503450017581     
   10835.084180180180        25.769503503003484     
   10835.131579579580        25.772596647426695     
   10835.178978978980        25.775780422447156     
   10835.226378378378        25.779052367224772     
   10835.273777777778        25.782410020919844     
   10835.321177177178        25.785850922692283     
   10835.368576576577        25.789372611701999     
   10835.415975975977        25.792972627109300     
   10835.463375375375        25.796648508073961     
   10835.510774774775        25.800397793756296     
   10835.558174174175        25.804218023316214     
   10835.605573573574        25.808106735913604     
   10835.652972972974        25.812061470708805     
   10835.700372372372        25.816079766861563     
   10835.747771771772        25.820159163532217     
   10835.795171171172        25.824297199880668     
   10835.842570570570        25.828491415066789     
   10835.889969969970        25.832739348250939     
   10835.937369369371        25.837038538593017     
   10835.984768768769        25.841386525252879     
   10836.032168168169        25.845780847390916     
   10836.079567567567        25.850219044166828     
   10836.126966966967        25.854698654740986     
   10836.174366366367        25.859217218273280     
   10836.221765765766        25.863772273923566     
   10836.269165165166        25.868361360852241     
   10836.316564564564        25.872982018218991     
   10836.363963963964        25.877631785184217     
   10836.411363363364        25.882308612472350     
   10836.458762762762        25.887020239814404     
   10836.506162162163        25.891784378840704     
   10836.553561561563        25.896619189327964     
   10836.600960960961        25.901542831052897     
   10836.648360360361        25.906573463792764     
   10836.695759759759        25.911729018770256     
   10836.743159159159        25.917013630203126     
   10836.790558558559        25.922409998638472     
   10836.837957957958        25.927898975208752     
   10836.885357357358        25.933461411047070     
   10836.932756756758        25.939078157285877     
   10836.980156156156        25.944730065057644     
   10837.027555555556        25.950397985495471     
   10837.074954954955        25.956062769731599     
   10837.122354354355        25.961705182212189     
   10837.169753753755        25.967299431846872     
   10837.217153153153        25.972808700184562     
   10837.264552552553        25.978195111173999     
   10837.311951951951        25.983420788763127     
   10837.359351351352        25.988447856900670     
   10837.406750750752        25.993238439534764     
   10837.454150150150        25.997754660613580     
   10837.501549549550        26.001962783002188     
   10837.548948948950        26.005936056466560     
   10837.596348348348        26.009861710132746     
   10837.643747747748        26.013903221228386     
   10837.691147147147        26.018093982163268     
   10837.738546546547        26.022431285561826     
   10837.785945945947        26.026912422669568     
   10837.833345345345        26.031534684731984     
   10837.880744744745        26.036295362995105     
   10837.928144144145        26.041191748704424     
   10837.975543543544        26.046221133105430     
   10838.022942942944        26.051380807444172     
   10838.070342342342        26.056668062965926     
   10838.117741741742        26.062080190916777     
   10838.165141141142        26.067614482542197     
   10838.212540540540        26.073268229087635     
   10838.259939939941        26.079038721799201     
   10838.307339339339        26.084923251922127     
   10838.354738738739        26.090919110702533     
   10838.402138138139        26.097023589385870     
   10838.449537537537        26.103233979217570     
   10838.496936936937        26.109547571443791     
   10838.544336336337        26.115961657309960     
   10838.591735735736        26.122473528061498     
   10838.639135135136        26.129080474944583     
   10838.686534534534        26.135779789204381     
   10838.733933933934        26.142568762087073     
   10838.781333333334        26.149444684838084     
   10838.828732732733        26.156404848702810     
   10838.876132132133        26.163445050940915     
   10838.923531531533        26.170524715125644     
   10838.970930930931        26.177565736962407     
   10839.018330330331        26.184488287263807     
   10839.065729729729        26.191212536841377     
   10839.113129129129        26.197658656507706     
   10839.160528528530        26.203746817074581     
   10839.207927927928        26.209397189353851     
   10839.255327327328        26.214529944158016     
   10839.302726726726        26.219065252298751     
   10839.350126126126        26.222923284588457     
   10839.397525525526        26.226024211839015     
   10839.444924924925        26.228288204862409     
   10839.492324324325        26.229635434470875     
   10839.539723723725        26.230067701002742     
   10839.587123123123        26.234602554464626     
   10839.634522522523        26.243833316596167     
   10839.681921921921        26.254412704373067     
   10839.729321321322        26.264454031517712     
   10839.776720720722        26.273869451328316     
   10839.824120120120        26.282681914219438     
   10839.871519519520        26.290914370606622     
   10839.918918918920        26.298589770904407     
   10839.966318318318        26.305731065527397     
   10840.013717717718        26.312361204891022     
   10840.061117117117        26.318503139409646     
   10840.108516516517        26.324179819498621     
   10840.155915915917        26.329414195572575     
   10840.203315315315        26.334229218046211     
   10840.250714714715        26.338647837334769     
   10840.298114114114        26.342693003852794     
   10840.345513513514        26.346387668015474     
   10840.392912912914        26.349754780237511     
   10840.440312312312        26.352817290933686     
   10840.487711711712        26.355598150519103     
   10840.535111111112        26.358120309408520     
   10840.582510510510        26.360406718016723     
   10840.629909909911        26.362480326758771     
   10840.677309309309        26.364364086049378     
   10840.724708708709        26.366080946303569     
   10840.772108108109        26.367653857936141     
   10840.819507507507        26.369105771361916     
   10840.866906906907        26.370459636995893     
   10840.914306306307        26.371738405252877     
   10840.961705705706        26.372965026547707     
   10841.009105105106        26.374162451295359     
   10841.056504504504        26.375353629910602     
   10841.103903903904        26.376561512808415     
   10841.151303303304        26.377809050403631     
   10841.198702702703        26.379119193111070     
   10841.246102102103        26.380514655385173     
   10841.293501501501        26.382006436494166     
   10841.340900900901        26.383588657550206     
   10841.388300300301        26.385254127759769     
   10841.435699699699        26.386995656329319     
   10841.483099099099        26.388806052465522     
   10841.530498498500        26.390678125374841     
   10841.577897897898        26.392604684263734     
   10841.625297297298        26.394578538338877     
   10841.672696696696        26.396592496806651     
   10841.720096096096        26.398639368873738     
   10841.767495495496        26.400711963746602     
   10841.814894894895        26.402803090631679     
   10841.862294294295        26.404905558735670     
   10841.909693693693        26.407012177264939     
   10841.957093093093        26.409115755426182     
   10842.004492492493        26.411209102425850     
   10842.051891891892        26.413285027470394     
   10842.099291291292        26.415336339766505     
   10842.146690690692        26.417355848520629     
   10842.194090090090        26.419336362939223     
   10842.241489489490        26.421270692228973     
   10842.288888888888        26.423151645596256     
   10842.336288288288        26.424972032247751     
   10842.383687687689        26.426724661389919     
   10842.431087087087        26.428402342229219     
   10842.478486486487        26.429997883972320     
   10842.525885885887        26.431504095825677     
   10842.573285285285        26.432913786995776     
   10842.620684684685        26.434219766689257     
   10842.668084084084        26.435414844112543     
   10842.715483483484        26.436491828472260     
   10842.762882882884        26.437443528974896     
   10842.810282282282        26.438262754826940     
   10842.857681681682        26.438942315235003     
   10842.905081081080        26.439475019405553     
   10842.952480480481        26.439853676545162     
   10842.999879879881        26.440071801490546     
   10843.047279279279        26.440147437978133     
   10843.094678678679        26.440128909380192     
   10843.142078078079        26.440066410864645     
   10843.189477477477        26.440010137599412     
   10843.236876876877        26.440008902144577     
   10843.284276276276        26.440076966816079     
   10843.331675675676        26.440192442958384     
   10843.379075075076        26.440331738956750     
   10843.426474474474        26.440471263196457     
   10843.473873873874        26.440587424062791     
   10843.521273273274        26.440656629941031     
   10843.568672672673        26.440655289216451     
   10843.616072072073        26.440559810274333     
   10843.663471471471        26.440346601499961     
   10843.710870870871        26.439992071308257     
   10843.758270270271        26.439477677299170     
   10843.805669669669        26.438803991129078     
   10843.853069069070        26.437976106659306     
   10843.900468468468        26.436999117751292     
   10843.947867867868        26.435878118266352     
   10843.995267267268        26.434618202065899     
   10844.042666666666        26.433224463011360     
   10844.090066066066        26.431701994964023     
   10844.137465465466        26.430055891785319     
   10844.184864864865        26.428291247336691     
   10844.232264264265        26.426413155479388     
   10844.279663663663        26.424426710074940     
   10844.327063063063        26.422337004984570     
   10844.374462462463        26.420149134069732     
   10844.421861861862        26.417868191191904     
   10844.469261261262        26.415499270212283     
   10844.516660660662        26.413047464992342     
   10844.564060060060        26.410517869393558     
   10844.611459459460        26.407915577277119     
   10844.658858858858        26.405245682504610     
   10844.706258258258        26.402513278937199     
   10844.753657657659        26.399723457411643     
   10844.801057057057        26.396877097850318     
   10844.848456456457        26.393962504266053     
   10844.895855855855        26.390965643233258     
   10844.943255255255        26.387872481325900     
   10844.990654654655        26.384668985118275     
   10845.038054054054        26.381341121184711     
   10845.085453453454        26.377874856099147     
   10845.132852852854        26.374256156435884     
   10845.180252252252        26.370470988769277     
   10845.227651651652        26.366507354583039     
   10845.275051051050        26.362365002555585     
   10845.322450450451        26.358047887521302     
   10845.369849849851        26.353559969662449     
   10845.417249249249        26.348905209161295     
   10845.464648648649        26.344087566199594     
   10845.512048048049        26.339111000959605     
   10845.559447447447        26.333979473623632     
   10845.606846846847        26.328696944373377     
   10845.654246246246        26.323267373391349     
   10845.701645645646        26.317694720859215     
   10845.749045045046        26.311982946959290     
   10845.796444444444        26.306136011873896     
   10845.843843843844        26.300157875784674     
   10845.891243243243        26.294052498874187     
   10845.938642642643        26.287823841324062     
   10845.986042042043        26.281475863316629     
   10846.033441441441        26.275012525034231     
   10846.080840840841        26.268437786658474     
   10846.128240240241        26.261755608371704     
   10846.175639639639        26.254969950356276     
   10846.223039039040        26.248084772793760     
   10846.270438438438        26.241104035866794     
   10846.317837837838        26.234031699756933     
   10846.365237237238        26.226871724646543     
   10846.412636636636        26.219628070717995     
   10846.460036036036        26.212304698152835     
   10846.507435435436        26.204905567133444     
   10846.554834834835        26.197434637842193     
   10846.602234234235        26.189895870460610     
   10846.649633633633        26.182293225171378     
   10846.697033033033        26.174630662156002     
   10846.744432432433        26.166912141596878     
   10846.791831831832        26.159141623676394     
   10846.839231231232        26.151323068576058     
   10846.886630630630        26.143460436478563     
   10846.934030030030        26.135557687565402     
   10846.981429429430        26.127618782018978     
   10847.028828828828        26.119647680021693     
   10847.076228228229        26.111648341755025     
   10847.123627627629        26.103624727401389     
   10847.171027027027        26.095580816651633     
   10847.218426426427        26.087520949194214     
   10847.265825825825        26.079449781408702     
   10847.313225225225        26.071371980475476     
   10847.360624624625        26.063292213575874     
   10847.408024024024        26.055215147891207     
   10847.455423423424        26.047145450601878     
   10847.502822822822        26.039087788889518     
   10847.550222222222        26.031046829934517     
   10847.597621621622        26.023027240918207     
   10847.645021021021        26.015033689021898     
   10847.692420420421        26.007070841425996     
   10847.739819819821        25.999143365311824     
   10847.787219219219        25.991255927860692     
   10847.834618618619        25.983413196253011     
   10847.882018018017        25.975619837670401     
   10847.929417417417        25.967880519293264     
   10847.976816816818        25.960199908302926     
   10848.024216216216        25.952582671880691     
   10848.071615615616        25.945033477206984     
   10848.119015015016        25.937556991463111     
   10848.166414414414        25.930157881830372     
   10848.213813813814        25.922840815489213     
   10848.261213213213        25.915610459621206     
   10848.308612612613        25.908471481406814     
   10848.356012012013        25.901428548027322     
   10848.403411411411        25.894486326664016     
   10848.450810810811        25.887649484497373     
   10848.498210210209        25.880922688708935     
   10848.545609609610        25.874310606479192     
   10848.593009009010        25.867817904989430     
   10848.640408408408        25.861449251420886     
   10848.687807807808        25.855209312954102     
   10848.735207207208        25.849102756770332     
   10848.782606606606        25.843134250050817     
   10848.830006006006        25.837308459976114     
   10848.877405405405        25.831630053727679     
   10848.924804804805        25.826103698486094     
   10848.972204204205        25.820734061432589     
   10849.019603603603        25.815525809748380     
   10849.067003003003        25.810483610614078     
   10849.114402402403        25.805612131210900     
   10849.161801801802        25.800916038720036     
   10849.209201201202        25.796400000322141     
   10849.256600600600        25.792068683198572     
   10849.304000000000        25.787926877817654     
   10849.351399399400        25.783982127654390     
   10849.398798798798        25.780244684063156     
   10849.446198198199        25.776719509891883     
   10849.493597597597        25.773385089052894     
   10849.540996996997        25.770211806493112     
   10849.588396396397        25.767170045107104     
   10849.635795795795        25.764230187789391     
   10849.683195195195        25.761362617434170     
   10849.730594594595        25.758538544734460     
   10849.777993993994        25.755746632395969     
   10849.825393393394        25.752992156332311     
   10849.872792792792        25.750281052367527     
   10849.920192192192        25.747619256325219     
   10849.967591591592        25.745012704029318     
   10850.014990990991        25.742467331303740     
   10850.062390390391        25.739989073972108     
   10850.109789789791        25.737583867858341     
   10850.157189189189        25.735257648786352     
   10850.204588588589        25.733016352579774     
   10850.251987987987        25.730865915062608     
   10850.299387387387        25.728812272058505     
   10850.346786786788        25.726861359391364     
   10850.394186186186        25.725019112885086     
   10850.441585585586        25.723291468363339     
   10850.488984984984        25.721684361650077     
   10850.536384384384        25.720203728569000     
   10850.583783783784        25.718855504943996     
   10850.631183183183        25.717645626598916     
   10850.678582582583        25.716580029357502     
   10850.725981981983        25.715664649043614     
   10850.773381381381        25.714905421481099     
   10850.820780780781        25.714308282493725     
   10850.868180180179        25.713879167905354     
   10850.915579579580        25.713624013539768     
   10850.962978978980        25.713548755220813     
   10851.010378378378        25.713659328772302     
   10851.057777777778        25.713961670018058     
   10851.105177177178        25.714461714781912     
   10851.152576576576        25.715165398887638     
   10851.199975975976        25.716078658159120     
   10851.247375375375        25.717207428420107     
   10851.294774774775        25.718557645494499     
   10851.342174174175        25.720135245206087     
   10851.389573573573        25.721946163378615     
   10851.436972972973        25.723996335836034     
   10851.484372372372        25.726291698402015     
   10851.531771771772        25.728838186900553     
   10851.579171171172        25.731641737155378     
   10851.626570570570        25.734708284990198     
   10851.673969969970        25.738043766229058     
   10851.721369369370        25.741654116695674     
   10851.768768768768        25.745545272213707     
   10851.816168168169        25.749723168607279     
   10851.863567567567        25.754193741699886     
   10851.910966966967        25.758962927315693     
   10851.958366366367        25.764036661278350     
   10852.005765765765        25.769420879411474     
   10852.053165165165        25.775121517539290     
   10852.100564564564        25.781144511485184     
   10852.147963963964        25.787495797073436     
   10852.195363363364        25.794148379262026     
   10852.242762762762        25.800618798169527     
   10852.290162162162        25.806304614905486     
   10852.337561561562        25.811233506897544     
   10852.384960960961        25.815550888174801     
   10852.432360360361        25.819402172766836     
   10852.479759759759        25.822932774702590     
   10852.527159159159        25.826288108011592     
   10852.574558558559        25.829613586722949     
   10852.621957957957        25.833037304366034     
   10852.669357357358        25.836589331693943     
   10852.716756756758        25.840265294525953     
   10852.764156156156        25.844060780901543     
   10852.811555555556        25.847971378860635     
   10852.858954954954        25.851992676442556     
   10852.906354354354        25.856120261687238     
   10852.953753753754        25.860349722634169     
   10853.001153153153        25.864676647322803     
   10853.048552552553        25.869096623793105     
   10853.095951951951        25.873605240084359     
   10853.143351351351        25.878198084236544     
   10853.190750750751        25.882870744289121     
   10853.238150150150        25.887618808281523     
   10853.285549549550        25.892437864253758     
   10853.332948948950        25.897323500245260     
   10853.380348348348        25.902271304295475     
   10853.427747747748        25.907276864444412     
   10853.475147147146        25.912335768731317     
   10853.522546546546        25.917443605196201     
   10853.569945945947        25.922595961878503     
   10853.617345345345        25.927788426817656     
   10853.664744744745        25.933016588053679     
   10853.712144144145        25.938276033626011     
   10853.759543543543        25.943562351574069     
   10853.806942942943        25.948871129937892     
   10853.854342342342        25.954198951500246     
   10853.901741741742        25.959550045221906     
   10853.949141141142        25.964932185790580     
   10853.996540540540        25.970353167326060     
   10854.043939939940        25.975820783948727     
   10854.091339339338        25.981342829778161     
   10854.138738738739        25.986927098934764     
   10854.186138138139        25.992581385538323     
   10854.233537537537        25.998313483708586     
   10854.280936936937        26.004131187565989     
   10854.328336336337        26.010042291225776     
   10854.375735735735        26.016041675680277     
   10854.423135135135        26.022073657290228     
   10854.470534534534        26.028070177518266     
   10854.517933933934        26.033963177827964     
   10854.565333333334        26.039684599682168     
   10854.612732732732        26.045165188415094     
   10854.660132132132        26.050330033436019     
   10854.707531531532        26.055144540059015     
   10854.754930930931        26.059711996470853     
   10854.802330330331        26.064163948769195     
   10854.849729729729        26.068631943050992     
   10854.897129129129        26.073239376595552     
   10854.944528528529        26.078025207464950     
   10854.991927927927        26.082978435886677     
   10855.039327327328        26.088087410818655     
   10855.086726726726        26.093340481218014     
   10855.134126126126        26.098725996042710     
   10855.181525525526        26.104232304250068     
   10855.228924924924        26.109847754797414     
   10855.276324324324        26.115560696642710     
   10855.323723723724        26.121359478743283     
   10855.371123123123        26.127232450056439     
   10855.418522522523        26.133167959540163     
   10855.465921921921        26.139154356151543     
   10855.513321321321        26.145179988848568     
   10855.560720720721        26.151233206588543     
   10855.608120120120        26.157302358328785     
   10855.655519519520        26.163375793027281     
   10855.702918918920        26.169441859641339     
   10855.750318318318        26.175488907128262     
   10855.797717717718        26.181505284446057     
   10855.845117117116        26.187479340551796     
   10855.892516516516        26.193399424403466     
   10855.939915915917        26.199253884958384     
   10855.987315315315        26.205032390470549     
   10856.034714714715        26.210732393603625     
   10856.082114114113        26.216354192159606     
   10856.129513513513        26.221898088154393     
   10856.176912912913        26.227364383603227     
   10856.224312312312        26.232753380521377     
   10856.271711711712        26.238065380924709     
   10856.319111111112        26.243300686828487     
   10856.366510510510        26.248459600247976     
   10856.413909909910        26.253542423199036     
   10856.461309309308        26.258549457696738     
   10856.508708708709        26.263481005756937     
   10856.556108108109        26.268337369394903     
   10856.603507507507        26.273118850625924     
   10856.650906906907        26.277825751465816     
   10856.698306306307        26.282458373929867     
   10856.745705705705        26.287017020033367     
   10856.793105105105        26.291501991792131     
   10856.840504504504        26.295913591221279     
   10856.887903903904        26.300252120336612     
   10856.935303303304        26.304517881153430     
   10856.982702702702        26.308711175687030     
   10857.030102102102        26.312832305953201     
   10857.077501501501        26.316881573967095     
   10857.124900900901        26.320859281744482     
   10857.172300300301        26.324765731300673     
   10857.219699699699        26.328601224650981     
   10857.267099099099        26.332366063811172     
   10857.314498498499        26.336060550796560     
   10857.361897897898        26.339684987622469     
   10857.409297297298        26.343239676304641     
   10857.456696696696        26.346724918858271     
   10857.504096096096        26.350141017299091     
   10857.551495495496        26.353488273642427     
   10857.598894894894        26.356766989903619     
   10857.646294294294        26.359977468098386     
   10857.693693693693        26.363120010241943     
   10857.741093093093        26.366194918350001     
   10857.788492492493        26.369202494437893     
   10857.835891891891        26.372143040520982     
   10857.883291291291        26.375016858614952     
   10857.930690690691        26.377824250735156     
   10857.978090090090        26.380565518896951     
   10858.025489489490        26.383240965116016     
   10858.072888888888        26.385850891407607     
   10858.120288288288        26.388395599787387     
   10858.167687687688        26.390875392270729     
   10858.215087087086        26.393290570872992     
   10858.262486486487        26.395641437609836     
   10858.309885885887        26.397928294496623     
   10858.357285285285        26.400151443548744     
   10858.404684684685        26.402311186781827     
   10858.452084084083        26.404407826211170     
   10858.499483483483        26.406441663852402     
   10858.546882882883        26.408413001720902     
   10858.594282282282        26.410322141832069     
   10858.641681681682        26.412169386201505     
   10858.689081081080        26.413955036844534     
   10858.736480480480        26.415679395776763     
   10858.783879879880        26.417342765013586     
   10858.831279279279        26.418945446570397     
   10858.878678678679        26.420487742462800     
   10858.926078078079        26.421969954706185     
   10858.973477477477        26.423392385315967     
   10859.020876876877        26.424755336307719     
   10859.068276276275        26.426059109696801     
   10859.115675675675        26.427304007498773     
   10859.163075075076        26.428490331729055     
   10859.210474474474        26.429618384403060     
   10859.257873873874        26.430688467536349     
   10859.305273273274        26.431700883144341     
   10859.352672672672        26.432655933242462     
   10859.400072072072        26.433553919846247     
   10859.447471471471        26.434395144971099     
   10859.494870870871        26.435179910632534     
   10859.542270270271        26.435908518845999     
   10859.589669669669        26.436581271626920     
   10859.637069069069        26.437198470990818     
   10859.684468468467        26.437760418953115     
   10859.731867867868        26.438267417529314     
   10859.779267267268        26.438719768734856     
   10859.826666666666        26.439117774585192     
   10859.874066066066        26.439461737095819     
   10859.921465465466        26.439751958282180     
   10859.968864864864        26.439988740159734     
   10860.016264264264        26.440172384743967     
   10860.063663663663        26.440303194050326     
   10860.111063063063        26.440381470094287     
   10860.158462462463        26.440407514891305     
   10860.205861861861        26.440381630456852     
   10860.253261261261        26.440304118806385     
   10860.300660660661        26.440175281955369     
   10860.348060060060        26.439995421908165     
   10860.395459459460        26.439763779249667     
   10860.442858858858        26.439475624242768     
   10860.490258258258        26.439125298998462     
   10860.537657657658        26.438707145627781     
   10860.585057057056        26.438215506241747     
   10860.632456456457        26.437644722951344     
   10860.679855855855        26.436989137867627     
   10860.727255255255        26.436243093101560     
   10860.774654654655        26.435400930764178     
   10860.822054054053        26.434456992966538     
   10860.869453453453        26.433405621819574     
   10860.916852852853        26.432241159434341     
   10860.964252252252        26.430957947921904     
   10861.011651651652        26.429550329393173     
   10861.059051051050        26.428012645959278     
   10861.106450450450        26.426339239731107     
   10861.153849849850        26.424524452819732     
   10861.201249249249        26.422562627336244     
   10861.248648648649        26.420448105391511     
   10861.296048048049        26.418175229096619     
   10861.343447447447        26.415738340562672     
   10861.390846846847        26.413131781900503     
   10861.438246246245        26.410349895221323     
   10861.485645645645        26.407388464101981     
   10861.533045045046        26.404251596706448     
   10861.580444444444        26.400946382965131     
   10861.627843843844        26.397479916609516     
   10861.675243243242        26.393859291371594     
   10861.722642642642        26.390091600982828     
   10861.770042042042        26.386183939175087     
   10861.817441441441        26.382143399680260     
   10861.864840840841        26.377976976742325     
   10861.912240240241        26.373689169278506     
   10861.959639639639        26.369281860084499     
   10862.007039039039        26.364756808292213     
   10862.054438438438        26.360115773034252     
   10862.101837837838        26.355360513442523     
   10862.149237237238        26.350492788649451     
   10862.196636636636        26.345514357787490     
   10862.244036036036        26.340426979988518     
   10862.291435435436        26.335232414384976     
   10862.338834834834        26.329932420109323     
   10862.386234234235        26.324528756293418     
   10862.433633633633        26.319023182069927     
   10862.481033033033        26.313417456570679     
   10862.528432432433        26.307713338928153     
   10862.575831831831        26.301912588274817     
   10862.623231231231        26.296016963742495     
   10862.670630630630        26.290028224463885     
   10862.718030030030        26.283948129570788     
   10862.765429429430        26.277778438195693     
   10862.812828828828        26.271520909471096     
   10862.860228228228        26.265177302528773     
   10862.907627627628        26.258749376501214     
   10862.955027027027        26.252238890520939     
   10863.002426426427        26.245647603719696     
   10863.049825825825        26.238977275230248     
   10863.097225225225        26.232229664184345     
   10863.144624624625        26.225406529714494     
   10863.192024024023        26.218509630953218     
   10863.239423423423        26.211540727032244     
   10863.286822822822        26.204501577084365     
   10863.334222222222        26.197393940241298     
   10863.381621621622        26.190219575635570     
   10863.429021021020        26.182980242399712     
   10863.476420420420        26.175677699665432     
   10863.523819819820        26.168313699360951     
   10863.571219219219        26.160888899875228     
   10863.618618618619        26.153401704587825     
   10863.666018018017        26.145850238493178     
   10863.713417417417        26.138232626584578     
   10863.760816816817        26.130546993856168     
   10863.808216216215        26.122791465302111     
   10863.855615615616        26.114964165915673     
   10863.903015015016        26.107063220691021     
   10863.950414414414        26.099086754622316     
   10863.997813813814        26.091032892702817     
   10864.045213213212        26.082899759926995     
   10864.092612612612        26.074686217305626     
   10864.140012012012        26.066400362456733     
   10864.187411411411        26.058056591946308     
   10864.234810810811        26.049669423703339     
   10864.282210210209        26.041253375658076     
   10864.329609609609        26.032822965739498     
   10864.377009009009        26.024392711877546     
   10864.424408408408        26.015977132002156     
   10864.471807807808        26.007590744042304     
   10864.519207207208        25.999248065927929     
   10864.566606606606        25.990963615588974     
   10864.614006006006        25.982751910954409     
   10864.661405405404        25.974626915072012     
   10864.708804804804        25.966596043621440     
   10864.756204204205        25.958662441724147     
   10864.803603603603        25.950829181209240     
   10864.851003003003        25.943099333904932     
   10864.898402402403        25.935475971640322     
   10864.945801801801        25.927962166244512     
   10864.993201201201        25.920560989545724     
   10865.040600600600        25.913275513373339     
   10865.088000000000        25.906108809555597     
   10865.135399399400        25.899063949921594     
   10865.182798798798        25.892144006300391     
   10865.230198198198        25.885352050520272     
   10865.277597597596        25.878691154410557     
   10865.324996996997        25.872164389799547     
   10865.372396396397        25.865774828516304     
   10865.419795795795        25.859525542389875     
   10865.467195195195        25.853419603248582     
   10865.514594594595        25.847460082921479     
   10865.561993993993        25.841650053237586     
   10865.609393393393        25.835992586025270     
   10865.656792792792        25.830490753113772     
   10865.704192192192        25.825147626331468     
   10865.751591591592        25.819966277507383     
   10865.798990990990        25.814949778470517     
   10865.846390390390        25.810101201049292     
   10865.893789789790        25.805423617072702     
   10865.941189189189        25.800920098369726     
   10865.988588588589        25.796593716768829     
   10866.035987987987        25.792447544099147     
   10866.083387387387        25.788484535843377     
   10866.130786786787        25.784702784347346     
   10866.178186186185        25.781093860397831     
   10866.225585585586        25.777648952201641     
   10866.272984984984        25.774360051004045     
   10866.320384384384        25.771219638057069     
   10866.367783783784        25.768220201606130     
   10866.415183183182        25.765354229896644     
   10866.462582582582        25.762614211173691     
   10866.509981981982        25.759992633682671     
   10866.557381381381        25.757481985668985     
   10866.604780780781        25.755074755377738     
   10866.652180180179        25.752763431054412     
   10866.699579579579        25.750540500944126     
   10866.746978978979        25.748398453292271     
   10866.794378378378        25.746329776344226     
   10866.841777777778        25.744326958345127     
   10866.889177177178        25.742382487540354     
   10866.936576576576        25.740488852175282     
   10866.983975975976        25.738641856484467     
   10867.031375375374        25.736867361481377     
   10867.078774774775        25.735207225980368     
   10867.126174174175        25.733703457398970     
   10867.173573573573        25.732398063154697     
   10867.220972972973        25.731333050664901     
   10867.268372372371        25.730550427347122     
   10867.315771771771        25.730092200618763     
   10867.363171171171        25.730000377896598     
   10867.410570570570        25.730301497184186     
   10867.457969969970        25.730960885570937     
   10867.505369369370        25.731928732310148     
   10867.552768768768        25.733155226655086     
   10867.600168168168        25.734590557859125     
   10867.647567567567        25.736184915175478     
   10867.694966966967        25.737888487857575     
   10867.742366366367        25.739651465158644     
   10867.789765765765        25.741424036331942     
   10867.837165165165        25.743156390630894     
   10867.884564564563        25.744798717308676     
   10867.931963963963        25.746301205618728     
   10867.979363363364        25.747614044814281     
   10868.026762762762        25.748687424148599     
   10868.074162162162        25.749471532875081     
   10868.121561561562        25.749916560246970     
   10868.168960960960        25.750026917832955     
   10868.216360360360        25.750959156106461     
   10868.263759759759        25.752844583309724     
   10868.311159159159        25.755190066927288     
   10868.358558558559        25.757502474443463     
   10868.405957957957        25.759288673342564     
   10868.453357357357        25.760059515101183     
   10868.500756756757        25.760000743532839     
   10868.548156156156        25.760384768897570     
   10868.595555555556        25.761437404998933     
   10868.642954954954        25.763109607274249     
   10868.690354354354        25.765352331161068     
   10868.737753753754        25.768116532096730     
   10868.785153153152        25.771353165518519     
   10868.832552552552        25.775013186864093     
   10868.879951951951        25.779047551570571     
   10868.927351351351        25.783407215075680     
   10868.974750750751        25.788043132816679     
   10869.022150150149        25.792906260230779     
   10869.069549549549        25.797947552755765     
   10869.116948948949        25.803117965828861     
   10869.164348348348        25.808368454887269     
   10869.211747747748        25.813648048128954     
   10869.259147147146        25.818885230289851     
   10869.306546546546        25.823996065430656     
   10869.353945945946        25.828896445007324     
   10869.401345345344        25.833512524062385     
   10869.448744744745        25.837854955814286     
   10869.496144144145        25.841975934107886     
   10869.543543543543        25.845927941535091     
   10869.590942942943        25.849763460688266     
   10869.638342342341        25.853534974159160     
   10869.685741741741        25.857294964540131     
   10869.733141141141        25.861095914423071     
   10869.780540540540        25.864990306399903     
   10869.827939939940        25.869030623062972     
   10869.875339339338        25.873277413862901     
   10869.922738738738        25.877857668876945     
   10869.970138138138        25.882931052879002     
   10870.017537537537        25.888657458071872     
   10870.064936936937        25.895196776659056     
   10870.112336336337        25.902699676820333     
   10870.159735735735        25.910806145349046     
   10870.207135135135        25.918655937101356     
   10870.254534534533        25.926122189683760     
   10870.301933933933        25.933225396148366     
   10870.349333333334        25.939986049546413     
   10870.396732732732        25.946424642929202     
   10870.444132132132        25.952561669348754     
   10870.491531531532        25.958417621856352     
   10870.538930930930        25.964012993503321     
   10870.586330330330        25.969368277341630     
   10870.633729729729        25.974503966422393     
   10870.681129129129        25.979440553797541     
   10870.728528528529        25.984198532518409     
   10870.775927927927        25.988798395636358     
   10870.823327327327        25.993260636203271     
   10870.870726726725        25.997605747270349     
   10870.918126126126        26.001854221889445     
   10870.965525525526        26.006026553111930     
   10871.012924924924        26.010143233989190     
   10871.060324324324        26.014224757573068     
   10871.107723723724        26.018291616914940     
   10871.155123123122        26.022364305066183     
   10871.202522522522        26.026463315078647     
   10871.249921921921        26.030609138151689     
   10871.297321321321        26.034821377857519     
   10871.344720720721        26.039117329773969     
   10871.392120120119        26.043513919165413     
   10871.439519519519        26.048028071296720     
   10871.486918918919        26.052676711432277     
   10871.534318318318        26.057476764836430     
   10871.581717717718        26.062445156774093     
   10871.629117117116        26.067598812509424     
   10871.676516516516        26.072954657307370     
   10871.723915915916        26.078529616432267     
   10871.771315315314        26.084340615148434     
   10871.818714714715        26.090404578720861     
   10871.866114114113        26.096738432413623     
   10871.913513513513        26.103359101491744     
   10871.960912912913        26.110283511219539     
   10872.008312312311        26.117528586861258     
   10872.055711711711        26.125091078290037     
   10872.103111111112        26.132735198270190     
   10872.150510510510        26.140076080826759     
   10872.197909909910        26.146805885854569     
   10872.245309309308        26.152924541512849     
   10872.292708708708        26.158506471510236     
   10872.340108108108        26.163626099554651     
   10872.387507507507        26.168357849354081     
   10872.434906906907        26.172776144617060     
   10872.482306306307        26.176955409051565     
   10872.529705705705        26.180970066365610     
   10872.577105105105        26.184894540267681     
   10872.624504504503        26.188803254465626     
   10872.671903903904        26.192770632667912     
   10872.719303303304        26.196871098582559     
   10872.766702702702        26.201178750141942     
   10872.814102102102        26.205734482019437     
   10872.861501501500        26.210517802116190     
   10872.908900900900        26.215501579457730     
   10872.956300300300        26.220658683069047     
   10873.003699699699        26.225961981975111     
   10873.051099099099        26.231384345201498     
   10873.098498498499        26.236898641773177     
   10873.145897897897        26.242477740715110     
   10873.193297297297        26.248094511052887     
   10873.240696696696        26.253721821811261     
   10873.288096096096        26.259332542015834     
   10873.335495495496        26.264899540691548     
   10873.382894894894        26.270395686863381     
   10873.430294294294        26.275793849556916     
   10873.477693693692        26.281066941059859     
   10873.525093093092        26.286196539523214     
   10873.572492492493        26.291183315061485     
   10873.619891891891        26.296030483853858     
   10873.667291291291        26.300741262080066     
   10873.714690690691        26.305318865919279     
   10873.762090090089        26.309766511550691     
   10873.809489489489        26.314087415153999     
   10873.856888888888        26.318284792908241     
   10873.904288288288        26.322361860993094     
   10873.951687687688        26.326321835587756     
   10873.999087087086        26.330167932871440     
   10874.046486486486        26.333903369023801     
   10874.093885885886        26.337531360224062     
   10874.141285285285        26.341055122651440     
   10874.188684684685        26.344477872485566     
   10874.236084084083        26.347802825905539     
   10874.283483483483        26.351033199090978     
   10874.330882882883        26.354172208221108     
   10874.378282282281        26.357223069475179     
   10874.425681681681        26.360188999032786     
   10874.473081081080        26.363073213073061     
   10874.520480480480        26.365878927775590     
   10874.567879879880        26.368609359319613     
   10874.615279279278        26.371267723884397     
   10874.662678678678        26.373857237649503     
   10874.710078078078        26.376381116794192     
   10874.757477477477        26.378842577497728     
   10874.804876876877        26.381244835939661     
   10874.852276276275        26.383591108299171     
   10874.899675675675        26.385884610755795     
   10874.947075075075        26.388128559488802     
   10874.994474474473        26.390326170677472     
   10875.041873873874        26.392480660501334     
   10875.089273273274        26.394595245139666     
   10875.136672672672        26.396673140771743     
   10875.184072072072        26.398717563577090     
   10875.231471471470        26.400731729734908     
   10875.278870870870        26.402718855424713     
   10875.326270270270        26.404682156825789     
   10875.373669669669        26.406624850117424     
   10875.421069069069        26.408550151479123     
   10875.468468468467        26.410461256833607     
   10875.515867867867        26.412358703556951     
   10875.563267267267        26.414237750177605     
   10875.610666666666        26.416093032273785     
   10875.658066066066        26.417919185423923     
   10875.705465465466        26.419710845206247     
   10875.752864864864        26.421462647198975     
   10875.800264264264        26.423169226980534     
   10875.847663663662        26.424825220129087     
   10875.895063063062        26.426425262223052     
   10875.942462462463        26.427963988840659     
   10875.989861861861        26.429436035560137     
   10876.037261261261        26.430836037959899     
   10876.084660660661        26.432158631618172     
   10876.132060060059        26.433398452113202     
   10876.179459459459        26.434550135023382     
   10876.226858858858        26.435608315926910     
   10876.274258258258        26.436567630402159     
   10876.321657657658        26.437422714027385     
   10876.369057057056        26.438168202380837     
   10876.416456456456        26.438798731040880     
   10876.463855855854        26.439308935585753     
   10876.511255255255        26.439693451593779     
   10876.558654654655        26.439946914643237     
   10876.606054054053        26.440066828110623     
   10876.653453453453        26.440082899694090     
   10876.700852852853        26.440045088057879     
   10876.748252252251        26.440003666517661     
   10876.795651651651        26.440001001859258     
   10876.843051051050        26.440027425780947     
   10876.890450450450        26.440052235731198     
   10876.937849849850        26.440044670175258     
   10876.985249249248        26.439974255140275     
   10877.032648648648        26.439842571501696     
   10877.080048048048        26.439712033490231     
   10877.127447447447        26.439651850258421     
   10877.174846846847        26.439731230958781     
   10877.222246246245        26.440019380760990     
   10877.269645645645        26.440542521032608     
   10877.317045045045        26.441177672704729     
   10877.364444444444        26.441769505796614     
   10877.411843843844        26.442162690327599     
   10877.459243243242        26.442201896316956     
   10877.506642642642        26.441731793783973     
   10877.554042042042        26.440597052747922     
   10877.601441441440        26.438660853613193     
   10877.648840840840        26.436021822213533     
   10877.696240240241        26.432940694574995     
   10877.743639639639        26.429681406653682     
   10877.791039039039        26.426507894405297     
   10877.838438438437        26.423684093786033     
   10877.885837837837        26.421473940751639     
   10877.933237237237        26.420141371258200     
   10877.980636636636        26.419849342259383     
   10878.028036036036        26.420000043872591     
   10878.075435435436        26.419810166334745     
   10878.122834834834        26.419138061242307     
   10878.170234234234        26.418002569683296     
   10878.217633633632        26.416422532745845     
   10878.265033033033        26.414416791517908     
   10878.312432432433        26.412004187087586     
   10878.359831831831        26.409203560543066     
   10878.407231231231        26.406033752972185     
   10878.454630630629        26.402513605463255     
   10878.502030030029        26.398661959104064     
   10878.549429429429        26.394497654982800     
   10878.596828828828        26.390039534187707     
   10878.644228228228        26.385306437806499     
   10878.691627627628        26.380317206927401     
   10878.739027027026        26.375090682638685     
   10878.786426426426        26.369645706028010     
   10878.833825825825        26.364001118183857     
   10878.881225225225        26.358175760193852     
   10878.928624624625        26.352188473146263     
   10878.976024024023        26.346058098129394     
   10879.023423423423        26.339803476230841     
   10879.070822822821        26.333443448539139     
   10879.118222222221        26.326996856141857     
   10879.165621621622        26.320482540127312     
   10879.213021021020        26.313919341583809     
   10879.260420420420        26.307326101598903     
   10879.307819819820        26.300721661260916     
   10879.355219219218        26.294124892748911     
   10879.402618618618        26.287554841247008     
   10879.450018018017        26.281030611766010     
   10879.497417417417        26.274571309373151     
   10879.544816816817        26.268196039136406     
   10879.592216216215        26.261923906123748     
   10879.639615615615        26.255774015402427     
   10879.687015015015        26.249765472040412     
   10879.734414414414        26.243917381105657     
   10879.781813813814        26.238247525887569     
   10879.829213213212        26.232681071594520     
   10879.876612612612        26.226991398268659     
   10879.924012012012        26.220937817885968     
   10879.971411411410        26.214321766154345     
   10880.018810810810        26.207208357961875     
   10880.066210210209        26.199764522530479     
   10880.113609609609        26.192157406887667     
   10880.161009009009        26.184554158061797     
   10880.208408408407        26.177121923081238     
   10880.255807807807        26.170027848973497     
   10880.303207207207        26.163384631410548     
   10880.350606606606        26.157084495000881     
   10880.398006006006        26.150963872041316     
   10880.445405405404        26.144859194825941     
   10880.492804804804        26.138606895647904     
   10880.540204204204        26.132043406801046     
   10880.587603603602        26.125005160579263     
   10880.635003003003        26.117328589275633     
   10880.682402402403        26.108850125184023     
   10880.729801801801        26.099406200598430     
   10880.777201201201        26.088833247811742     
   10880.824600600599        26.077016205944986     
   10880.871999999999        26.070000000000000     
