   8477.0370000000003        26.699999999999999     
   8477.0598278278285        26.684004090661993     
   8477.0826556556567        26.672661265038990     
   8477.1054834834831        26.669947772600437     
   8477.1283113113113        26.666856370812916     
   8477.1511391391396        26.659892806776277     
   8477.1739669669678        26.650308850695602     
   8477.1967947947942        26.639356272776872     
   8477.2196226226224        26.628285995198080     
   8477.2424504504506        26.618022237412632     
   8477.2652782782789        26.608669961274835     
   8477.2881061061071        26.600207772496603     
   8477.3109339339335        26.592614276790428     
   8477.3337617617617        26.585868079867019     
   8477.3565895895899        26.579947787438932     
   8477.3794174174182        26.574832005218081     
   8477.4022452452464        26.570499338916388     
   8477.4250730730728        26.566928394246027     
   8477.4479009009010        26.564097776918338     
   8477.4707287287292        26.561986092645565     
   8477.4935565565575        26.560571947139618     
   8477.5163843843839        26.559832742365895     
   8477.5392122122121        26.559668254940277     
   8477.5620400400403        26.559854729638367     
   8477.5848678678685        26.560163139872692     
   8477.6076956956967        26.560484913874721     
   8477.6305235235232        26.560825844558728     
   8477.6533513513514        26.561196245366101     
   8477.6761791791796        26.561606429738152     
   8477.6990070070078        26.562066711116199     
   8477.7218348348342        26.562587402941549     
   8477.7446626626624        26.563178818655608     
   8477.7674904904907        26.563851271699672     
   8477.7903183183189        26.564615075515071     
   8477.8131461461471        26.565480543543142     
   8477.8359739739735        26.566457989225132     
   8477.8588018018017        26.567557726002534     
   8477.8816296296300        26.568790067316598     
   8477.9044574574582        26.570165326608674     
   8477.9272852852864        26.571693817320082     
   8477.9501131131128        26.573385852892009     
   8477.9729409409410        26.575251746766071     
   8477.9957687687693        26.577301812383467     
   8478.0185965965975        26.579546363185528     
   8478.0414244244239        26.581995712613384     
   8478.0642522522521        26.584660174108755     
   8478.0870800800803        26.587550061112800     
   8478.1099079079086        26.590675687066835     
   8478.1327357357368        26.594047365412205     
   8478.1555635635632        26.597675409589936     
   8478.1783913913914        26.601570133041943     
   8478.2012192192196        26.605741849209274     
   8478.2240470470479        26.610200871533277     
   8478.2468748748743        26.614957513454875     
   8478.2697027027025        26.620022088416171     
   8478.2925305305307        26.625404909858130     
   8478.3153583583589        26.631116226636994     
   8478.3381861861872        26.637150870924728     
   8478.3610140140136        26.643468390022971     
   8478.3838418418418        26.650023416199680     
   8478.4066696696700        26.656770581721325     
   8478.4294974974982        26.663664518854866     
   8478.4523253253265        26.670659859867250     
   8478.4751531531529        26.677711237024873     
   8478.4979809809811        26.684773282595827     
   8478.5208088088093        26.691800628846494     
   8478.5436366366375        26.698747908043838     
   8478.5664644644639        26.705569752454277     
   8478.5892922922922        26.712220794345853     
   8478.6121201201204        26.718655665984976     
   8478.6349479479486        26.724828999638603     
   8478.6577757757768        26.730695518531121     
   8478.6806036036032        26.736280963990652     
   8478.7034314314315        26.741807954657791     
   8478.7262592592597        26.747452491426383     
   8478.7490870870879        26.753262529123749     
   8478.7719149149143        26.759274693445619     
   8478.7947427427425        26.765525610089181     
   8478.8175705705708        26.772051904750192     
   8478.8403983983990        26.778890203124881     
   8478.8632262262272        26.786069294971110     
   8478.8860540540536        26.793567310283727     
   8478.9088818818818        26.801342230048828     
   8478.9317097097100        26.809351983740207     
   8478.9545375375383        26.817554500832252     
   8478.9773653653665        26.825907710799331     
   8479.0001931931929        26.834369543115155     
   8479.0230210210211        26.842897927255450     
   8479.0458488488493        26.851450792693932     
   8479.0686766766776        26.859986068904970     
   8479.0915045045040        26.868461685362288     
   8479.1143323323322        26.876835571541605     
   8479.1371601601604        26.885065656916630     
   8479.1599879879886        26.893109870961744     
   8479.1828158158169        26.900926143151324     
   8479.2056436436433        26.908472402959159     
   8479.2284714714715        26.915706579860839     
   8479.2512992992997        26.922586603330124     
   8479.2741271271279        26.929070402841404     
   8479.2969549549543        26.935115907868589     
   8479.3197827827826        26.940681047887026     
   8479.3426106106108        26.945723752370593     
   8479.3654384384390        26.950201950793680     
   8479.3882662662672        26.954073572630655     
   8479.4110940940936        26.957296547355675     
   8479.4339219219219        26.959828804443639     
   8479.4567497497501        26.961628273368632     
   8479.4795775775783        26.962652883605045     
   8479.5024054054065        26.962860564627256     
   8479.5252332332329        26.962209245909730     
   8479.5480610610612        26.960656856926747     
   8479.5708888888894        26.958332584646971     
   8479.5937167167176        26.957158376449975     
   8479.6165445445440        26.960125189199999     
   8479.6393723723722        26.970238226638578     
   8479.6622002002005        26.986538109337452     
   8479.6850280280287        27.000912499326983     
   8479.7078558558569        27.012822506692061     
   8479.7306836836833        27.022480578428031     
   8479.7535115115115        27.030099161532469     
   8479.7763393393398        27.035890703000575     
   8479.7991671671680        27.040067649828380     
   8479.8219949949944        27.042842449011758     
   8479.8448228228226        27.044427547547190     
   8479.8676506506508        27.045035392430442     
   8479.8904784784791        27.044878430657562     
   8479.9133063063073        27.044169109224587     
   8479.9361341341337        27.043119875127658     
   8479.9589619619619        27.041943175362643     
   8479.9817897897901        27.040851456925655     
   8480.0046176176184        27.040057166812733     
   8480.0274454454466        27.039744912053063     
   8480.0502732732730        27.039946699479174     
   8480.0731011011012        27.040642519576330     
   8480.0959289289294        27.041812318783077     
   8480.1187567567576        27.043436043537938     
   8480.1415845845841        27.045493640279272     
   8480.1644124124123        27.047965055445935     
   8480.1872402402405        27.050830235476322     
   8480.2100680680687        27.054069126808955     
   8480.2328958958969        27.057661675882372     
   8480.2557237237233        27.061587829134780     
   8480.2785515515516        27.065827533005333     
   8480.3013793793798        27.070360733932269     
   8480.3242072072080        27.075167378354120     
   8480.3470350350362        27.080227412709419     
   8480.3698628628626        27.085520783436266     
   8480.3926906906909        27.091027436974034     
   8480.4155185185191        27.096727319760852     
   8480.4383463463473        27.102600378235248     
   8480.4611741741737        27.108626558835269     
   8480.4840020020019        27.114785808000409     
   8480.5068298298302        27.121058072168729     
   8480.5296576576584        27.127423297778751     
   8480.5524854854866        27.133861431269018     
   8480.5753133133130        27.140352419077544     
   8480.5981411411412        27.146876207643892     
   8480.6209689689695        27.153412743406083     
   8480.6437967967977        27.159941972802642     
   8480.6666246246241        27.166447288566648     
   8480.6894524524523        27.172926241718482     
   8480.7122802802805        27.179380018635587     
   8480.7351081081088        27.185809805698426     
   8480.7579359359370        27.192216789287443     
   8480.7807637637634        27.198602155782595     
   8480.8035915915916        27.204967091565354     
   8480.8264194194198        27.211312783015661     
   8480.8492472472481        27.217640416513976     
   8480.8720750750763        27.223951178440753     
   8480.8949029029027        27.230246255175953     
   8480.9177307307309        27.236526833101028     
   8480.9405585585591        27.242794098595933     
   8480.9633863863874        27.249049238041135     
   8480.9862142142138        27.255293437816576     
   8481.0090420420420        27.261527884303710     
   8481.0318698698702        27.267753763882510     
   8481.0546976976984        27.273972262933416     
   8481.0775255255267        27.280184567836891     
   8481.1003533533531        27.286391864972895     
   8481.1231811811813        27.292595340722873     
   8481.1460090090095        27.298796181466784     
   8481.1688368368377        27.304995573585089     
   8481.1916646646641        27.311194703457751     
   8481.2144924924924        27.317394757466207     
   8481.2373203203206        27.323596921990422     
   8481.2601481481488        27.329802383410858     
   8481.2829759759770        27.336012328107962     
   8481.3058038038034        27.342227942461697     
   8481.3286316316317        27.348450412853513     
   8481.3514594594599        27.354680925663367     
   8481.3742872872881        27.360920667271717     
   8481.3971151151163        27.367170824059020     
   8481.4199429429427        27.373432582405233     
   8481.4427707707709        27.379707128691805     
   8481.4655985985992        27.385995649298696     
   8481.4884264264274        27.392299330606363     
   8481.5112542542538        27.398619358994758     
   8481.5340820820820        27.404956920845343     
   8481.5569099099102        27.411313202538071     
   8481.5797377377385        27.417689390453404     
   8481.6025655655667        27.424086670971789     
   8481.6253933933931        27.430506230473171     
   8481.6482212212213        27.436949255339034     
   8481.6710490490495        27.443416900281779     
   8481.6938768768778        27.449909678671169     
   8481.7167047047042        27.456427507443319     
   8481.7395325325324        27.462970280865218     
   8481.7623603603606        27.469537893202308     
   8481.7851881881888        27.476130238720543     
   8481.8080160160171        27.482747211685876     
   8481.8308438438435        27.489388706363727     
   8481.8536716716717        27.496054617021116     
   8481.8764994994999        27.502744837923466     
   8481.8993273273281        27.509459263336730     
   8481.9221551551564        27.516197787526860     
   8481.9449829829828        27.522959803664158     
   8481.9678108108110        27.529728918722508     
   8481.9906386386392        27.536470145580385     
   8482.0134664664674        27.543147429720293     
   8482.0362942942938        27.549724716624226     
   8482.0591221221221        27.556165951775753     
   8482.0819499499503        27.562435554618226     
   8482.1047777777785        27.568517264173419     
   8482.1276056056067        27.574420446278577     
   8482.1504334334331        27.580156233826514     
   8482.1732612612614        27.585735759711405     
   8482.1960890890896        27.591170156826038     
   8482.2189169169178        27.596470558063693     
   8482.2417447447442        27.601648096317206     
   8482.2645725725724        27.606713904480682     
   8482.2874004004007        27.611679115446947     
   8482.3102282282289        27.616554862109275     
   8482.3330560560571        27.621352277360931     
   8482.3558838838835        27.626082494094788     
   8482.3787117117117        27.630756625002292     
   8482.4015395395400        27.635378478351370     
   8482.4243673673682        27.639933748172147     
   8482.4471951951964        27.644405368660429     
   8482.4700230230228        27.648776274011674     
   8482.4928508508510        27.653029398422383     
   8482.5156786786793        27.657147676088009     
   8482.5385065065075        27.661114072889408     
   8482.5613343343339        27.664914331585408     
   8482.5841621621621        27.668539096489514     
   8482.6069899899903        27.671979512037268     
   8482.6298178178185        27.675226722664515     
   8482.6526456456468        27.678271872807105     
   8482.6754734734732        27.681106106900671     
   8482.6983013013014        27.683720569381514     
   8482.7211291291296        27.686106404685248     
   8482.7439569569578        27.688254757247723     
   8482.7667847847842        27.690156771504647     
   8482.7896126126125        27.691803591892167     
   8482.8124404404407        27.693186362845978     
   8482.8352682682689        27.694296228801925     
   8482.8580960960971        27.695124334195853     
   8482.8809239239235        27.695661823463588     
   8482.9037517517518        27.695899841041062     
   8482.9265795795800        27.695829531364069     
   8482.9494074074082        27.695442038868453     
   8482.9722352352364        27.694728507990067     
   8482.9950630630628        27.693680083164860     
   8483.0178908908911        27.692287908828511     
   8483.0407187187193        27.690543129416945     
   8483.0635465465475        27.688440550530473     
   8483.0863743743739        27.686009666181736     
   8483.1092022022021        27.683299102769769     
   8483.1320300300304        27.680357686976176     
   8483.1548578578586        27.677234245482360     
   8483.1776856856868        27.673977604969735     
   8483.2005135135132        27.670636592119987     
   8483.2233413413414        27.667260033613982     
   8483.2461691691697        27.663896756133397     
   8483.2689969969979        27.660595586359655     
   8483.2918248248243        27.657405350974404     
   8483.3146526526525        27.654374876658544     
   8483.3374804804807        27.651552990093755     
   8483.3603083083090        27.648970723886382     
   8483.3831361361372        27.645998062680505     
   8483.4059639639636        27.641163614588663     
   8483.4287917917918        27.633318047187998     
   8483.4516196196200        27.623896861690554     
   8483.4744474474483        27.615420796513789     
   8483.4972752752765        27.610414320994575     
   8483.5201031031029        27.609896551837672     
   8483.5429309309311        27.607008481477237     
   8483.5657587587593        27.600846684019203     
   8483.5885865865876        27.592301187187353     
   8483.6114144144140        27.582262018706317     
   8483.6342422422422        27.571619206298209     
   8483.6570700700704        27.561262777687578     
   8483.6798978978986        27.551939541997207     
   8483.7027257257269        27.543551280876098     
   8483.7255535535533        27.535690933039856     
   8483.7483813813815        27.527950979956653     
   8483.7712092092097        27.519923903157625     
   8483.7940370370379        27.511283751117130     
   8483.8168648648643        27.502021992771652     
   8483.8396926926926        27.492207299999784     
   8483.8625205205208        27.481908344682296     
   8483.8853483483490        27.471193798699254     
   8483.9081761761772        27.460132333930723     
   8483.9310040040036        27.448792622257670     
   8483.9538318318318        27.437243335558357     
   8483.9766596596601        27.425552477776591     
   8483.9994874874883        27.413758614097546     
   8484.0223153153165        27.401859927852520     
   8484.0451431431429        27.389851677047975     
   8484.0679709709711        27.377729119687494     
   8484.0907987987994        27.365487513777531     
   8484.1136266266276        27.353122117323586     
   8484.1364544544540        27.340628188332168     
   8484.1592822822822        27.328000984806778     
   8484.1821101101104        27.315235764753908     
   8484.2049379379387        27.302327786179070     
   8484.2277657657669        27.289272307087746     
   8484.2505935935933        27.276064585486509     
   8484.2734214214215        27.262699879378751     
   8484.2962492492497        27.249174925380853     
   8484.3190770770780        27.235497407983175     
   8484.3419049049044        27.221679926393648     
   8484.3647327327326        27.207735103168179     
   8484.3875605605608        27.193675560865966     
   8484.4103883883890        27.179513922045125     
   8484.4332162162173        27.165262809263744     
   8484.4560440440437        27.150934845081093     
   8484.4788718718719        27.136542652052981     
   8484.5016996997001        27.122098852738667     
   8484.5245275275283        27.107616069696235     
   8484.5473553553566        27.093106925483809     
   8484.5701831831830        27.078584042660651     
   8484.5930110110112        27.064060043782547     
   8484.6158388388394        27.049547551408764     
   8484.6386666666676        27.035059188097403     
   8484.6614944944940        27.020607576407727     
   8484.6843223223223        27.006205338895533     
   8484.7071501501505        26.991865098120080     
   8484.7299779779787        26.977599476639480     
   8484.7528058058069        26.963421097011835     
   8484.7756336336333        26.949342581796369     
   8484.7984614614616        26.935376553548942     
   8484.8212892892898        26.921535634828789     
   8484.8441171171180        26.907832448194018     
   8484.8669449449444        26.894279616203804     
   8484.8897727727726        26.880889761414096     
   8484.9126006006009        26.867675506384085     
   8484.9354284284291        26.854649473671881     
   8484.9582562562573        26.841824285835582     
   8484.9810840840837        26.829212565434297     
   8485.0039119119119        26.816826935024121     
   8485.0267397397402        26.804680017164173     
   8485.0495675675684        26.792784434412560     
   8485.0723953953966        26.781152809327384     
   8485.0952232232230        26.769797764467647     
   8485.1180510510512        26.758731922389650     
   8485.1408788788794        26.747967905652409     
   8485.1637067067077        26.737518336814031     
   8485.1865345345341        26.727395838433420     
   8485.2093623623623        26.717613033067064     
   8485.2321901901905        26.708182543273889     
   8485.2550180180187        26.699116991611998     
   8485.2778458458470        26.690429000639508     
   8485.3006736736734        26.682121751246058     
   8485.3235015015016        26.674154462185065     
   8485.3463293293298        26.666473566858880     
   8485.3691571571580        26.659025497243412     
   8485.3919849849844        26.651756685315156     
   8485.4148128128127        26.644613563048882     
   8485.4376406406409        26.637542562421086     
   8485.4604684684691        26.630490115407689     
   8485.4832962962973        26.623402653984606     
   8485.5061241241237        26.616226610128336     
   8485.5289519519520        26.608908415813659     
   8485.5517797797802        26.601394503017051     
   8485.5746076076084        26.593631303714442     
   8485.5974354354366        26.585605289294648     
   8485.6202632632630        26.578054638098287     
   8485.6430910910913        26.572277862645045     
   8485.6659189189195        26.569376634056123     
   8485.6887467467477        26.569274304930580     
   8485.7115745745741        26.570166872147773     
   8485.7344024024023        26.570675583412207     
   8485.7572302302306        26.570685042888158     
   8485.7800580580588        26.570250578645233     
   8485.8028858858870        26.569427518753074     
   8485.8257137137134        26.568271191281397     
   8485.8485415415416        26.566836924299650     
   8485.8713693693699        26.565180045877533     
   8485.8941971971981        26.563355884084668     
   8485.9170250250263        26.561419766990685     
   8485.9398528528527        26.559427022665368     
   8485.9626806806809        26.557432979178010     
   8485.9855085085092        26.555492964598411     
   8486.0083363363374        26.553662306996184     
   8486.0311641641638        26.551996334441082     
   8486.0539919919920        26.550550375002462     
   8486.0768198198202        26.549378107151892     
   8486.0996476476485        26.548504340705986     
   8486.1224754754767        26.547929305858414     
   8486.1453033033031        26.547652447973324     
   8486.1681311311313        26.547673212414811     
   8486.1909589589595        26.547991044547040     
   8486.2137867867878        26.548605389734149     
   8486.2366146146142        26.549515693340190     
   8486.2594424424424        26.550721400729444     
   8486.2822702702706        26.552221957265989     
   8486.3050980980988        26.554016808313953     
   8486.3279259259270        26.556105399237481     
   8486.3507537537535        26.558487175400501     
   8486.3735815815817        26.561161582167529     
   8486.3964094094099        26.564128064902533     
   8486.4192372372381        26.567386068969633     
   8486.4420650650663        26.570935039732973     
   8486.4648928928927        26.574774422556381     
   8486.4877207207210        26.578903662804585     
   8486.5105485485492        26.583322205841441     
   8486.5333763763774        26.588029497031080     
   8486.5562042042038        26.593024981737230     
   8486.5790320320320        26.598308105324818     
   8486.6018598598603        26.603878313157601     
   8486.6246876876885        26.609735050599713     
   8486.6475155155167        26.615877763015288     
   8486.6703433433431        26.622305895767937     
   8486.6931711711713        26.629018894222824     
   8486.7159989989996        26.636016203743583     
   8486.7388268268278        26.643297269694351     
   8486.7616546546542        26.650861537438644     
   8486.7844824824824        26.658708452341813     
   8486.8073103103106        26.666837459767393     
   8486.8301381381389        26.675248005079524     
   8486.8529659659671        26.683939533642345     
   8486.8757937937935        26.692911490819263     
   8486.8986216216217        26.702163321975842     
   8486.9214494494499        26.711694472475518     
   8486.9442772772782        26.721504387682423     
   8486.9671051051064        26.731592512960695     
   8486.9899329329328        26.741958293673633     
   8487.0127607607610        26.752601175187028     
   8487.0355885885892        26.763520602864197     
   8487.0584164164175        26.774716022069278     
   8487.0812442442439        26.786153218663738     
   8487.1040720720721        26.797206807902867     
   8487.1268998999003        26.807430645695817     
   8487.1497277277285        26.816866271167598     
   8487.1725555555568        26.825564110961245     
   8487.1953833833832        26.833574591719156     
   8487.2182112112114        26.840948140085640     
   8487.2410390390396        26.847735182703037     
   8487.2638668668678        26.853986146214389     
   8487.2866946946942        26.859751457262263     
   8487.3095225225225        26.865081542490593     
   8487.3323503503507        26.870026828541938     
   8487.3551781781789        26.874637742059310     
   8487.3780060060071        26.878964709685732     
   8487.4008338338335        26.883058158063911     
   8487.4236616616618        26.886968513837516     
   8487.4464894894900        26.890746203649229     
   8487.4693173173182        26.894441654142085     
   8487.4921451451464        26.898105291959098     
   8487.5149729729728        26.901787543742991     
   8487.5378008008011        26.905538836137378     
   8487.5606286286293        26.909409595784979     
   8487.5834564564575        26.913450249328825     
   8487.6062842842839        26.917711223411590     
   8487.6291121121121        26.922240806235280     
   8487.6519399399403        26.927034908421046     
   8487.6747677677686        26.932035224952944     
   8487.6975955955968        26.937180944624753     
   8487.7204234234232        26.942411256229821     
   8487.7432512512514        26.947665348562765     
   8487.7660790790796        26.952882410416940     
   8487.7889069069079        26.958001630586114     
   8487.8117347347343        26.962964881268466     
   8487.8345625625625        26.967753922571131     
   8487.8573903903907        26.972381086038144     
   8487.8802182182189        26.976859481896177     
   8487.9030460460472        26.981202220371905     
   8487.9258738738736        26.985422411691673     
   8487.9487017017018        26.989533166082822     
   8487.9715295295300        26.993547593771698     
   8487.9943573573582        26.997478804984972     
   8488.0171851851865        27.001339909949316     
   8488.0400130130129        27.005144018891112     
   8488.0628408408411        27.008904242037637     
   8488.0856686686693        27.012633689615260     
   8488.1084964964975        27.016345471850663     
   8488.1313243243239        27.020052698964022     
   8488.1541521521522        27.023766230015024     
   8488.1769799799804        27.027488295062117     
   8488.1998078078086        27.031219056939200     
   8488.2226356356368        27.034958678480166     
   8488.2454634634632        27.038707322518611     
   8488.2682912912915        27.042465151889022     
   8488.2911191191197        27.046232329425003     
   8488.3139469469479        27.050009017960441     
   8488.3367747747743        27.053795380328928     
   8488.3596026026025        27.057591579364967     
   8488.3824304304308        27.061397777902151     
   8488.4052582582590        27.065214138774365     
   8488.4280860860872        27.069040824815517     
   8488.4509139139136        27.072877998859184     
   8488.4737417417418        27.076725823739878     
   8488.4965695695701        27.080584462291181     
   8488.5193973973983        27.084454077346994     
   8488.5422252252265        27.088334831741207     
   8488.5650530530529        27.092228094605233     
   8488.5878808808811        27.096155465636940     
   8488.6107087087094        27.100155314673660     
   8488.6335365365376        27.104266518121918     
   8488.6563643643640        27.108527952387902     
   8488.6791921921922        27.112978493878821     
   8488.7020200200204        27.117657019000866     
   8488.7248478478487        27.122600522362976     
   8488.7476756756769        27.127806348875087     
   8488.7705035035033        27.133234112164644     
   8488.7933313313315        27.138841928042055     
   8488.8161591591597        27.144587912316400     
   8488.8389869869879        27.150430180797215     
   8488.8618148148144        27.156326849293556     
   8488.8846426426426        27.162236429339078     
   8488.9074704704708        27.168134955211286     
   8488.9302982982990        27.174022544940396     
   8488.9531261261272        27.179901066229554     
   8488.9759539539536        27.185772386781423     
   8488.9987817817819        27.191638374300084     
   8489.0216096096101        27.197500896488197     
   8489.0444374374383        27.203361821048905     
   8489.0672652652665        27.209223015685339     
   8489.0900930930929        27.215086348100179     
   8489.1129209209212        27.220953685997486     
   8489.1357487487494        27.226826897079938     
   8489.1585765765776        27.232707849050673     
   8489.1814044044040        27.238598409612358     
   8489.2042322322322        27.244500446469058     
   8489.2270600600605        27.250415827323454     
   8489.2498878878887        27.256346419878682     
   8489.2727157157169        27.262294091837873     
   8489.2955435435433        27.268260710903697     
   8489.3183713713715        27.274248144780234     
   8489.3411991991998        27.280258261170147     
   8489.3640270270280        27.286292927776579     
   8489.3868548548544        27.292354012302184     
   8489.4096826826826        27.298443382451058     
   8489.4325105105108        27.304562905925863     
   8489.4553383383391        27.310714450429735     
   8489.4781661661673        27.316899883665808     
   8489.5009939939937        27.323121073336722     
   8489.5238218218219        27.329379887146612     
   8489.5466496496501        27.335678192798113     
   8489.5694774774784        27.342017857994371     
   8489.5923053053066        27.348400750438518     
   8489.6151331331330        27.354828418589960     
   8489.6379609609612        27.361299637285050     
   8489.6607887887894        27.367811755342604     
   8489.6836166166177        27.374362109859380     
   8489.7064444444441        27.380948037931610     
   8489.7292722722723        27.387566876657100     
   8489.7521001001005        27.394215963132083     
   8489.7749279279287        27.400892634453317     
   8489.7977557557570        27.407594227717567     
   8489.8205835835834        27.414318080021040     
   8489.8434114114116        27.421061528461578     
   8489.8662392392398        27.427821910135400     
   8489.8890670670680        27.434596562139255     
   8489.9118948948944        27.441382821569377     
   8489.9347227227227        27.448178025523589     
   8489.9575505505509        27.454979511098117     
   8489.9803783783791        27.461784615389710     
   8490.0032062062073        27.468590675495140     
   8490.0260340340337        27.475395028510611     
   8490.0488618618620        27.482195011533967     
   8490.0716896896902        27.488987961661426     
   8490.0945175175184        27.495771215989745     
   8490.1173453453466        27.502542111615679     
   8490.1401731731730        27.509297985635449     
   8490.1630010010012        27.516036175146894     
   8490.1858288288295        27.522754017246228     
   8490.2086566566577        27.529448849030203     
   8490.2314844844841        27.536118007595064     
   8490.2543123123123        27.542758830038608     
   8490.2771401401405        27.549368653457083     
   8490.2999679679688        27.555944814947232     
   8490.3227957957970        27.562484651605814     
   8490.3456236236234        27.568985500529077     
   8490.3684514514516        27.575444698814810     
   8490.3912792792798        27.581859583559250     
   8490.4141071071081        27.588227491859158     
   8490.4369349349345        27.594545760810789     
   8490.4597627627627        27.600811727511903     
   8490.4825905905909        27.607022729058762     
   8490.5054184184191        27.613176102548117     
   8490.5282462462474        27.619269185076725     
   8490.5510740740738        27.625287853032813     
   8490.5739019019020        27.631151950259415     
   8490.5967297297302        27.636757720449413     
   8490.6195575575584        27.642001377710564     
   8490.6423853853867        27.646779136150666     
   8490.6652132132131        27.650987209877165     
   8490.6880410410413        27.654521812998510     
   8490.7108688688695        27.657279159622124     
   8490.7336966966977        27.659155463855775     
   8490.7565245245241        27.660047165608965     
   8490.7793523523524        27.660078489555438     
   8490.8021801801806        27.660022600913816     
   8490.8250080080088        27.660402738064953     
   8490.8478358358370        27.661209368819758     
   8490.8706636636634        27.662391165326525     
   8490.8934914914917        27.663896799733838     
   8490.9163193193199        27.665674944190030     
   8490.9391471471481        27.667674270843506     
   8490.9619749749745        27.669843451842475     
   8490.9848028028027        27.672131159335706     
   8491.0076306306310        27.674486065471417     
   8491.0304584584592        27.676856842398024     
   8491.0532862862874        27.679192162263917     
   8491.0761141141138        27.681440697217333     
   8491.0989419419420        27.683551119407028     
   8491.1217697697703        27.685472100981229     
   8491.1445975975985        27.687152314088333     
   8491.1674254254267        27.688540430876749     
   8491.1902532532531        27.689585123494794     
   8491.2130810810813        27.690235924982769     
   8491.2359089089096        27.690468872802256     
   8491.2587367367378        27.690290874068353     
   8491.2815645645642        27.689710576200838     
   8491.3043923923924        27.688736626619356     
   8491.3272202202206        27.687377672743672     
   8491.3500480480488        27.685642361993509     
   8491.3728758758771        27.683539341788606     
   8491.3957037037035        27.681077259548900     
   8491.4185315315317        27.678264762693729     
   8491.4413593593599        27.675110498643008     
   8491.4641871871881        27.671623114816466     
   8491.4870150150164        27.667811258633840     
   8491.5098428428428        27.663683577515190     
   8491.5326706706710        27.659248718879599     
   8491.5554984984992        27.654515330147113     
   8491.5783263263274        27.649492058737458     
   8491.6011541541538        27.644187552070804     
   8491.6239819819821        27.638610457566038     
   8491.6468098098103        27.632769422643293     
   8491.6696376376385        27.626673094722314     
   8491.6924654654667        27.620330121222814     
   8491.7152932932931        27.613749149565074     
   8491.7381211211214        27.606938827167767     
   8491.7609489489496        27.599907801451145     
   8491.7837767767778        27.592664719834932     
   8491.8066046046042        27.585218229739464     
   8491.8294324324324        27.577576978583288     
   8491.8522602602607        27.569749613786712     
   8491.8750880880889        27.561744782769477     
   8491.8979159159171        27.553566419247257     
   8491.9207437437435        27.545181871134897     
   8491.9435715715717        27.536541378354670     
   8491.9663993994000        27.527595083691072     
   8491.9892272272282        27.518293129927947     
   8492.0120550550564        27.508585659849146     
   8492.0348828828828        27.498422816239341     
   8492.0577107107110        27.487754900414195     
   8492.0805385385393        27.476563252194950     
   8492.1033663663675        27.464897240661873     
   8492.1261941941939        27.452815253282445     
   8492.1490220220221        27.440375677521239     
   8492.1718498498503        27.427636900845702     
   8492.1946776776786        27.414657310722340     
   8492.2175055055068        27.401495294617657     
   8492.2403333333332        27.388209239999220     
   8492.2631611611614        27.374857534331404     
   8492.2859889889896        27.361498565081774     
   8492.3088168168179        27.348190719716833     
   8492.3316446446443        27.334992385704123     
   8492.3544724724725        27.321961950508047     
   8492.3773003003007        27.309157801596157     
   8492.4001281281289        27.296638326434973     
   8492.4229559559571        27.284461912490976     
   8492.4457837837836        27.272686947231605     
   8492.4686116116118        27.261371818121482     
   8492.4914394394400        27.250574912628061     
   8492.5142672672682        27.240354618217843     
   8492.5370950950964        27.230769322357339     
   8492.5599229229229        27.221390397267303     
   8492.5827507507511        27.209776753365318     
   8492.6055785785793        27.195647259531004     
   8492.6284064064075        27.179823664917343     
   8492.6512342342339        27.163129580180506     
   8492.6740620620621        27.146388615972612     
   8492.6968898898904        27.130384672743020     
   8492.7197177177186        27.115326936607747     
   8492.7425455455468        27.100991927617038     
   8492.7653733733732        27.087145585040780     
   8492.7882012012014        27.073553848145561     
   8492.8110290290297        27.059982656201388     
   8492.8338568568579        27.046243207328608     
   8492.8566846846843        27.032327045730007     
   8492.8795125125125        27.018270630449948     
   8492.9023403403407        27.004110420536119     
   8492.9251681681690        26.989882875035100     
   8492.9479959959972        26.975624452993468     
   8492.9708238238236        26.961375203950595     
   8492.9936516516518        26.947227734561938     
   8493.0164794794800        26.933314521249688     
   8493.0393073073083        26.919758307516190     
   8493.0621351351365        26.906590989631191     
   8493.0849629629629        26.893798726387775     
   8493.1077907907911        26.881367328518042     
   8493.1306186186193        26.869282606757160     
   8493.1534464464476        26.857530371839253     
   8493.1762742742740        26.846096434499366     
   8493.1991021021022        26.834966605469788     
   8493.2219299299304        26.824126695485582     
   8493.2447577577586        26.813562515280893     
   8493.2675855855869        26.803259875589838     
   8493.2904134134133        26.793204587147354     
   8493.3132412412415        26.783382460685957     
   8493.3360690690697        26.773779306940593     
   8493.3588968968979        26.764380936645399     
   8493.3817247247243        26.755173160535229     
   8493.4045525525526        26.746141789342751     
   8493.4273803803808        26.737272633802839     
   8493.4502082082090        26.728551504649623     
   8493.4730360360372        26.719964212617231     
   8493.4958638638636        26.711496568440467     
   8493.5186916916919        26.703134382852120     
   8493.5415195195201        26.694863466586995     
   8493.5643473473483        26.686669630379225     
   8493.5871751751765        26.678538684962945     
   8493.6100030030029        26.670456441072922     
   8493.6328308308312        26.662408709442008     
   8493.6556586586594        26.654381300804978     
   8493.6784864864876        26.646360025895962     
   8493.7013143143140        26.638330695449739     
   8493.7241421421422        26.630279120199152     
   8493.7469699699705        26.622191110878976     
   8493.7697977977987        26.614052478223346     
   8493.7926256256269        26.605849032966390     
   8493.8154534534533        26.597566585842905     
   8493.8382812812815        26.589190947585706     
   8493.8611091091097        26.580707928929577     
   8493.8839369369380        26.572348258604407     
   8493.9067647647644        26.565519307852043     
   8493.9295925925926        26.561170410132576     
   8493.9524204204208        26.559690885076726     
   8493.9752482482490        26.560334913641924     
   8493.9980760760773        26.561093105643469     
   8494.0209039039037        26.559889276431662     
   8494.0437317317319        26.555575116393040     
   8494.0665595595601        26.550298782163132     
   8494.0893873873883        26.546496930099497     
   8494.1122152152166        26.544462868581839     
   8494.1350430430430        26.543842895766922     
   8494.1578708708712        26.544283174403539     
   8494.1806986986994        26.545429867240628     
   8494.2035265265276        26.546929137027028     
   8494.2263543543540        26.548427146511489     
   8494.2491821821823        26.549570058443113     
   8494.2720100100105        26.550004803302954     
   8494.2948378378387        26.549860835987090     
   8494.3176656656669        26.550531018413583     
   8494.3404934934933        26.552676489226577     
   8494.3633213213216        26.556034514377870     
   8494.3861491491498        26.560304240475006     
   8494.4089769769780        26.565184814125672     
   8494.4318048048044        26.570375381937119     
   8494.4546326326326        26.575575090517880     
   8494.4774604604609        26.580483086475226     
   8494.5002882882891        26.584798516416836     
   8494.5231161161173        26.588220526950380     
   8494.5459439439437        26.590430549005447     
   8494.5687717717719        26.589352911367026     
   8494.5915995996002        26.602426208112860     
   8494.6144274274284        26.621311867061294     
   8494.6372552552566        26.636163163562841     
   8494.6600830830830        26.647420104754055     
   8494.6829109109112        26.655522697774025     
   8494.7057387387395        26.660910949759035     
   8494.7285665665677        26.664024867846411     
   8494.7513943943941        26.665304459173431     
   8494.7742222222223        26.665189730877593     
   8494.7970500500505        26.664120690096048     
   8494.8198778778788        26.662537343966115     
   8494.8427057057070        26.660879699625124     
   8494.8655335335334        26.659583752316607     
   8494.8883613613616        26.658902409924270     
   8494.9111891891898        26.658833740649385     
   8494.9340170170180        26.659356956635584     
   8494.9568448448445        26.660451270026389     
   8494.9796726726727        26.662095892965603     
   8495.0025005005009        26.664270037596793     
   8495.0253283283291        26.666952916063586     
   8495.0481561561573        26.670123740509620     
   8495.0709839839838        26.673761723078208     
   8495.0938118118120        26.677846075913564     
   8495.1166396396402        26.682356011159051     
   8495.1394674674684        26.687270740958294     
   8495.1622952952966        26.692569477454921     
   8495.1851231231230        26.698231432792106     
   8495.2079509509513        26.704235819114373     
   8495.2307787787795        26.710561848564922     
   8495.2536066066077        26.717188733287372     
   8495.2764344344341        26.724095685424807     
   8495.2992622622623        26.731261917121952     
   8495.3220900900906        26.738666640521899     
   8495.3449179179188        26.746289067768274     
   8495.3677457457470        26.754108411004708     
   8495.3905735735734        26.762103882374191     
   8495.4134014014016        26.770254694021631     
   8495.4362292292299        26.778540058090016     
   8495.4590570570581        26.786939186722989     
   8495.4818848848845        26.795431292063491     
   8495.5047127127127        26.803995586256512     
   8495.5275405405409        26.812611281445008     
   8495.5503683683692        26.821257589772607     
   8495.5731961961974        26.829913723382941     
   8495.5960240240238        26.838558894418952     
   8495.6188518518520        26.847172315025652     
   8495.6416796796802        26.855733197345973     
   8495.6645075075085        26.864220753523547     
   8495.6873353353367        26.872614195702013     
   8495.7101631631631        26.880892736024336     
   8495.7329909909913        26.889035586635476     
   8495.7558188188195        26.897021959678391     
   8495.7786466466478        26.904831067296715     
   8495.8014744744742        26.912442121633475     
   8495.8243023023024        26.919834334833521     
   8495.8471301301306        26.926986919039869     
   8495.8699579579588        26.933876839837350     
   8495.8927857857871        26.940442729587815     
   8495.9156136136135        26.946591095630847     
   8495.9384414414417        26.952227452551849     
   8495.9612692692699        26.957257314934715     
   8495.9840970970981        26.961586197363861     
   8496.0069249249245        26.965119614423436     
   8496.0297527527528        26.967763080698425     
   8496.0525805805810        26.969422110772918     
   8496.0754084084092        26.970002219231322     
   8496.0982362362374        26.970782201648660     
   8496.1210640640638        26.974478756037492     
   8496.1438918918921        26.980387422569414     
   8496.1667197197203        26.987624688723031     
   8496.1895475475485        26.995307041977142     
   8496.2123753753767        27.002558647610524     
   8496.2352032032031        27.008869988024557     
   8496.2580310310314        27.014250858520438     
   8496.2808588588596        27.018750504542346     
   8496.3036866866878        27.022418171535030     
   8496.3265145145142        27.025303104943021     
   8496.3493423423424        27.027454550211502     
   8496.3721701701706        27.028921752784953     
   8496.3949979979989        27.029753958108113     
   8496.4178258258271        27.030001017647255     
   8496.4406536536535        27.030129673442957     
   8496.4634814814817        27.030934868798298     
   8496.4863093093099        27.032420566190947     
   8496.5091371371382        27.034539838320509     
   8496.5319649649646        27.037245757886332     
   8496.5547927927928        27.040491397588450     
   8496.5776206206210        27.044229830126277     
   8496.6004484484492        27.048414128199397     
   8496.6232762762775        27.052997364507419     
   8496.6461041041039        27.057932611749525     
   8496.6689319319321        27.063172942626107     
   8496.6917597597603        27.068671429836378     
   8496.7145875875885        27.074381146079940     
   8496.7374154154168        27.080255164056389     
   8496.7602432432432        27.086246556464840     
   8496.7830710710714        27.092308396005844     
   8496.8058988988996        27.098393755378535     
   8496.8287267267278        27.104455707282504     
   8496.8515545545542        27.110447324416871     
   8496.8743823823825        27.116321679482201     
   8496.8972102102107        27.122029879109000     
   8496.9200380380389        27.127424671188521     
   8496.9428658658671        27.132216664335282     
   8496.9656936936935        27.136105371184460     
   8496.9885215215218        27.138790304372151     
   8497.0113493493500        27.139970976533458     
   8497.0341771771782        27.140952591148896     
   8497.0570050050064        27.145690414638779     
   8497.0798328328328        27.153070525807301     
   8497.1026606606611        27.161611256265203     
   8497.1254884884893        27.169830937621438     
   8497.1483163163175        27.176563843886573     
   8497.1711441441439        27.181995918858597     
   8497.1939719719721        27.186674506027288     
   8497.2167997998004        27.191145404920590     
   8497.2396276276286        27.195774473664198     
   8497.2624554554568        27.200581976340285     
   8497.2852832832832        27.205549006530635     
   8497.3081111111114        27.210656657818244     
   8497.3309389389397        27.215886023784915     
   8497.3537667667679        27.221218198012835     
   8497.3765945945943        27.226634274083764     
   8497.3994224224225        27.232115345580763     
   8497.4222502502507        27.237642506085599     
   8497.4450780780790        27.243196849180457     
   8497.4679059059072        27.248759468447535     
   8497.4907337337336        27.254314729765738     
   8497.5135615615618        27.259873065633997     
   8497.5363893893900        27.265457371157751     
   8497.5592172172182        27.271090619005591     
   8497.5820450450465        27.276795781846126     
   8497.6048728728729        27.282595832347486     
   8497.6277007007011        27.288513743179191     
   8497.6505285285293        27.294572487009386     
   8497.6733563563575        27.300795036506663     
   8497.6961841841839        27.307204364339114     
   8497.7190120120122        27.313823443176346     
   8497.7418398398404        27.320675245686466     
   8497.7646676676686        27.327782744538069     
   8497.7874954954968        27.335168912399755     
   8497.8103233233232        27.342856721939498     
   8497.8331511511515        27.350869145827119     
   8497.8559789789797        27.359229156730621     
   8497.8788068068079        27.367959727318603     
   8497.9016346346343        27.377064279107408     
   8497.9244624624625        27.386388265425488     
   8497.9472902902908        27.395700699174434     
   8497.9701181181190        27.404776341146889     
   8497.9929459459472        27.413514783646388     
   8498.0157737737736        27.421930795789159     
   8498.0386016016018        27.430043459038181     
   8498.0614294294301        27.437871854854428     
   8498.0842572572583        27.445435064699534     
   8498.1070850850865        27.452752170035151     
   8498.1299129129129        27.459842252322360     
   8498.1527407407411        27.466724393023938     
   8498.1755685685694        27.473417673600963     
   8498.1983963963976        27.479941175515073     
   8498.2212242242240        27.486313980227411     
   8498.2440520520522        27.492555169200635     
   8498.2668798798804        27.498683823895881     
   8498.2897077077087        27.504719025774797     
   8498.3125355355369        27.510679856299021     
   8498.3353633633633        27.516585396929727     
   8498.3581911911915        27.522454729129503     
   8498.3810190190197        27.528306934359527     
   8498.4038468468480        27.534161094081441     
   8498.4266746746744        27.540036289756415     
   8498.4495025025026        27.545951602847037     
   8498.4723303303308        27.551925542897411     
   8498.4951581581590        27.557939080186948     
   8498.5179859859873        27.563916596923502     
   8498.5408138138137        27.569819681433820     
   8498.5636416416419        27.575638169966659     
   8498.5864694694701        27.581362421288937     
   8498.6092972972983        27.586985013031036     
   8498.6321251251265        27.592502957348866     
   8498.6549529529530        27.597913793810584     
   8498.6777807807812        27.603215061985622     
   8498.7006086086094        27.608404301442128     
   8498.7234364364376        27.613479051748680     
   8498.7462642642640        27.618436852473462     
   8498.7690920920923        27.623275243185841     
   8498.7919199199205        27.627991763453998     
   8498.8147477477487        27.632583952846517     
   8498.8375755755769        27.637049350931967     
   8498.8604034034033        27.641385497278584     
   8498.8832312312315        27.645589931455646     
   8498.9060590590598        27.649660193031373     
   8498.9288868868880        27.653593274387568     
   8498.9517147147144        27.657383340192325     
   8498.9745425425426        27.661023644381853     
   8498.9973703703708        27.664507440452361     
   8499.0201981981991        27.667827981900352     
   8499.0430260260273        27.670978522222345     
   8499.0658538538537        27.673952314914622     
   8499.0886816816819        27.676742613474161     
   8499.1115095095101        27.679342671397244     
   8499.1343373373384        27.681745742180365     
   8499.1571651651666        27.683945079320051     
   8499.1799929929930        27.685933936312658     
   8499.2028208208212        27.687705566655016     
   8499.2256486486494        27.689253223843469     
   8499.2484764764777        27.690570161374531     
   8499.2713043043041        27.691649632744635     
   8499.2941321321323        27.692484891450469     
   8499.3169599599605        27.693069190988446     
   8499.3397877877887        27.693395784855081     
   8499.3626156156170        27.693457926546884     
   8499.3854434434434        27.693248869560396     
   8499.4082712712716        27.692761867392093     
   8499.4310990990998        27.691990173538496     
   8499.4539269269280        27.690927041496117     
   8499.4767547547544        27.689565834163325     
   8499.4995825825827        27.687908666582132     
   8499.5224104104109        27.685972654409824     
   8499.5452382382391        27.683776387285814     
   8499.5680660660673        27.681338454849502     
   8499.5908938938937        27.678677446740522     
   8499.6137217217220        27.675811952597861     
   8499.6365495495502        27.672760562061121     
   8499.6593773773784        27.669541864769716     
   8499.6822052052066        27.666174450363052     
   8499.7050330330330        27.662676908480815     
   8499.7278608608613        27.659067828761863     
   8499.7506886886895        27.655365800845875     
   8499.7735165165177        27.651589414372253     
   8499.7963443443441        27.647757258980718     
   8499.8191721721723        27.643887924310064     
   8499.8420000000006        27.640000000000001     
