   37609.228000000003        24.350000000000001     
   37609.265244244249        24.359328184664072     
   37609.302488488494        24.368642675614353     
   37609.339732732733        24.377929779135240     
   37609.376976976979        24.387175801516577     
   37609.414221221225        24.396367049042759     
   37609.451465465470        24.405489827999986     
   37609.488709709709        24.414565623135033     
   37609.525953953955        24.424389696503017     
   37609.563198198201        24.435677410832103     
   37609.600442442446        24.448122937785822     
   37609.637686686692        24.461357561567933     
   37609.674930930931        24.475012566379512     
   37609.712175175177        24.488719236429716     
   37609.749419419422        24.502108855919658     
   37609.786663663668        24.514812709053103     
   37609.823907907914        24.526462080033816     
   37609.861152152152        24.536688253063712     
   37609.898396396398        24.545122512350606     
   37609.935640640644        24.551406328960145     
   37609.972884884890        24.556312139878628     
   37610.010129129128        24.562756234142121     
   37610.047373373374        24.573894023140998     
   37610.084617617620        24.592880918262622     
   37610.121861861866        24.617773722143632     
   37610.159106106112        24.622413604808202     
   37610.196350350350        24.634447325197520     
   37610.233594594596        24.651192604317899     
   37610.270838838842        24.667817171859884     
   37610.308083083088        24.683566470285783     
   37610.345327327334        24.698512622865035     
   37610.382571571572        24.712727752864382     
   37610.419815815818        24.726283983558808     
   37610.457060060064        24.739253438214909     
   37610.494304304309        24.751708240102143     
   37610.531548548548        24.763720512487641     
   37610.568792792794        24.775362378645532     
   37610.606037037040        24.786705961842870     
   37610.643281281285        24.797823385349108     
   37610.680525525531        24.808786772433692     
   37610.717769769770        24.819668246363939     
   37610.755014014016        24.830539930413543     
   37610.792258258261        24.841473947849817     
   37610.829502502507        24.852542214365247     
   37610.866746746746        24.863785144932436     
   37610.903990990992        24.875178200114519     
   37610.941235235237        24.886688822245951     
   37610.978479479483        24.898284453663337     
   37611.015723723729        24.909932536703309     
   37611.052967967968        24.921600513700195     
   37611.090212212213        24.933255826995186     
   37611.127456456459        24.944865918922616     
   37611.164700700705        24.956399159466908     
   37611.201944944951        24.967840553815446     
   37611.239189189189        24.979189486608650     
   37611.276433433435        24.990445815986629     
   37611.313677677681        25.001609400082824     
   37611.350921921927        25.012680097032909     
   37611.388166166165        25.023657764970423     
   37611.425410410411        25.034542262035330     
   37611.462654654657        25.045333446361141     
   37611.499898898903        25.056031176083536     
   37611.537143143149        25.066635309338182     
   37611.574387387387        25.077145704258708     
   37611.611631631633        25.087562218984896     
   37611.648875875879        25.097884711650352     
   37611.686120120125        25.108113040390752     
   37611.723364364370        25.118247063341762     
   37611.760608608609        25.128286638637110     
   37611.797852852855        25.138230373850373     
   37611.835097097101        25.148068432400667     
   37611.872341341346        25.157787484287159     
   37611.909585585585        25.167374188389658     
   37611.946829829831        25.176815203593595     
   37611.984074074076        25.186097188778753     
   37612.021318318322        25.195206802826796     
   37612.058562562568        25.204130704619416     
   37612.095806806807        25.212855553036587     
   37612.133051051052        25.221368045987024     
   37612.170295295298        25.229669019392503     
   37612.207539539544        25.237794382689508     
   37612.244783783783        25.245785391136145     
   37612.282028028028        25.253683299995178     
   37612.319272272274        25.261529364524680     
   37612.356516516520        25.269364839984302     
   37612.393760760766        25.277230981633689     
   37612.431005005004        25.285169044730935     
   37612.468249249250        25.293220284538783     
   37612.505493493496        25.301425956315335     
   37612.542737737742        25.309827315320241     
   37612.579981981988        25.318465616813157     
   37612.617226226226        25.327382116051954     
   37612.654470470472        25.336618068299760     
   37612.691714714718        25.346214728814509     
   37612.728958958964        25.356206434921482     
   37612.766203203202        25.366530463459107     
   37612.803447447448        25.377052542283003     
   37612.840691691694        25.387636732814507     
   37612.877935935940        25.398147096476936     
   37612.915180180185        25.408447694693621     
   37612.952424424424        25.418402588885968     
   37612.989668668670        25.427875840481224     
   37613.026912912916        25.436731510900724     
   37613.064157157161        25.444833661567792     
   37613.101401401407        25.452046353905743     
   37613.138645645646        25.458233649336812     
   37613.175889889892        25.463259609286748     
   37613.213134134137        25.466988295177572     
   37613.250378378383        25.469283768432593     
   37613.287622622622        25.470010090475167     
   37613.324866866868        25.469670420633342     
   37613.362111111113        25.471662781706186     
   37613.399355355359        25.477215403922777     
   37613.436599599605        25.485124996265895     
   37613.473843843843        25.494098666021582     
   37613.511088088089        25.502141580342204     
   37613.548332332335        25.507768892199181     
   37613.585576576581        25.511712052637513     
   37613.622820820819        25.514969705275533     
   37613.660065065065        25.518590719261617     
   37613.697309309311        25.523507060326260     
   37613.734553553557        25.529325764641811     
   37613.771797797803        25.534828039962804     
   37613.809042042041        25.538782574938757     
   37613.846286286287        25.539995675194618     
   37613.883530530533        25.539817010900400     
   37613.920774774779        25.539533245631667     
   37613.958019019025        25.539141741835628     
   37613.995263263263        25.538639861959613     
   37614.032507507509        25.538024968450653     
   37614.069751751755        25.537294423756045     
   37614.106995996000        25.536445590323019     
   37614.144240240239        25.535475830598983     
   37614.181484484485        25.534382507030791     
   37614.218728728731        25.533162982065829     
   37614.255972972976        25.531814618151323     
   37614.293217217222        25.530334777734485     
   37614.330461461461        25.528720823262873     
   37614.367705705707        25.526970117183073     
   37614.404949949952        25.525080021942600     
   37614.442194194198        25.523047899988686     
   37614.479438438444        25.520871113768543     
   37614.516682682683        25.518547025729852     
   37614.553926926928        25.516072998318936     
   37614.591171171174        25.513446393983450     
   37614.628415415420        25.510664575170612     
   37614.665659659659        25.507724904328235     
   37614.702903903904        25.504624743902383     
   37614.740148148150        25.501361456340842     
   37614.777392392396        25.497932404090829     
   37614.814636636642        25.494334949599562     
   37614.851880880880        25.490566455315015     
   37614.889125125126        25.486624283682936     
   37614.926369369372        25.482505797151262     
   37614.963613613618        25.478208358167208     
   37615.000857857856        25.473729329178898     
   37615.038102102102        25.469066072631790     
   37615.075346346348        25.464215950973973     
   37615.112590590594        25.459176326652653     
   37615.149834834840        25.453944562115058     
   37615.187079079078        25.448518019809484     
   37615.224323323324        25.442894062181029     
   37615.261567567570        25.437070051677960     
   37615.298811811816        25.431043350747487     
   37615.336056056061        25.424811321836838     
   37615.373300300300        25.418371327394507     
   37615.410544544546        25.411720729865195     
   37615.447788788792        25.404856891697364     
   37615.485033033037        25.397777175338227     
   37615.522277277276        25.390478943236463     
   37615.559521521522        25.382959557836429     
   37615.596765765767        25.375216381586750     
   37615.634010010013        25.367246776934653     
   37615.671254254259        25.359048106327350     
   37615.708498498498        25.350617732213728     
   37615.745742742743        25.341953017037721     
   37615.782986986989        25.332909244962579     
   37615.820231231235        25.322349880845568     
   37615.857475475481        25.309971068834965     
   37615.894719719719        25.296264022761640     
   37615.931963963965        25.281729919234166     
   37615.969208208211        25.266869934869110     
   37616.006452452457        25.252185246280479     
   37616.043696696695        25.238177030084920     
   37616.080940940941        25.225346462890879     
   37616.118185185187        25.214054805812005     
   37616.155429429433        25.202000643705283     
   37616.192673673679        25.184496140938407     
   37616.229917917917        25.170177919084466     
   37616.267162162163        25.170975712592707     
   37616.304406406409        25.169143345722464     
   37616.341650650655        25.164828199921327     
   37616.378894894893        25.158177656638408     
   37616.416139139139        25.149339097318677     
   37616.453383383385        25.138459903410791     
   37616.490627627631        25.125687456362343     
   37616.527871871876        25.111169137620927     
   37616.565116116115        25.095052328637422     
   37616.602360360361        25.077484410853103     
   37616.639604604607        25.058612765718550     
   37616.676848848852        25.038584774681361     
   37616.714093093098        25.017547819189119     
   37616.751337337337        24.995649280693776     
   37616.788581581583        24.973036540634325     
   37616.825825825828        24.949856980462570     
   37616.863070070074        24.926257981626094     
   37616.900314314313        24.902386925577169     
   37616.937558558559        24.878391193754034     
   37616.974802802804        24.854418167608920     
   37617.012047047050        24.830615228589419     
   37617.049291291296        24.807129758143120     
   37617.086535535534        24.784109137722051     
   37617.123779779780        24.761700748764788     
   37617.161024024026        24.740051972723467     
   37617.198268268272        24.719310189498454     
   37617.235512512518        24.699579461313821     
   37617.272756756756        24.680807385849235     
   37617.310001001002        24.662906245758716     
   37617.347245245248        24.645788323707357     
   37617.384489489494        24.629365902356483     
   37617.421733733732        24.613551264370479     
   37617.458977977978        24.598256692404505     
   37617.496222222224        24.583394469123050     
   37617.533466466470        24.568876877187446     
   37617.570710710716        24.554616199259026     
   37617.607954954954        24.540524718001869     
   37617.645199199200        24.526514716071816     
   37617.682443443446        24.512498476132976     
   37617.719687687691        24.498388280846680     
   37617.756931931930        24.484096412877076     
   37617.794176176176        24.469535158577518     
   37617.831420420422        24.454745670187510     
   37617.868664664667        24.440238020242887     
   37617.905908908913        24.426628908989457     
   37617.943153153152        24.414535036675204     
   37617.980397397398        24.404521775256946     
   37618.017641641643        24.396303254498882     
   37618.054885885889        24.388892962351814     
   37618.092130130135        24.381283536938781     
   37618.129374374374        24.372628518204184     
   37618.166618618619        24.363121139278384     
   37618.203862862865        24.353367954654146     
   37618.241107107111        24.343976572532796     
   37618.278351351350        24.335534069561476     
   37618.315595595595        24.328244266240368     
   37618.352839839841        24.321971471553177     
   37618.390084084087        24.316568252154397     
   37618.427328328333        24.311887174698541     
   37618.464572572571        24.307780805840846     
   37618.501816816817        24.304101712234239     
   37618.539061061063        24.300702460534069     
   37618.576305305309        24.297463166267043     
   37618.613549549555        24.294476376266367     
   37618.650793793793        24.291933417258115     
   37618.688038038039        24.290026163679151     
   37618.725282282285        24.288946489967902     
   37618.762526526531        24.288886270562259     
   37618.799770770769        24.290037378921877     
   37618.837015015015        24.292474371946710     
   37618.874259259261        24.295830775057105     
   37618.911503503507        24.299636494606965     
   37618.948747747752        24.303422623264378     
   37618.985991991991        24.306726551601738     
   37619.023236236237        24.309087752058435     
   37619.060480480483        24.310048594319831     
   37619.097724724728        24.310025100130186     
   37619.134968968967        24.310716197342028     
   37619.172213213213        24.312328108356674     
   37619.209457457458        24.314828911089183     
   37619.246701701704        24.318186683454677     
   37619.283945945950        24.322369503368268     
   37619.321190190189        24.327345448744023     
   37619.358434434434        24.333082597499001     
   37619.395678678680        24.339549027547420     
   37619.432922922926        24.346712816804391     
   37619.470167167172        24.354542043185027     
   37619.507411411410        24.363004784602733     
   37619.544655655656        24.372069118975936     
   37619.581899899902        24.381703124218141     
   37619.619144144148        24.391874878244472     
   37619.656388388386        24.402552458967914     
   37619.693632632632        24.413703944307748     
   37619.730876876878        24.425297412177052     
   37619.768121121124        24.437300940490935     
   37619.805365365370        24.449682607164519     
   37619.842609609608        24.462410490110386     
   37619.879853853854        24.475452667248639     
   37619.917098098100        24.488777216491933     
   37619.954342342346        24.502352215755380     
   37619.991586586591        24.516145742954095     
   37620.028830830830        24.530125876000437     
   37620.066075075076        24.544260692814994     
   37620.103319319322        24.558518271310163     
   37620.140563563567        24.572866689401053     
   37620.177807807806        24.587274024999964     
   37620.215052052052        24.601708356027643     
   37620.252296296298        24.616137760396388     
   37620.289540540543        24.630530316021314     
   37620.326784784789        24.644854100817536     
   37620.364029029028        24.659077192697403     
   37620.401273273274        24.673167669581584     
   37620.438517517519        24.687093609382401     
   37620.475761761765        24.700823090014978     
   37620.513006006004        24.714324189391800     
   37620.550250250250        24.727564985433272     
   37620.587494494495        24.740513557925421     
   37620.624738738741        24.753170609853221     
   37620.661982982987        24.765652561483250     
   37620.699227227225        24.778094301804540     
   37620.736471471471        24.790542198530733     
   37620.773715715717        24.802982993707094     
   37620.810959959963        24.815402316255295     
   37620.848204204209        24.827785795097007     
   37620.885448448447        24.840119059151498     
   37620.922692692693        24.852387737345250     
   37620.959936936939        24.864577458597523     
   37620.997181181185        24.876673851829985     
   37621.034425425423        24.888662545961978     
   37621.071669669669        24.900529170382654     
   37621.108913913915        24.912265211547627     
   37621.146158158161        24.923882641995796     
   37621.183402402407        24.935397910598375     
   37621.220646646645        24.946827466224367     
   37621.257890890891        24.958187757749435     
   37621.295135135137        24.969495234042576     
   37621.332379379382        24.980766343974992     
   37621.369623623628        24.992017536417908     
   37621.406867867867        25.003265260240340     
   37621.444112112113        25.014525964317897     
   37621.481356356358        25.025816097519606     
   37621.518600600604        25.037152108716676     
   37621.555844844843        25.048550446778098     
   37621.593089089089        25.060027560578753     
   37621.630333333334        25.071542360873714     
   37621.667577577580        25.082825251634134     
   37621.704821821826        25.093549918613707     
   37621.742066066065        25.103390047564304     
   37621.779310310310        25.112019324243519     
   37621.816554554556        25.119111434403028     
   37621.853798798802        25.124672001351261     
   37621.891043043041        25.130775767760632     
   37621.928287287286        25.139421323333700     
   37621.965531531532        25.150080028985222     
   37622.002775775778        25.161767758395378     
   37622.040020020024        25.173500385244353     
   37622.077264264262        25.184293783210364     
   37622.114508508508        25.193187233079019     
   37622.151752752754        25.200188766742379     
   37622.188996997000        25.206599972568384     
   37622.226241241246        25.213812514358644     
   37622.263485485484        25.223199502623665     
   37622.300729729730        25.234791309994712     
   37622.337973973976        25.246469059903593     
   37622.375218218222        25.257225156121606     
   37622.412462462460        25.267171794704524     
   37622.449706706706        25.276456628365107     
   37622.486950950952        25.285227309810232     
   37622.524195195198        25.293631491748791     
   37622.561439439443        25.301816826889670     
   37622.598683683682        25.309930967940186     
   37622.635927927928        25.318087212681135     
   37622.673172172174        25.326257892698553     
   37622.710416416419        25.334379188654282     
   37622.747660660665        25.342387281188607     
   37622.784904904904        25.350218350940285     
   37622.822149149149        25.357808578552657     
   37622.859393393395        25.365094144664450     
   37622.896637637641        25.372011229915934     
   37622.933881881880        25.378496014946151     
   37622.971126126125        25.384484680397932     
   37623.008370370371        25.389913406910221     
   37623.045614614617        25.394808900658443     
   37623.082858858863        25.399578811298095     
   37623.120103103101        25.404730977220829     
   37623.157347347347        25.410773237281617     
   37623.194591591593        25.418213430332557     
   37623.231835835839        25.427559395226695     
   37623.269080080077        25.439318970814512     
   37623.306324324323        25.452964092789507     
   37623.343568568569        25.463241657805703     
   37623.380812812815        25.468107688585462     
   37623.418057057061        25.471597491077368     
   37623.455301301299        25.476096322316703     
   37623.492545545545        25.481505274277762     
   37623.529789789791        25.487579103734056     
   37623.567034034037        25.494072567459888     
   37623.604278278282        25.500740422229541     
   37623.641522522521        25.507337424816047     
   37623.678766766767        25.513626901977641     
   37623.716011011013        25.519508664917151     
   37623.753255255258        25.524991978086423     
   37623.790499499497        25.530089186985641     
   37623.827743743743        25.534812637117934     
   37623.864987987989        25.539174673983396     
   37623.902232232234        25.543187643083172     
   37623.939476476480        25.546863889918406     
   37623.976720720719        25.550215759989598     
   37624.013964964965        25.553255598799200     
   37624.051209209210        25.555995751847668     
   37624.088453453456        25.558448564636137     
   37624.125697697702        25.560626382665745     
   37624.162941941941        25.562541551437278     
   37624.200186186186        25.564206416452627     
   37624.237430430432        25.565633323212520     
   37624.274674674678        25.566834617218106     
   37624.311918918916        25.567822643970342     
   37624.349163163162        25.568609748970751     
   37624.386407407408        25.569208277720261     
   37624.423651651654        25.569630575720005     
   37624.460895895900        25.569888988471128     
   37624.498140140138        25.569995861474752     
   37624.535384384384        25.569995958918575     
   37624.572628628630        25.570083398992562     
   37624.609872872876        25.570093413262118     
   37624.647117117114        25.569708958091809     
   37624.684361361360        25.568798126671084     
   37624.721605605606        25.567374032268450     
   37624.758849849852        25.565453655705628     
   37624.796094094097        25.563053977804316     
   37624.833338338336        25.560191979386829     
   37624.870582582582        25.556884641273747     
   37624.907826826828        25.553148944287287     
   37624.945071071073        25.549001869249167     
   37624.982315315319        25.544460396981080     
   37625.019559559558        25.539541508305735     
   37625.056803803804        25.534262184042912     
   37625.094048048049        25.528639405015245     
   37625.131292292295        25.522690152044433     
   37625.168536536534        25.516431405953437     
   37625.205780780780        25.509880147561518     
   37625.243025025025        25.503053357691567     
   37625.280269269271        25.495968017165296     
   37625.317513513517        25.488641106804415     
   37625.354757757756        25.481089607432118     
   37625.392002002001        25.473330499867156     
   37625.429246246247        25.465380764932696     
   37625.466490490493        25.457254977542757     
   37625.503734734739        25.448825449489014     
   37625.540978978977        25.439745178912005     
   37625.578223223223        25.429648442938262     
   37625.615467467469        25.418349751070885     
   37625.652711711715        25.406316974481463     
   37625.689955955953        25.394153506280485     
   37625.727200200199        25.382150000805584     
   37625.764444444445        25.370269433961049     
   37625.801688688691        25.358459308766861     
   37625.838932932937        25.346667128242988     
   37625.876177177175        25.334840395411732     
   37625.913421421421        25.322926613288459     
   37625.950665665667        25.310873284895450     
   37625.987909909913        25.298627913252680     
   37626.025154154151        25.286138001382589     
   37626.062398398397        25.273351052300296     
   37626.099642642643        25.260219061097718     
   37626.136886886889        25.246734154917380     
   37626.174131131134        25.232909571463619     
   37626.211375375373        25.218758736695243     
   37626.248619619619        25.204295076562733     
   37626.285863863865        25.189532017024842     
   37626.323108108110        25.174482984037581     
   37626.360352352356        25.159161403556968     
   37626.397596596595        25.143580701542088     
   37626.434840840840        25.127754303942854     
   37626.472085085086        25.111695636718309     
   37626.509329329332        25.095418125824466     
   37626.546573573571        25.078935197220577     
   37626.583817817816        25.062260276856215     
   37626.621062062062        25.045406790690592     
   37626.658306306308        25.028388164679733     
   37626.695550550554        25.011217824779635     
   37626.732794794792        24.993909196949723     
   37626.770039039038        24.976475707139237     
   37626.807283283284        24.958930781307558     
   37626.844527527530        24.941287845410709     
   37626.881771771776        24.923560325404697     
   37626.919016016014        24.905761647249022     
   37626.956260260260        24.887905236892749     
   37626.993504504506        24.870004520295350     
   37627.030748748752        24.852072923412848     
   37627.067992992990        24.834123872204760     
   37627.105237237236        24.816170792620088     
   37627.142481481482        24.798227110618352     
   37627.179725725728        24.780306252155569     
   37627.216969969973        24.762421643187750     
   37627.254214214212        24.744586709674380     
   37627.291458458458        24.726814877564522     
   37627.328702702704        24.709119572817663     
   37627.365946946949        24.691514221389820     
   37627.403191191188        24.674012249240423     
   37627.440435435434        24.656627082318643     
   37627.477679679680        24.639372146583916     
   37627.514923923925        24.622260867992271     
   37627.552168168171        24.605306672499708     
   37627.589412412410        24.588522986065513     
   37627.626656656656        24.571923234639137     
   37627.663900900901        24.555536863055107     
   37627.701145145147        24.539484479881978     
   37627.738389389393        24.523918898176646     
   37627.775633633632        24.508980120889738     
   37627.812877877877        24.494693283173987     
   37627.850122122123        24.481023056545631     
   37627.887366366369        24.467933572087958     
   37627.924610610607        24.455388960886662     
   37627.961854854853        24.443353354020140     
   37627.999099099099        24.431790882574191     
   37628.036343343345        24.420677742897844     
   37628.073587587591        24.410068296602500     
   37628.110831831829        24.400048053256356     
   37628.148076076075        24.390702602932897     
   37628.185320320321        24.382060641078318     
   37628.222564564567        24.373862605959790     
   37628.259808808813        24.365757862175379     
   37628.297053053051        24.357395739143239     
   37628.334297297297        24.348426944295568     
   37628.371541541543        24.338952189368385     
   37628.408785785788        24.330167748634828     
   37628.446030030027        24.323433444664730     
   37628.483274274273        24.320109100024030     
   37628.520518518519        24.319766097929953     
   37628.557762762764        24.316320378757176     
   37628.595007007010        24.310184790362705     
   37628.632251251249        24.303060093086827     
   37628.669495495495        24.296649584793883     
   37628.706739739740        24.291718706558090     
   37628.743983983986        24.288197527361302     
   37628.781228228225        24.285987799981783     
   37628.818472472471        24.284991277196646     
   37628.855716716716        24.285109711784401     
   37628.892960960962        24.286244856523005     
   37628.930205205208        24.288298464190419     
   37628.967449449447        24.291172287563953     
   37629.004693693692        24.294768079422717     
   37629.041937937938        24.298987592544172     
   37629.079182182184        24.303732579706278     
   37629.116426426430        24.308904793686995     
   37629.153670670668        24.314267271356197     
   37629.190914914914        24.318546756460325     
   37629.228159159160        24.320034945795182     
   37629.265403403406        24.320703061911441     
   37629.302647647644        24.323878456352475     
   37629.339891891890        24.329199492731746     
   37629.377136136136        24.336220264356697     
   37629.414380380382        24.344494864535189     
   37629.451624624628        24.353577386575047     
   37629.488868868866        24.363024436860552     
   37629.526113113112        24.372560631126863     
   37629.563357357358        24.382181418495506     
   37629.600601601604        24.391906807359604     
   37629.637845845849        24.401756806112314     
   37629.675090090088        24.411751423144811     
   37629.712334334334        24.421910666854135     
   37629.749578578580        24.432254545631494     
   37629.786822822825        24.442802939158476     
   37629.824067067064        24.453562082066792     
   37629.861311311310        24.464512687223966     
   37629.898555555556        24.475632667359370     
   37629.935799799801        24.486899935204491     
   37629.973044044047        24.498292403490787     
   37630.010288288286        24.509787984947483     
   37630.047532532531        24.521364592310533     
   37630.084776776777        24.533000138309177     
   37630.122021021023        24.544672535674881     
   37630.159265265262        24.556361663000370     
   37630.196509509507        24.568084463264938     
   37630.233753753753        24.579890912246103     
   37630.270997997999        24.591832141918964     
   37630.308242242245        24.603959284258632     
   37630.345486486483        24.616323471237759     
   37630.382730730729        24.628975834836275     
   37630.419974974975        24.641967507026884     
   37630.457219219221        24.655349619784694     
   37630.494463463467        24.669173305084811     
   37630.531707707705        24.683489694899485     
   37630.568951951951        24.698349921209406     
   37630.606196196197        24.713686475412224     
   37630.643440440443        24.728772877439795     
   37630.680684684681        24.742655171295965     
   37630.717928928927        24.754430731812327     
   37630.755173173173        24.765190890251354     
   37630.792417417419        24.778387842639010     
   37630.829661661664        24.794324610980574     
   37630.866905905903        24.810760223795221     
   37630.904150150149        24.825389002729395     
   37630.941394394395        24.835905269419538     
   37630.978638638640        24.840003430948261     
   37631.015882882886        24.842654567819913     
   37631.053127127125        24.851217529319676     
   37631.090371371371        24.864150467891864     
   37631.127615615616        24.879861339050990     
   37631.164859859862        24.896758098312713     
   37631.202104104101        24.913390517217440     
   37631.239348348347        24.929329024759468     
   37631.276592592592        24.944590986237486     
   37631.313836836838        24.959195659159441     
   37631.351081081084        24.973162301033287     
   37631.388325325323        24.986510169364422     
   37631.425569569568        24.999258521666015     
   37631.462813813814        25.011426615443348     
   37631.500058058060        25.023033708204366     
   37631.537302302298        25.034099057454917     
   37631.574546546544        25.044641920707264     
   37631.611790790790        25.054681555467148     
   37631.649035035036        25.064237219242521     
   37631.686279279282        25.073328169541330     
   37631.723523523520        25.081973663869881     
   37631.760767767766        25.090192959739500     
   37631.798012012012        25.098005314656405     
   37631.835256256258        25.105429986128541     
   37631.872500500504        25.112486231663873     
   37631.909744744742        25.119193308769059     
   37631.946988988988        25.125570474954671     
   37631.984233233234        25.131638284076757     
   37632.021477477479        25.137541567806352     
   37632.058721721718        25.143650727213608     
   37632.095965965964        25.150360003357726     
   37632.133210210210        25.158063637294404     
   37632.170454454455        25.167155870080514     
   37632.207698698701        25.178030942772935     
   37632.244942942940        25.191083096425736     
   37632.282187187186        25.206655415900013     
   37632.319431431431        25.223196418597720     
   37632.356675675677        25.237963513124431     
   37632.393919919923        25.250799781184281     
   37632.431164164162        25.261919924995858     
   37632.468408408407        25.271538646784101     
   37632.505652652653        25.279870648767282     
   37632.542896896899        25.287130633166022     
   37632.580141141138        25.293533302199748     
   37632.617385385383        25.299293358091546     
   37632.654629629629        25.304625503060709     
   37632.691873873875        25.309744439327844     
   37632.729118118121        25.314864869113574     
   37632.766362362359        25.320201492610522     
   37632.803606606605        25.325922892746433     
   37632.840850850851        25.332032328424066     
   37632.878095095097        25.338496026249210     
   37632.915339339335        25.345280212826314     
   37632.952583583581        25.352351114763845     
   37632.989827827827        25.359674958666307     
   37633.027072072073        25.367217971139500     
   37633.064316316319        25.374946378789229     
   37633.101560560557        25.382826408219746     
   37633.138804804803        25.390824286039937     
   37633.176049049049        25.398906238854078     
   37633.213293293295        25.407038493267976     
   37633.250537537540        25.415187275887426     
   37633.287781781779        25.423318813316659     
   37633.325026026025        25.431399332164645     
   37633.362270270271        25.439395059035608     
   37633.399514514516        25.447272220535346     
   37633.436758758755        25.454997043268168     
   37633.474003003001        25.462535753842907     
   37633.511247247247        25.469854578863835     
   37633.548491491492        25.476924391475151     
   37633.585735735738        25.483735813073810     
   37633.622979979977        25.490284710580998     
   37633.660224224222        25.496566950962531     
   37633.697468468468        25.502578401180344     
   37633.734712712714        25.508314928197677     
   37633.771956956960        25.513772398977785     
   37633.809201201198        25.518946680482927     
   37633.846445445444        25.523833639678369     
   37633.883689689690        25.528429143526314     
   37633.920933933936        25.532729904408079     
   37633.958178178174        25.536743372517805     
   37633.995422422420        25.540484383693428     
   37634.032666666666        25.543967919180357     
   37634.069910910912        25.547208960224815     
   37634.107155155158        25.550222488073022     
   37634.144399399396        25.553023483970669     
   37634.181643643642        25.555626929165069     
   37634.218887887888        25.558047804901872     
   37634.256132132134        25.560301072542700     
   37634.293376376372        25.562390578739230     
   37634.330620620618        25.564290577198026     
   37634.367864864864        25.565970450490315     
   37634.405109109110        25.567399581187747     
   37634.442353353355        25.568547351861966     
   37634.479597597594        25.569383145084497     
   37634.516841841840        25.569876343427318     
   37634.554086086086        25.569996331064605     
   37634.591330330331        25.569723226708287     
   37634.628574574577        25.569073465763420     
   37634.665818818816        25.568071156158243     
   37634.703063063062        25.566740405820362     
   37634.740307307307        25.565105322677937     
   37634.777551551553        25.563190014658993     
   37634.814795795792        25.561018589691965     
   37634.852040040038        25.558613817761373     
   37634.889284284283        25.555975379142083     
   37634.926528528529        25.553083465638444     
   37634.963772772775        25.549917657858192     
   37635.001017017014        25.546457536409754     
   37635.038261261259        25.542682681899525     
   37635.075505505505        25.538572674935878     
   37635.112749749751        25.534107096126558     
   37635.149993993997        25.529265526079293     
   37635.187238238235        25.524027545402880     
   37635.224482482481        25.518372734703007     
   37635.261726726727        25.512280674588393     
   37635.298970970973        25.505737933258992     
   37635.336215215211        25.498819500632514     
   37635.373459459457        25.491661024161019     
   37635.410703703703        25.484355088446399     
   37635.447947947949        25.476634619678471     
   37635.485192192195        25.468057627666724     
   37635.522436436433        25.458181710037373     
   37635.559680680679        25.446796935443196     
   37635.596924924925        25.434253366502155     
   37635.634169169170        25.420983684240955     
   37635.671413413409        25.407420569688952     
   37635.708657657655        25.393996703867479     
   37635.745901901901        25.381144767805871     
   37635.783146146146        25.369297442530840     
   37635.820390390392        25.358887409069087     
   37635.857634634631        25.350347348448771     
   37635.894878878877        25.344109941693198     
   37635.932123123122        25.340607869830926     
   37635.969367367368        25.339802209522890     
   37636.006611611614        25.336787532005371     
   37636.043855855853        25.330380320051926     
   37636.081100100098        25.320884973957781     
   37636.118344344344        25.308605894021639     
   37636.155588588590        25.293847480541267     
   37636.192832832829        25.276914133817940     
   37636.230077077074        25.258110254142768     
   37636.267321321320        25.237740241816624     
   37636.304565565566        25.216108596229560     
   37636.341809809812        25.193548860381707     
   37636.379054054050        25.170463855574912     
   37636.416298298296        25.147266512682865     
   37636.453542542542        25.124369762592824     
   37636.490786786788        25.102186536187560     
   37636.528031031034        25.081129764349846     
   37636.565275275272        25.061612377966103     
   37636.602519519518        25.044047307911413     
   37636.639763763764        25.028847485072525     
   37636.677008008010        25.016425840332221     
   37636.714252252248        25.007195304574740     
   37636.751496496494        25.001568808679188     
   37636.788740740740        24.999959283530472     
   37636.825984984986        24.995029231102208     
   37636.863229229231        24.975354529744543     
   37636.900473473470        24.951656994663150     
   37636.937717717716        24.930702496211580     
   37636.974961961962        24.912096292395230     
   37637.012206206207        24.894889046453628     
   37637.049450450446        24.878131421629597     
   37637.086694694692        24.860874081156261     
   37637.123938938937        24.842167688276444     
   37637.161183183183        24.821292914500194     
   37637.198427427429        24.798809345413762     
   37637.235671671668        24.775718495798586     
   37637.272915915913        24.753022302029450     
   37637.310160160159        24.731722700494828     
   37637.347404404405        24.712821627578705     
   37637.384648648651        24.697321019665058     
   37637.421892892889        24.686222813139548     
   37637.459137137135        24.680528944381660     
   37637.496381381381        24.679550747583797     
   37637.533625625627        24.674326779845210     
   37637.570869869865        24.664009710512584     
   37637.608114114111        24.649525187187379     
   37637.645358358357        24.631798857476777     
   37637.682602602603        24.611756368986416     
   37637.719846846849        24.590323369321936     
   37637.757091091087        24.568425506093241     
   37637.794335335333        24.546988426897254     
   37637.831579579579        24.526937779343882     
   37637.868823823825        24.509199168393152     
   37637.906068068070        24.494279198392061     
   37637.943312312309        24.481236913831960     
   37637.980556556555        24.468962801306500     
   37638.017800800801        24.457122925412154     
   37638.055045045046        24.445643615702814     
   37638.092289289285        24.434451392615919     
   37638.129533533531        24.423472776582390     
   37638.166777777777        24.412634288039712     
   37638.204022022022        24.401862447423170     
   37638.241266266268        24.391083775168038     
   37638.278510510507        24.380286536955335     
   37638.315754754753        24.369793219088205     
   37638.352998998998        24.359959820773412     
   37638.390243243244        24.350844868038116     
   37638.427487487483        24.342436886070701     
   37638.464731731729        24.334724400054689     
   37638.501975975974        24.327695935178589     
   37638.539220220220        24.321340016629208     
   37638.576464464466        24.315645169593353     
   37638.613708708705        24.310599919258742     
   37638.650952952950        24.306192790810222     
   37638.688197197196        24.302412309435638     
   37638.725441441442        24.299247000321792     
   37638.762685685688        24.296685388655494     
   37638.799929929926        24.294715999623868     
   37638.837174174172        24.293327358412959     
   37638.874418418418        24.292507990210005     
   37638.911662662664        24.292246420201820     
   37638.948906906902        24.292531173575085     
   37638.986151151148        24.293350775516728     
   37639.023395395394        24.294693751213551     
   37639.060639639640        24.296548625852349     
   37639.097883883886        24.298903924619932     
   37639.135128128124        24.301748163056750     
   37639.172372372370        24.305069708969775     
   37639.209616616616        24.308856814669891     
   37639.246860860861        24.313097729393629     
   37639.284105105107        24.317780702377544     
   37639.321349349346        24.322893982857121     
   37639.358593593592        24.328425820070919     
   37639.395837837837        24.334364463254513     
   37639.433082082083        24.340698161644443     
   37639.470326326322        24.347415164475905     
   37639.507570570568        24.354503720988070     
   37639.544814814813        24.361952080416206     
   37639.582059059059        24.369748491996845     
   37639.619303303305        24.377881204966542     
   37639.656547547544        24.386338468560144     
   37639.693791791789        24.395108532017506     
   37639.731036036035        24.404179644573546     
   37639.768280280281        24.413540055464814     
   37639.805524524520        24.423178013925927     
   37639.842768768765        24.433081769197209     
   37639.880013013011        24.443239570513342     
   37639.917257257257        24.453639667110863     
   37639.954501501503        24.464270308226322     
   37639.991745745741        24.475119743094115     
   37640.028989989987        24.486176220955024     
   37640.066234234233        24.497427991043494     
   37640.103478478479        24.508863302596069     
   37640.140722722725        24.520470404849288     
   37640.177966966963        24.532237547037383     
   37640.215211211209        24.544152978401492     
   37640.252455455455        24.556204948175871     
   37640.289699699701        24.568381705597069     
   37640.326943943939        24.580671499899214     
   37640.364188188185        24.593062580323647     
   37640.401432432431        24.605543196104527     
   37640.438676676677        24.618101596478393     
   37640.475920920922        24.630726030681785     
   37640.513165165161        24.643404747948765     
   37640.550409409407        24.656125997520828     
   37640.587653653653        24.668878028632051     
   37640.624897897898        24.681649090518967     
   37640.662142142144        24.694427432418124     
   37640.699386386383        24.707201303563572     
   37640.736630630628        24.719958953196834     
   37640.773874874874        24.732688715471610     
   37640.811119119120        24.745394556854226     
   37640.848363363359        24.758114223552965     
   37640.885607607604        24.770889866936812     
   37640.922851851850        24.783763310662625     
   37640.960096096096        24.796749159287174     
   37640.997340340342        24.809814790683738     
   37641.034584584580        24.822922868529879     
   37641.071828828826        24.836036056510856     
   37641.109073073072        24.849117018304227     
   37641.146317317318        24.862128417590114     
   37641.183561561556        24.875032918046138     
   37641.220805805802        24.887793183357470     
   37641.258050050048        24.900371877201703     
   37641.295294294294        24.912731747985926     
   37641.332538538540        24.924849227550965     
   37641.369782782778        24.936729403817743     
   37641.407027027024        24.948380967402731     
   37641.444271271270        24.959812608915428     
   37641.481515515516        24.971033018967660     
   37641.518759759761        24.982050888171266     
   37641.556004004000        24.992874907135981     
   37641.593248248246        25.003513766477866     
   37641.630492492492        25.013976156806621     
   37641.667736736737        25.024270768734077     
   37641.704980980976        25.034406292870109     
   37641.742225225222        25.044391419830504     
   37641.779469469468        25.054234840225103     
   37641.816713713713        25.063945244665739     
   37641.853957957959        25.073531323764247     
   37641.891202202198        25.083001768130618     
   37641.928446446444        25.092364816318312     
   37641.965690690689        25.101575928834407     
   37642.002934934935        25.110489080930705     
   37642.040179179181        25.118946728618383     
   37642.077423423420        25.126873831528421     
   37642.114667667665        25.134683781172271     
   37642.151911911911        25.142969045464756     
   37642.189156156157        25.152322363503366     
   37642.226400400396        25.163336474383247     
   37642.263644644641        25.176526118263933     
   37642.300888888887        25.190370003007992     
   37642.338133133133        25.201170476813054     
   37642.375377377379        25.207348056740521     
   37642.412621621617        25.213124959138444     
   37642.449865865863        25.220889847248042     
   37642.487110110109        25.230222728961074     
   37642.524354354355        25.240581489014492     
   37642.561598598593        25.251424012143140     
   37642.598842842839        25.262208183088305     
   37642.636087087085        25.272391886584863     
   37642.673331331331        25.281433916769451     
   37642.710575575577        25.289085912681085     
   37642.747819819815        25.295810613605624     
   37642.785064064061        25.302176608490967     
   37642.822308308307        25.308752486281094     
   37642.859552552552        25.316039623937549     
   37642.896796796798        25.324073847926183     
   37642.934041041037        25.332693931930518     
   37642.971285285283        25.341737943464768     
   37643.008529529528        25.351043950038132     
   37643.045773773774        25.360450019161433     
   37643.083018018013        25.369794218343685     
   37643.120262262259        25.378914615099404     
   37643.157506506504        25.387649276937562     
   37643.194750750750        25.395836271368996     
   37643.231994994996        25.403318892690976     
   37643.269239239235        25.410089435495713     
   37643.306483483480        25.416307192046752     
   37643.343727727726        25.422140295543002     
   37643.380971971972        25.427756879184741     
   37643.418216216218        25.433318932250092     
   37643.455460460456        25.438895226502360     
   37643.492704704702        25.444482111097447     
   37643.529948948948        25.450074033490573     
   37643.567193193194        25.455665441138052     
   37643.604437437432        25.461250781495110     
   37643.641681681678        25.466824502020241     
   37643.678925925924        25.472381050168671     
   37643.716170170170        25.477914873396703     
   37643.753414414416        25.483420419160659     
   37643.790658658654        25.488892134915783     
   37643.827902902900        25.494324468120528     
   37643.865147147146        25.499711866230136     
   37643.902391391392        25.505048776700910     
   37643.939635635630        25.510329646988154     
   37643.976879879876        25.515548924550234     
   37644.014124124122        25.520701056842430     
   37644.051368368368        25.525780491321051     
   37644.088612612613        25.530781675442416     
   37644.125856856852        25.535699056661880     
   37644.163101101098        25.540526995450353     
   37644.200345345344        25.545171068063205     
   37644.237589589589        25.549280719069710     
   37644.274833833835        25.552502540410181     
   37644.312078078074        25.554800314566279     
   37644.349322322319        25.556279578957952     
   37644.386566566565        25.557046530902543     
   37644.423810810811        25.557207367717901     
   37644.461055055050        25.556868286721990     
   37644.498299299295        25.556135485232524     
   37644.535543543541        25.555115160567389     
   37644.572787787787        25.553913510044435     
   37644.610032032033        25.552636730981529     
   37644.647276276271        25.551391020696762     
   37644.684520520517        25.550282576507492     
   37644.721764764763        25.549417595731825     
   37644.759009009009        25.548902275687617     
   37644.796253253255        25.548842813692737     
   37644.833497497493        25.549345407064884     
   37644.870741741739        25.550516253122087     
   37644.907985985985        25.552461549182176     
   37644.945230230231        25.555287492563007     
   37644.982474474469        25.559100280581593     
   37645.019718718715        25.558856750268433     
   37645.056962962961        25.541029249270018     
   37645.094207207207        25.528475367341546     
   37645.131451451452        25.521473656373143     
   37645.168695695691        25.518636722704407     
   37645.205939939937        25.518577172673815     
   37645.243184184183        25.519907612621640     
   37645.280428428428        25.521240648887240     
   37645.317672672667        25.521188887810208     
   37645.354916916913        25.518396528472984     
   37645.392161161159        25.512558446136545     
   37645.429405405404        25.504639752352368     
   37645.466649649650        25.495681559756342     
   37645.503893893889        25.486713567570263     
   37645.541138138135        25.478242041967320     
   37645.578382382380        25.470043189699574     
   37645.615626626626        25.461839039400079     
   37645.652870870872        25.453351619701895     
   37645.690115115111        25.444321689839597     
   37645.727359359356        25.434748587816404     
   37645.764603603602        25.424820166736090     
   37645.801847847848        25.414728557394440     
   37645.839092092087        25.404665890589165     
   37645.876336336332        25.394824297112091     
   37645.913580580578        25.385395907760962     
   37645.950824824824        25.376545261542773     
   37645.988069069070        25.367361067878434     
   37646.025313313308        25.356443392140363     
   37646.062557557554        25.344002052324655     
   37646.099801801800        25.330429808384885     
   37646.137046046046        25.316119420272670     
   37646.174290290292        25.301463647939624     
   37646.211534534530        25.286805943122040     
   37646.248778778776        25.272223381636138     
   37646.286023023022        25.257703495222106     
   37646.323267267268        25.243233748865570     
   37646.360511511506        25.228801607554971     
   37646.397755755752        25.214394536270294     
   37646.434999999998        25.199999999999999     
