   22223.164000000001        25.420000000000002     
   22223.209213213213        25.424920695569746     
   22223.254426426429        25.429871434807339     
   22223.299639639641        25.434882261379446     
   22223.344852852853        25.439983218953920     
   22223.390066066066        25.445197572814703     
   22223.435279279282        25.450521208689672     
   22223.480492492494        25.455943100259425     
   22223.525705705706        25.461452221205604     
   22223.570918918918        25.467037545209436     
   22223.616132132134        25.472688045952605     
   22223.661345345346        25.478392697115417     
   22223.706558558559        25.484140472379558     
   22223.751771771771        25.489920345426228     
   22223.796984984987        25.495721289937137     
   22223.842198198199        25.501532279592571     
   22223.887411411411        25.507342288074213     
   22223.932624624624        25.513140289063291     
   22223.977837837840        25.518915256241485     
   22224.023051051052        25.524656163289094     
   22224.068264264264        25.530351983887801     
   22224.113477477476        25.535991691718834     
   22224.158690690692        25.541564260463858     
   22224.203903903905        25.547058663803199     
   22224.249117117117        25.552463875418528     
   22224.294330330333        25.557768868991495     
   22224.339543543545        25.562962618202466     
   22224.384756756757        25.568034096733097     
   22224.429969969970        25.572972278264611     
   22224.475183183185        25.577766136478605     
   22224.520396396398        25.582404645055533     
   22224.565609609610        25.586876777677013     
   22224.610822822822        25.591171508024260     
   22224.656036036038        25.595277809778825     
   22224.701249249250        25.599184656621265     
   22224.746462462463        25.602939653764601     
   22224.791675675675        25.607046203393686     
   22224.836888888891        25.612204071697242     
   22224.882102102103        25.618433564347821     
   22224.927315315315        25.624924968277114     
   22224.972528528528        25.631351620166217     
   22225.017741741744        25.637660061860267     
   22225.062954954956        25.643798897198344     
   22225.108168168168        25.649716730021048     
   22225.153381381380        25.655362164168487     
   22225.198594594596        25.660683803481170     
   22225.243807807808        25.665630251798323     
   22225.289021021021        25.670150112960492     
   22225.334234234233        25.674191990807774     
   22225.379447447449        25.677704489180524     
   22225.424660660661        25.680637281051791     
   22225.469873873873        25.683089686719281     
   22225.515087087089        25.685463266762795     
   22225.560300300302        25.688195983321833     
   22225.605513513514        25.691725798536442     
   22225.650726726726        25.696490674546485     
   22225.695939939942        25.702903926192597     
   22225.741153153154        25.710519629407507     
   22225.786366366367        25.717829756763127     
   22225.831579579579        25.723399879212330     
   22225.876792792795        25.727491400202545     
   22225.922006006007        25.731481105644036     
   22225.967219219219        25.735955347682573     
   22226.012432432432        25.740310868017062     
   22226.057645645647        25.744116653946037     
   22226.102858858860        25.747793572762326     
   22226.148072072072        25.751919453659724     
   22226.193285285284        25.756691933522706     
   22226.238498498500        25.761868529623385     
   22226.283711711712        25.767182190506325     
   22226.328924924925        25.772370617217376     
   22226.374138138137        25.777302568181149     
   22226.419351351353        25.781991218550544     
   22226.464564564565        25.786457175741404     
   22226.509777777777        25.790721047170699     
   22226.554990990993        25.794803440255333     
   22226.600204204206        25.798724962411249     
   22226.645417417418        25.802506221055367     
   22226.690630630630        25.806167823604284     
   22226.735843843846        25.809730377474864     
   22226.781057057058        25.813214490083119     
   22226.826270270270        25.816640768845939     
   22226.871483483483        25.820029821179908     
   22226.916696696699        25.823402254501886     
   22226.961909909911        25.826778676227917     
   22227.007123123123        25.830179693774870     
   22227.052336336335        25.833625914559327     
   22227.097549549551        25.837137945998162     
   22227.142762762764        25.840736395507403     
   22227.187975975976        25.844441870503921     
   22227.233189189188        25.848274978404298     
   22227.278402402404        25.852253143627934     
   22227.323615615616        25.856338144932685     
   22227.368828828829        25.860444413520717     
   22227.414042042041        25.864484870796453     
   22227.459255255257        25.868372438164620     
   22227.504468468469        25.872023202923010     
   22227.549681681681        25.875408260714760     
   22227.594894894897        25.878545333784849     
   22227.640108108109        25.881453619548786     
   22227.685321321322        25.884152315422845     
   22227.730534534534        25.886660618823051     
   22227.775747747750        25.888997727165595     
   22227.820960960962        25.891182837866118     
   22227.866174174174        25.893235148340835     
   22227.911387387387        25.895173856005755     
   22227.956600600603        25.897018158277042     
   22228.001813813815        25.898787252570415     
   22228.047027027027        25.900500336302045     
   22228.092240240239        25.902176606887945     
   22228.137453453455        25.903835261744263     
   22228.182666666668        25.905495498286754     
   22228.227879879880        25.907176513931560     
   22228.273093093092        25.908897506094700     
   22228.318306306308        25.910677672192339     
   22228.363519519520        25.912536209640205     
   22228.408732732732        25.914492315854453     
   22228.453945945945        25.916565188251099     
   22228.499159159161        25.918774024246343     
   22228.544372372373        25.921135226277109     
   22228.589585585585        25.923591856404940     
   22228.634798798797        25.926008221907971     
   22228.680012012013        25.928244750481763     
   22228.725225225226        25.930161892714807     
   22228.770438438438        25.931656681444665     
   22228.815651651654        25.932736954830716     
   22228.860864864866        25.933431450332286     
   22228.906078078078        25.933768905408975     
   22228.951291291291        25.933778057520271     
   22228.996504504506        25.933487644125648     
   22229.041717717719        25.932926402684640     
   22229.086930930931        25.932123070656733     
   22229.132144144143        25.931106385501426     
   22229.177357357359        25.929905084774546     
   22229.222570570571        25.928548197616959     
   22229.267783783784        25.927065687720088     
   22229.312996996996        25.925487705623240     
   22229.358210210212        25.923844401865594     
   22229.403423423424        25.922165926986725     
   22229.448636636636        25.920482431525812     
   22229.493849849849        25.918824066022168     
   22229.539063063065        25.917220981014975     
   22229.584276276277        25.915703327043808     
   22229.629489489489        25.914301254647839     
   22229.674702702701        25.913044914366381     
   22229.719915915917        25.911964456738662     
   22229.765129129129        25.911090032304173     
   22229.810342342342        25.910451791602132     
   22229.855555555558        25.910079885171822     
   22229.900768768770        25.910004428191254     
   22229.945981981982        25.910071640952694     
   22229.991195195194        25.909565636777089     
   22230.036408408410        25.908227196082962     
   22230.081621621623        25.906172730301986     
   22230.126834834835        25.903524858611696     
   22230.172048048047        25.900406200189693     
   22230.217261261263        25.896939374213293     
   22230.262474474475        25.893246999860658     
   22230.307687687688        25.889451696309131     
   22230.352900900900        25.885676082736310     
   22230.398114114116        25.882042778319523     
   22230.443327327328        25.878671258709421     
   22230.488540540540        25.875562573280156     
   22230.533753753753        25.872566082317977     
   22230.578966966968        25.869521323811238     
   22230.624180180181        25.866310215870623     
   22230.669393393393        25.862922357864147     
   22230.714606606605        25.859364197867016     
   22230.759819819821        25.855642183954128     
   22230.805033033033        25.851762764201279     
   22230.850246246246        25.847732386683383     
   22230.895459459462        25.843557499475292     
   22230.940672672674        25.839244550652893     
   22230.985885885886        25.834799988291046     
   22231.031099099098        25.830230260464958     
   22231.076312312314        25.825541815249444     
   22231.121525525527        25.820741100720465     
   22231.166738738739        25.815834564952848     
   22231.211951951951        25.810828656021798     
   22231.257165165167        25.805729822002096     
   22231.302378378379        25.800544510969772     
   22231.347591591591        25.795279170999621     
   22231.392804804804        25.789940250166836     
   22231.438018018020        25.784534196546190     
   22231.483231231232        25.779067458213753     
   22231.528444444444        25.773546483244289     
   22231.573657657656        25.767977719713006     
   22231.618870870872        25.762367615694650     
   22231.664084084085        25.756722619265329     
   22231.709297297297        25.751049178499791     
   22231.754510510509        25.745353741473235     
   22231.799723723725        25.739642756260409     
   22231.844936936937        25.733922670937432     
   22231.890150150150        25.728199933579045     
   22231.935363363362        25.722480992260451     
   22231.980576576578        25.716771933793392     
   22232.025789789790        25.711072630407244     
   22232.071003003002        25.705377719548842     
   22232.116216216218        25.699681675172609     
   22232.161429429430        25.693978971234351     
   22232.206642642643        25.688264081688502     
   22232.251855855855        25.682531480489942     
   22232.297069069071        25.676775641593096     
   22232.342282282283        25.670991038953787     
   22232.387495495495        25.665172146526430     
   22232.432708708708        25.659313438265915     
   22232.477921921924        25.653409388126654     
   22232.523135135136        25.647454470064485     
   22232.568348348348        25.641443158033823     
   22232.613561561560        25.635369925989554     
   22232.658774774776        25.629229247886073     
   22232.703987987989        25.623015597679249     
   22232.749201201201        25.616723449323484     
   22232.794414414413        25.610347276773666     
   22232.839627627629        25.603881553984152     
   22232.884840840841        25.597320754910879     
   22232.930054054053        25.590659353508208     
   22232.975267267266        25.583891823731040     
   22233.020480480482        25.577012639533699     
   22233.065693693694        25.570016274872170     
   22233.110906906906        25.562897203700803     
   22233.156120120122        25.555649899973893     
   22233.201333333334        25.548268837647495     
   22233.246546546547        25.540748490675924     
   22233.291759759759        25.533091597870307     
   22233.336972972975        25.525345396561061     
   22233.382186186187        25.517572034205951     
   22233.427399399399        25.509833669041168     
   22233.472612612612        25.502192459303537     
   22233.517825825827        25.494710563229280     
   22233.563039039040        25.487450139056421     
   22233.608252252252        25.480473345021181     
   22233.653465465464        25.473842339360370     
   22233.698678678680        25.467612026772837     
   22233.743891891892        25.461539749984588     
   22233.789105105105        25.455049068909059     
   22233.834318318317        25.448068271170765     
   22233.879531531533        25.440796403996025     
   22233.924744744745        25.433434657611343     
   22233.969957957957        25.426178998729810     
   22234.015171171170        25.419120572688787     
   22234.060384384386        25.412253567801461     
   22234.105597597598        25.405568524741184     
   22234.150810810810        25.399055984179640     
   22234.196024024026        25.392706486788562     
   22234.241237237238        25.386510573241210     
   22234.286450450451        25.380458784209310     
   22234.331663663663        25.374541660365104     
   22234.376876876879        25.368749742380373     
   22234.422090090091        25.363073570928282     
   22234.467303303303        25.357503686680609     
   22234.512516516515        25.352030630309592     
   22234.557729729731        25.346644942487039     
   22234.602942942944        25.341337163886067     
   22234.648156156156        25.336097835178467     
   22234.693369369368        25.330917497036488     
   22234.738582582584        25.325786690131959     
   22234.783795795796        25.320695955137946     
   22234.829009009009        25.315639764822066     
   22234.874222222221        25.310636437521431     
   22234.919435435437        25.305713232806124     
   22234.964648648649        25.300897426066726     
   22235.009861861861        25.296216292692637     
   22235.055075075074        25.291697108073635     
   22235.100288288289        25.287367147599170     
   22235.145501501502        25.283253686659741     
   22235.190714714714        25.279384000644768     
   22235.235927927926        25.275785364944049     
   22235.281141141142        25.272485054947118     
   22235.326354354354        25.269510346044299     
   22235.371567567567        25.266888513625101     
   22235.416780780783        25.264646833079148     
   22235.461993993995        25.262812579796595     
   22235.507207207207        25.261413029167038     
   22235.552420420419        25.260475456580259     
   22235.597633633635        25.260027137426039     
   22235.642846846848        25.260004166169288     
   22235.688060060060        25.259804268372555     
   22235.733273273272        25.259222811381338     
   22235.778486486488        25.258322390705786     
   22235.823699699700        25.257166292730734     
   22235.868912912912        25.255817803840806     
   22235.914126126125        25.254340210420686     
   22235.959339339341        25.252796798854934     
   22236.004552552553        25.251250855528482     
   22236.049765765765        25.249765666825898     
   22236.094978978977        25.248404519131860     
   22236.140192192193        25.247230698830972     
   22236.185405405406        25.246307492308105     
   22236.230618618618        25.245698185947845     
   22236.275831831830        25.245466066134874     
   22236.321045045046        25.245674419253909     
   22236.366258258258        25.246386531689613     
   22236.411471471471        25.247665689826661     
   22236.456684684686        25.249575180049916     
   22236.501897897899        25.252144408088640     
   22236.547111111111        25.255164920865340     
   22236.592324324323        25.258326373001406     
   22236.637537537539        25.261324358830858     
   22236.682750750751        25.264036791972423     
   22236.727963963964        25.266547037969175     
   22236.773177177176        25.268949437086281     
   22236.818390390392        25.271338329589074     
   22236.863603603604        25.273808055742329     
   22236.908816816816        25.276452955811394     
   22236.954030030029        25.279367370061408     
   22236.999243243245        25.282645638757813     
   22237.044456456457        25.286382102165234     
   22237.089669669669        25.290670885204904     
   22237.134882882881        25.295505608140992     
   22237.180096096097        25.300619669677396     
   22237.225309309310        25.305704908561427     
   22237.270522522522        25.310453163541663     
   22237.315735735734        25.314556273366268     
   22237.360948948950        25.317706076783608     
   22237.406162162162        25.319594412541328     
   22237.451375375374        25.320017776227342     
   22237.496588588590        25.320530995242358     
   22237.541801801803        25.321722382889750     
   22237.587015015015        25.323550659473362     
   22237.632228228227        25.325974545297029     
   22237.677441441443        25.328952760664851     
   22237.722654654655        25.332444025880179     
   22237.767867867868        25.336407061247073     
   22237.813081081080        25.340800587069364     
   22237.858294294296        25.345583323651283     
   22237.903507507508        25.350713991295905     
   22237.948720720720        25.356151310307432     
   22237.993933933933        25.361854000989695     
   22238.039147147148        25.367780783647021     
   22238.084360360361        25.373890378582288     
   22238.129573573573        25.380141506099800     
   22238.174786786785        25.386492886503397     
   22238.220000000001        25.392903240097422     
   22238.265213213213        25.399331287184687     
   22238.310426426426        25.405735748069539     
   22238.355639639638        25.412075343055811     
   22238.400852852854        25.418308792447839     
   22238.446066066066        25.424394816548457     
   22238.491279279278        25.430292137888134     
   22238.536492492491        25.435979608897654     
   22238.581705705707        25.441505328552964     
   22238.626918918919        25.446932274387521     
   22238.672132132131        25.452323423936136     
   22238.717345345347        25.457741754733597     
   22238.762558558559        25.463247517931727     
   22238.807771771772        25.468858063783316     
   22238.852984984984        25.474556605880522     
   22238.898198198200        25.480325413027046     
   22238.943411411412        25.486146754025182     
   22238.988624624624        25.492002897678628     
   22239.033837837836        25.497876112790614     
   22239.079051051052        25.503748668164853     
   22239.124264264265        25.509602832603623     
   22239.169477477477        25.515420874910625     
   22239.214690690689        25.521185063889099     
   22239.259903903905        25.526877668342735     
   22239.305117117117        25.532481339614037     
   22239.350330330330        25.537990300488456     
   22239.395543543542        25.543412134263384     
   22239.440756756758        25.548755166910894     
   22239.485969969970        25.554027724401756     
   22239.531183183182        25.559238132708050     
   22239.576396396395        25.564394717801399     
   22239.621609609610        25.569505805653861     
   22239.666822822823        25.574578524805535     
   22239.712036036035        25.579613584117769     
   22239.757249249251        25.584609550179035     
   22239.802462462463        25.589564988087055     
   22239.847675675675        25.594478462940771     
   22239.892888888888        25.599348539838708     
   22239.938102102104        25.604173783879784     
   22239.983315315316        25.608952760161749     
   22240.028528528528        25.613684033783525     
   22240.073741741740        25.618366169843640     
   22240.118954954956        25.622997733441004     
   22240.164168168169        25.627577289673390     
   22240.209381381381        25.632103403639707     
   22240.254594594593        25.636574640438489     
   22240.299807807809        25.640989565168610     
   22240.345021021021        25.645346742927899     
   22240.390234234234        25.649644738815240     
   22240.435447447446        25.653884275815127     
   22240.480660660662        25.658077169646283     
   22240.525873873874        25.662238790489788     
   22240.571087087086        25.666384510146166     
   22240.616300300298        25.670529700415635     
   22240.661513513514        25.674689733098710     
   22240.706726726727        25.678879979994925     
   22240.751939939939        25.683115812904806     
   22240.797153153155        25.687412603628900     
   22240.842366366367        25.691785723966710     
   22240.887579579579        25.696250545718772     
   22240.932792792792        25.700822440685286     
   22240.978006006007        25.705516780666830     
   22241.023219219220        25.710348929419034     
   22241.068432432432        25.715306891165170     
   22241.113645645644        25.720290189205620     
   22241.158858858860        25.725204668057181     
   22241.204072072072        25.730037359729469     
   22241.249285285285        25.734792319394664     
   22241.294498498497        25.739473602224543     
   22241.339711711713        25.744085263391245     
   22241.384924924925        25.748631358065818     
   22241.430138138137        25.753115941420404     
   22241.475351351350        25.757543068626784     
   22241.520564564566        25.761916794857086     
   22241.565777777778        25.766241175282389     
   22241.610990990990        25.770520265074815     
   22241.656204204202        25.774758119406147     
   22241.701417417418        25.778958793448503     
   22241.746630630631        25.783126342372981     
   22241.791843843843        25.787264821351691     
   22241.837057057055        25.791378285556426     
   22241.882270270271        25.795470790159285     
   22241.927483483483        25.799546390331390     
   22241.972696696695        25.803609141244845     
   22242.017909909911        25.807663098071753     
   22242.063123123124        25.811712217241542     
   22242.108336336336        25.815757090105603     
   22242.153549549548        25.819794192415419     
   22242.198762762764        25.823819749167036     
   22242.243975975976        25.827829985355528     
   22242.289189189189        25.831821125976958     
   22242.334402402401        25.835789396027046     
   22242.379615615617        25.839731020501837     
   22242.424828828829        25.843642224396419     
   22242.470042042041        25.847519232706844     
   22242.515255255254        25.851358270428840     
   22242.560468468469        25.855155562558430     
   22242.605681681682        25.858907334090731     
   22242.650894894894        25.862609810021780     
   22242.696108108106        25.866259215347299     
   22242.741321321322        25.869851775063317     
   22242.786534534534        25.873383714164962     
   22242.831747747747        25.876851257648269     
   22242.876960960959        25.880250630508954     
   22242.922174174175        25.883578057743016     
   22242.967387387387        25.886829764345642     
   22243.012600600599        25.890001975312835     
   22243.057813813815        25.893090915640556     
   22243.103027027028        25.896092810324049     
   22243.148240240240        25.899003884359281     
   22243.193453453452        25.901820362741987     
   22243.238666666668        25.904538470468104     
   22243.283879879880        25.907154432532920     
   22243.329093093093        25.909664473932391     
   22243.374306306305        25.912064819662238     
   22243.419519519521        25.914351694718370     
   22243.464732732733        25.916521324096152     
   22243.509945945945        25.918569932791485     
   22243.555159159157        25.920493745800108     
   22243.600372372373        25.922288988117884     
   22243.645585585586        25.923951884740248     
   22243.690798798798        25.925478660663085     
   22243.736012012010        25.926865540882108     
   22243.781225225226        25.928108750393150     
   22243.826438438438        25.929204514191735     
   22243.871651651651        25.930149064332479     
   22243.916864864863        25.930940932542626     
   22243.962078078079        25.931584246795644     
   22244.007291291291        25.932083970081884     
   22244.052504504503        25.932445065391839     
   22244.097717717719        25.932672495715977     
   22244.142930930931        25.932771224044693     
   22244.188144144144        25.932746213368468     
   22244.233357357356        25.932602426677740     
   22244.278570570572        25.932344826962932     
   22244.323783783784        25.931978377214527     
   22244.368996996996        25.931508040422962     
   22244.414210210209        25.930938779578671     
   22244.459423423425        25.930275557672047     
   22244.504636636637        25.929523337693645     
   22244.549849849849        25.928687082633857     
   22244.595063063061        25.927771755483128     
   22244.640276276277        25.926782319231823     
   22244.685489489490        25.925723736870541     
   22244.730702702702        25.924600971389655     
   22244.775915915914        25.923418985779609     
   22244.821129129130        25.922182743030746     
   22244.866342342342        25.920897206133706     
   22244.911555555555        25.919567250375142     
   22244.956768768767        25.918192029538730     
   22245.001981981983        25.916761554398292     
   22245.047195195195        25.915265016228883     
   22245.092408408407        25.913691606305225     
   22245.137621621619        25.912030515902160     
   22245.182834834835        25.910270936294374     
   22245.228048048048        25.908402058756977     
   22245.273261261260        25.906413074564679     
   22245.318474474476        25.904293174992130     
   22245.363687687688        25.902031551314504     
   22245.408900900900        25.899617394806477     
   22245.454114114113        25.897039896742879     
   22245.499327327329        25.894288248398315     
   22245.544540540541        25.891351641048065     
   22245.589753753753        25.888219265966747     
   22245.634966966965        25.884880314429196     
   22245.680180180181        25.881323977709954     
   22245.725393393393        25.877539447084423     
   22245.770606606606        25.873515913827163     
   22245.815819819818        25.869242649449895     
   22245.861033033034        25.864733632346791     
   22245.906246246246        25.860062333553344     
   22245.951459459458        25.855310997514259     
   22245.996672672671        25.850561868674614     
   22246.041885885887        25.845897191479111     
   22246.087099099099        25.841399210373567     
   22246.132312312311        25.837150169802683     
   22246.177525525523        25.833232314211525     
   22246.222738738739        25.829727847799930     
   22246.267951951952        25.826628802782675     
   22246.313165165164        25.823645307582829     
   22246.358378378380        25.820432551857213     
   22246.403591591592        25.816691351908347     
   22246.448804804804        25.812388423059701     
   22246.494018018017        25.807586539663703     
   22246.539231231232        25.802348606687783     
   22246.584444444445        25.796737529100643     
   22246.629657657657        25.790816211869728     
   22246.674870870869        25.784647559962906     
   22246.720084084085        25.778294478347519     
   22246.765297297297        25.771819871992435     
   22246.810510510510        25.765286645865029     
   22246.855723723722        25.758757704933146     
   22246.900936936938        25.752295954164133     
   22246.946150150150        25.745964298526889     
   22246.991363363362        25.739825642988752     
   22247.036576576575        25.733942892517579     
   22247.081789789790        25.728378952080792     
   22247.127003003003        25.723196726647153     
   22247.172216216215        25.718457313813964     
   22247.217429429427        25.714115833847224     
   22247.262642642643        25.709964543989646     
   22247.307855855855        25.705781854334223     
   22247.353069069068        25.701346174972947     
   22247.398282282280        25.696452663700875     
   22247.443495495496        25.691061169307428     
   22247.488708708708        25.685225089630535     
   22247.533921921920        25.678998898852921     
   22247.579135135136        25.672437071157184     
   22247.624348348349        25.665594080727509     
   22247.669561561561        25.658524401746519     
   22247.714774774773        25.651282508397347     
   22247.759987987989        25.643922874862533     
   22247.805201201201        25.636499975326394     
   22247.850414414414        25.629068283971478     
   22247.895627627626        25.621682274980920     
   22247.940840840842        25.614390585892789     
   22247.986054054054        25.607194398527753     
   22248.031267267266        25.600071808779187     
   22248.076480480478        25.593000758537180     
   22248.121693693694        25.585959189691263     
   22248.166906906907        25.578925059122373     
   22248.212120120119        25.571882704834305     
   22248.257333333331        25.564832740003798     
   22248.302546546547        25.557778334941311     
   22248.347759759759        25.550722659958986     
   22248.392972972972        25.543668885367278     
   22248.438186186184        25.536620181477197     
   22248.483399399400        25.529579718599194     
   22248.528612612612        25.522550667045412     
   22248.573825825824        25.515536197126309     
   22248.619039039040        25.508539479152326     
   22248.664252252252        25.501563683435617     
   22248.709465465465        25.494611980286621     
   22248.754678678677        25.487687540016360     
   22248.799891891893        25.480793532935294     
   22248.845105105105        25.473933129355547     
   22248.890318318317        25.467109499587579     
   22248.935531531530        25.460325813942401     
   22248.980744744746        25.453585242730497     
   22249.025957957958        25.446890956263957     
   22249.071171171170        25.440246124853257     
   22249.116384384382        25.433653918809409     
   22249.161597597598        25.427117508442905     
   22249.206810810811        25.420640064065815     
   22249.252024024023        25.414224755988620     
   22249.297237237235        25.407874754522339     
   22249.342450450451        25.401593229977486     
   22249.387663663663        25.395383400520647     
   22249.432876876876        25.389248908484074     
   22249.478090090088        25.383193617889489     
   22249.523303303304        25.377221394690700     
   22249.568516516516        25.371336104842943     
   22249.613729729728        25.365541614300025     
   22249.658942942944        25.359841789015771     
   22249.704156156156        25.354240494945373     
   22249.749369369369        25.348741598042661     
   22249.794582582581        25.343348964261921     
   22249.839795795797        25.338066459556998     
   22249.885009009009        25.332897949883044     
   22249.930222222221        25.327847301193902     
   22249.975435435434        25.322918379443855     
   22250.020648648650        25.318115050586808     
   22250.065861861862        25.313441180577815     
   22250.111075075074        25.308900635370769     
   22250.156288288286        25.304497280919946     
   22250.201501501502        25.300234983179301     
   22250.246714714714        25.296117608103792     
   22250.291927927927        25.292149021647361     
   22250.337141141139        25.288333089764294     
   22250.382354354355        25.284673678408573     
   22250.427567567567        25.281174653535082     
   22250.472780780779        25.277839881097798     
   22250.517993993992        25.274673227051004     
   22250.563207207208        25.271678557348743     
   22250.608420420420        25.268859737945792     
   22250.653633633632        25.266220634796177     
   22250.698846846844        25.263765113854181     
   22250.744060060060        25.261497041073916     
   22250.789273273273        25.259420282410023     
   22250.834486486485        25.257538703816603     
   22250.879699699701        25.255856171247807     
   22250.924912912913        25.254376550658186     
   22250.970126126125        25.253103708001888     
   22251.015339339338        25.252041509233187     
   22251.060552552553        25.251193820306305     
   22251.105765765766        25.250564507175671     
   22251.150978978978        25.250157435795483     
   22251.196192192190        25.249976087062684     
   22251.241405405406        25.249976194000734     
   22251.286618618618        25.250020127843992     
   22251.331831831831        25.249960796698751     
   22251.377045045043        25.249735392079483     
   22251.422258258259        25.249413605608204     
   22251.467471471471        25.249076747062443     
   22251.512684684683        25.248806126219680     
   22251.557897897896        25.248683052857416     
   22251.603111111112        25.248788836753160     
   22251.648324324324        25.249204787684398     
   22251.693537537536        25.250012215392911     
   22251.738750750748        25.251270414889280     
   22251.783963963964        25.252953707177422     
   22251.829177177176        25.255015914154953     
   22251.874390390389        25.257410857719904     
   22251.919603603605        25.260092359770383     
   22251.964816816817        25.263014242203862     
   22252.010030030029        25.266130326918450     
   22252.055243243241        25.269394435812032     
   22252.100456456457        25.272760390782793     
   22252.145669669670        25.276182013728079     
   22252.190882882882        25.279613126546053     
   22252.236096096094        25.283015036378593     
   22252.281309309310        25.286391201706195     
   22252.326522522522        25.289759823112767     
   22252.371735735735        25.293139116741813     
   22252.416948948947        25.296547298736566     
   22252.462162162163        25.300002585240541     
   22252.507375375375        25.303523192396423     
   22252.552588588587        25.307127336347715     
   22252.597801801800        25.310833233237652     
   22252.643015015015        25.314659099209791     
   22252.688228228228        25.318623150406736     
   22252.733441441440        25.322743602972039     
   22252.778654654652        25.327038673048925     
   22252.823867867868        25.331526576781002     
   22252.869081081080        25.336225530310781     
   22252.914294294293        25.341153749781849     
   22252.959507507509        25.346329451337876     
   22253.004720720721        25.351770851121252     
   22253.049933933933        25.357496165275624     
   22253.095147147145        25.363521262461738     
   22253.140360360361        25.369823681260083     
   22253.185573573573        25.376349723582099     
   22253.230786786786        25.383044781191284     
   22253.275999999998        25.389854245850646     
   22253.321213213214        25.396723509323738     
   22253.366426426426        25.403597963372462     
   22253.411639639638        25.410422999760360     
   22253.456852852851        25.417144010250450     
   22253.502066066067        25.423706386606248     
   22253.547279279279        25.430055520589697     
   22253.592492492491        25.436136803964345     
   22253.637705705703        25.441895628493185     
   22253.682918918919        25.447277385939650     
   22253.728132132132        25.452227468065860     
   22253.773345345344        25.456691266635282     
   22253.818558558556        25.460614173410903     
   22253.863771771772        25.463941580155989     
   22253.908984984984        25.466618878632989     
   22253.954198198197        25.468591460605207     
   22253.999411411409        25.469804717835643     
   22254.044624624625        25.470251404048074     
   22254.089837837837        25.470378053794533     
   22254.135051051049        25.470883718622211     
   22254.180264264265        25.472470171051363     
   22254.225477477477        25.475839183601849     
   22254.270690690690        25.481692528793822     
   22254.315903903902        25.490731979147352     
   22254.361117117118        25.503659307183728     
   22254.406330330330        25.519569051928343     
   22254.451543543542        25.522671935210170     
   22254.496756756755        25.518090736961803     
   22254.541969969971        25.514668666298448     
   22254.587183183183        25.512827610548193     
   22254.632396396395        25.512459108113962     
   22254.677609609607        25.513454697399037     
   22254.722822822823        25.515705916806919     
   22254.768036036035        25.519104304740516     
   22254.813249249248        25.523541399603239     
   22254.858462462460        25.528908739798361     
   22254.903675675676        25.535097863729689     
   22254.948888888888        25.542000309799498     
   22254.994102102100        25.549507616411518     
   22255.039315315313        25.557511321969038     
   22255.084528528529        25.565902964876024     
   22255.129741741741        25.574574083534387     
   22255.174954954953        25.583416216348066     
   22255.220168168169        25.592320901721060     
   22255.265381381381        25.601179678055193     
   22255.310594594594        25.609884083754469     
   22255.355807807806        25.618325657222154     
   22255.401021021022        25.626406452857569     
   22255.446234234234        25.634107075599598     
   22255.491447447446        25.641443664702543     
   22255.536660660659        25.648432534179065     
   22255.581873873874        25.655089998042367     
   22255.627087087087        25.661432370304034     
   22255.672300300299        25.667475964977285     
   22255.717513513511        25.673237096074796     
   22255.762726726727        25.678732077609656     
   22255.807939939939        25.683977223593654     
   22255.853153153152        25.688988848039909     
   22255.898366366364        25.693783264961091     
   22255.943579579580        25.698376788370226     
   22255.988792792792        25.702785732279246     
   22256.034006006004        25.707026410701197     
   22256.079219219217        25.711115137648747     
   22256.124432432433        25.715068227134864     
   22256.169645645645        25.718901993171603     
   22256.214858858857        25.722632749771936     
   22256.260072072073        25.726276810948828     
   22256.305285285285        25.729850490714362     
   22256.350498498497        25.733370103081498     
   22256.395711711710        25.736851962062907     
   22256.440924924926        25.740312381671536     
   22256.486138138138        25.743767675919493     
   22256.531351351350        25.747234158819726     
   22256.576564564562        25.750728144384908     
   22256.621777777778        25.754265946627982     
   22256.666990990991        25.757863879561054     
   22256.712204204203        25.761538257197074     
   22256.757417417415        25.765305393548712     
   22256.802630630631        25.769181602628947     
   22256.847843843843        25.773179971541150     
   22256.893057057056        25.777289177275282     
   22256.938270270268        25.781486732594374     
   22256.983483483484        25.785750092628433     
   22257.028696696696        25.790056712506427     
   22257.073909909908        25.794384047358371     
   22257.119123123121        25.798709552313920     
   22257.164336336336        25.803010682503078     
   22257.209549549549        25.807264893054821     
   22257.254762762761        25.811449819678504     
   22257.299975975973        25.815552828920097     
   22257.345189189189        25.819575767453582     
   22257.390402402401        25.823521659685149     
   22257.435615615614        25.827393530021958     
   22257.480828828830        25.831194402871162     
   22257.526042042042        25.834927302638992     
   22257.571255255254        25.838595253732588     
   22257.616468468466        25.842201280558793     
   22257.661681681682        25.845748407524724     
   22257.706894894895        25.849239659036655     
   22257.752108108107        25.852678059501713     
   22257.797321321319        25.856066633326737     
   22257.842534534535        25.859408404918835     
   22257.887747747747        25.862706398684306     
   22257.932960960959        25.865963639030262     
   22257.978174174172        25.869183150363540     
   22258.023387387388        25.872367957091235     
   22258.068600600600        25.875521083619681     
   22258.113813813812        25.878645554355966     
   22258.159027027024        25.881744393706935     
   22258.204240240240        25.884820626079673     
   22258.249453453453        25.887877275880523     
   22258.294666666665        25.890917292073652     
   22258.339879879877        25.893937892421171     
   22258.385093093093        25.896926639232515     
   22258.430306306305        25.899870166948546     
   22258.475519519518        25.902755110010837     
   22258.520732732733        25.905568102860954     
   22258.565945945946        25.908295779939767     
   22258.611159159158        25.910924775688848     
   22258.656372372370        25.913441724549521     
   22258.701585585586        25.915833260963318     
   22258.746798798798        25.918086019371188     
   22258.792012012011        25.920186634214652     
   22258.837225225223        25.922121739935051     
   22258.882438438439        25.923877970973855     
   22258.927651651651        25.925441961772115     
   22258.972864864863        25.926800346771309     
   22259.018078078076        25.927939760412773     
   22259.063291291292        25.928846837137907     
   22259.108504504504        25.929508211387894     
   22259.153717717716        25.929910517604160     
   22259.198930930928        25.930046543846576     
   22259.244144144144        25.930011548534249     
   22259.289357357356        25.929969336794613     
   22259.334570570569        25.929969448566709     
   22259.379783783781        25.930009662130143     
   22259.424996996997        25.930082256375158     
   22259.470210210209        25.930166796548964     
   22259.515423423421        25.930240968289617     
   22259.560636636637        25.930282457235140     
   22259.605849849850        25.930268949023574     
   22259.651063063062        25.930178129292962     
   22259.696276276274        25.929987684102077     
   22259.741489489490        25.929679118450643     
   22259.786702702702        25.929247077033704     
   22259.831915915915        25.928689028352952     
   22259.877129129127        25.928002440910102     
   22259.922342342343        25.927184783206798     
   22259.967555555555        25.926233523744884     
   22260.012768768767        25.925146131026015     
   22260.057981981980        25.923920073551901     
   22260.103195195195        25.922552819824148     
   22260.148408408408        25.921041838344685     
   22260.193621621620        25.919384597615128     
   22260.238834834832        25.917578566137188     
   22260.284048048048        25.915621212412411     
   22260.329261261260        25.913510004942836     
   22260.374474474473        25.911242412230017     
   22260.419687687685        25.908815902775672     
   22260.464900900901        25.906227945081298     
   22260.510114114113        25.903476007649033     
   22260.555327327325        25.900557558980381     
   22260.600540540538        25.897470067577064     
   22260.645753753754        25.894211001940523     
   22260.690966966966        25.890777830572993     
   22260.736180180178        25.887168021975942     
   22260.781393393394        25.883379044650766     
   22260.826606606606        25.879408484478041     
   22260.871819819818        25.875310100009987     
   22260.917033033031        25.871283672437350     
   22260.962246246247        25.867552405663613     
   22261.007459459459        25.864339503593165     
   22261.052672672671        25.861868170129462     
   22261.097885885883        25.860361609176262     
   22261.143099099099        25.860018832353294     
   22261.188312312312        25.859310184175982     
   22261.233525525524        25.856695824336278     
   22261.278738738736        25.852540886227814     
   22261.323951951952        25.847247180319599     
   22261.369165165164        25.841216517082003     
   22261.414378378377        25.834850706984128     
   22261.459591591589        25.828550612346760     
   22261.504804804805        25.822582210089816     
   22261.550018018017        25.816937899087851     
   22261.595231231229        25.811576962433751     
   22261.640444444442        25.806458683220896     
   22261.685657657657        25.801542344542273     
   22261.730870870870        25.796787229492047     
   22261.776084084082        25.792152621163204     
   22261.821297297298        25.787597802648740     
   22261.866510510510        25.783082057042776     
   22261.911723723722        25.778564667438324     
   22261.956936936935        25.774004916928753     
   22262.002150150151        25.769362102955519     
   22262.047363363363        25.764603823683846     
   22262.092576576575        25.759719891061089     
   22262.137789789787        25.754703793639699     
   22262.183003003003        25.749549019971688     
   22262.228216216216        25.744249058610329     
   22262.273429429428        25.738797398107657     
   22262.318642642640        25.733187527016121     
   22262.363855855856        25.727412933887685     
   22262.409069069068        25.721467107275725     
   22262.454282282280        25.715343535732224     
   22262.499495495493        25.709035707809626     
   22262.544708708709        25.702537112059840     
   22262.589921921921        25.695843393401951     
   22262.635135135133        25.688980320663543     
   22262.680348348345        25.681995803346290     
   22262.725561561561        25.674938263067773     
   22262.770774774774        25.667856121447294     
   22262.815987987986        25.660797800102429     
   22262.861201201202        25.653811720650783     
   22262.906414414414        25.646946304711634     
   22262.951627627626        25.640249973902570     
   22262.996840840839        25.633771149841749     
   22263.042054054054        25.627558254146830     
   22263.087267267267        25.621659708436979     
   22263.132480480479        25.616123934329828     
   22263.177693693691        25.610999353443535     
   22263.222906906907        25.606266728033333     
   22263.268120120119        25.601397305008657     
   22263.313333333332        25.595695184993644     
   22263.358546546544        25.589053570158235     
   22263.403759759760        25.581680400564611     
   22263.448972972972        25.573786557811495     
   22263.494186186184        25.565582923495860     
   22263.539399399397        25.557280379215221     
   22263.584612612613        25.549089806566464     
   22263.629825825825        25.541222087148448     
   22263.675039039037        25.533888102558031     
   22263.720252252249        25.527291529610736     
   22263.765465465465        25.521394370282458     
   22263.810678678678        25.515865255273649     
   22263.855891891890        25.510355149271881     
   22263.901105105102        25.504515016965218     
   22263.946318318318        25.497995823041176     
   22263.991531531530        25.490448532188847     
   22264.036744744742        25.482148451673282     
   22264.081957957958        25.475951628106586     
   22264.127171171171        25.471931932018517     
   22264.172384384383        25.468088566610071     
   22264.217597597595        25.463395833445656     
   22264.262810810811        25.457902105149302     
   22264.308024024023        25.451708602092076     
   22264.353237237236        25.444916544643750     
   22264.398450450448        25.437627153174496     
   22264.443663663664        25.429941648053855     
   22264.488876876876        25.421961249653261     
   22264.534090090088        25.413787178342275     
   22264.579303303301        25.405520654491085     
   22264.624516516516        25.397262898469194     
   22264.669729729729        25.389115130648129     
   22264.714942942941        25.381178571397392     
   22264.760156156153        25.373554441087158     
   22264.805369369369        25.366343960087047     
   22264.850582582581        25.359648348768406     
   22264.895795795794        25.353568827500812     
   22264.941009009006        25.348206616654441     
   22264.986222222222        25.343662936599141     
   22265.031435435434        25.340039007705830     
   22265.076648648646        25.337285578896992     
   22265.121861861862        25.334728536826447     
   22265.167075075075        25.331531590872149     
   22265.212288288287        25.326917134897158     
   22265.257501501499        25.320902247344506     
   22265.302714714715        25.314075717876815     
   22265.347927927927        25.307038904726443     
   22265.393141141139        25.300393166124067     
   22265.438354354352        25.294640881984140     
   22265.483567567568        25.289805612056799     
   22265.528780780780        25.285766319234018     
   22265.573993993992        25.282401935968046     
   22265.619207207204        25.279591394711552     
   22265.664420420420        25.277213627917028     
   22265.709633633633        25.275147568037507     
   22265.754846846845        25.273272147525454     
   22265.800060060057        25.271466298833534     
   22265.845273273273        25.269609202827858     
   22265.890486486485        25.267629436517204     
   22265.935699699698        25.265564223214412     
   22265.980912912910        25.263465247562436     
   22266.026126126126        25.261384194204059     
   22266.071339339338        25.259372500936813     
   22266.116552552550        25.257464910614964     
   22266.161765765766        25.255669143113682     
   22266.206978978978        25.253990454473552     
   22266.252192192191        25.252434100734703     
   22266.297405405403        25.251005337937439     
   22266.342618618619        25.249709422121949     
   22266.387831831831        25.248551609328747     
   22266.433045045043        25.247537155597993     
   22266.478258258256        25.246671316969998     
   22266.523471471472        25.245959349484998     
   22266.568684684684        25.245406509183400     
   22266.613897897896        25.245018052105429     
   22266.659111111108        25.244799234291389     
   22266.704324324324        25.244755311781567     
   22266.749537537537        25.244891540616266     
   22266.794750750749        25.245213176835769     
   22266.839963963961        25.245725476480363     
   22266.885177177177        25.246433695590412     
   22266.930390390389        25.247343090206094     
   22266.975603603601        25.248458916367753     
   22267.020816816814        25.249786430115673     
   22267.066030030030        25.251330887490287     
   22267.111243243242        25.253097544531634     
   22267.156456456454        25.255091657280133     
   22267.201669669666        25.257318481776064     
   22267.246882882882        25.259783274059934     
   22267.292096096095        25.262491290171639     
   22267.337309309307        25.265447786151661     
   22267.382522522523        25.268658018040558     
   22267.427735735735        25.272127241878106     
   22267.472948948947        25.275860713704851     
   22267.518162162160        25.279863689561083     
   22267.563375375375        25.284141425487448     
   22267.608588588588        25.288699177523554     
   22267.653801801800        25.293537733016709     
   22267.699015015012        25.298615633662550     
   22267.744228228228        25.303868161782269     
   22267.789441441440        25.309230357620208     
   22267.834654654653        25.314637261421971     
   22267.879867867865        25.320023913432756     
   22267.925081081081        25.325325353898169     
   22267.970294294293        25.330476623062552     
   22268.015507507505        25.335412761171519     
   22268.060720720718        25.340068808470264     
   22268.105933933934        25.344379805204309     
   22268.151147147146        25.348280791618151     
   22268.196360360358        25.351711611194350     
   22268.241573573570        25.354714391521732     
   22268.286786786786        25.357429190978650     
   22268.331999999999        25.359999999999999     
