   76422.134999999995        25.809999999999999     
   76422.174514514511        25.810484109756690     
   76422.214029029026        25.810972086161922     
   76422.253543543542        25.811467795864246     
   76422.293058058058        25.811975105512207     
   76422.332572572574        25.812497881754354     
   76422.372087087075        25.813039991239023     
   76422.411601601591        25.813605300615166     
   76422.451116116106        25.814197676531123     
   76422.490630630622        25.814820985635446     
   76422.530145145138        25.815479094576681     
   76422.569659659654        25.816175870003370     
   76422.609174174169        25.816915178564066     
   76422.648688688685        25.817700886907303     
   76422.688203203201        25.818536861681640     
   76422.727717717717        25.819426969535613     
   76422.767232232232        25.820375077117774     
   76422.806746746748        25.821385051076660     
   76422.846261261249        25.822460758060423     
   76422.885775775765        25.823606064718383     
   76422.925290290281        25.824824837698714     
   76422.964804804797        25.826120943649958     
   76423.004319319312        25.827498249220660     
   76423.043833833828        25.828960621059366     
   76423.083348348344        25.830511925814619     
   76423.122862862860        25.832156030134971     
   76423.162377377375        25.833896800668967     
   76423.201891891891        25.835738104065147     
   76423.241406406407        25.837683806972059     
   76423.280920920923        25.839737776038252     
   76423.320435435424        25.841903877911452     
   76423.359949949940        25.844185979241793     
   76423.399464464455        25.846587946677055     
   76423.438978978971        25.849113646865774     
   76423.478493493487        25.851766946456504     
   76423.518008008003        25.854551712097781     
   76423.557522522518        25.857471810438156     
   76423.597037037034        25.860531108126178     
   76423.636551551550        25.863733471810388     
   76423.676066066066        25.867082768139333     
   76423.715580580581        25.870582863761555     
   76423.755095095097        25.874237625325613     
   76423.794609609598        25.878050919478603     
   76423.834124124114        25.882026612871890     
   76423.873638638630        25.886168572152634     
   76423.913153153146        25.890480663969392     
   76423.952667667661        25.894966754970699     
   76423.992182182177        25.899630711805109     
   76424.031696696693        25.904476401121165     
   76424.071211211209        25.909507689567413     
   76424.110725725724        25.914725943729774     
   76424.150240240240        25.920119176608541     
   76424.189754754756        25.925670960971768     
   76424.229269269257        25.931364866603396     
   76424.268783783773        25.937184463293683     
   76424.308298298289        25.943113320826605     
   76424.347812812804        25.949135008988215     
   76424.387327327320        25.955233097564573     
   76424.426841841836        25.961391156341744     
   76424.466356356352        25.967592755105766     
   76424.505870870868        25.973821463642704     
   76424.545385385383        25.980060851740244     
   76424.584899899899        25.986296297264442     
   76424.624414414415        25.992520201873901     
   76424.663928928931        25.998726672539583     
   76424.703443443432        26.004909816230196     
   76424.742957957948        26.011063739921269     
   76424.782472472463        26.017182550581502     
   76424.821986986979        26.023260355181868     
   76424.861501501495        26.029291260693338     
   76424.901016016011        26.035269374086894     
   76424.940530530526        26.041188802333505     
   76424.980045045042        26.047043652404156     
   76425.019559559558        26.052828031269808     
   76425.059074074074        26.058536045901455     
   76425.098588588589        26.064161803270053     
   76425.138103103105        26.069699410346590     
   76425.177617617606        26.075142974100054     
   76425.217132132122        26.080486601505427     
   76425.256646646638        26.085724399531664     
   76425.296161161154        26.090850475149743     
   76425.335675675669        26.095858935330639     
   76425.375190190185        26.100743887045326     
   76425.414704704701        26.105499437264779     
   76425.454219219217        26.110119692959973     
   76425.493733733732        26.114598761101885     
   76425.533248248248        26.118930748661491     
   76425.572762762764        26.123109762609765     
   76425.612277277280        26.127129909917681     
   76425.651791791781        26.130985297554830     
   76425.691306306297        26.134670032495027     
   76425.730820820812        26.138178221707797     
   76425.770335335328        26.141503972164116     
   76425.809849849844        26.144641390834959     
   76425.849364364360        26.147584584691298     
   76425.888878878875        26.150327675027828     
   76425.928393393391        26.152875516567605     
   76425.967907907907        26.155262749605502     
   76426.007422422423        26.157529139095818     
   76426.046936936938        26.159714449992876     
   76426.086451451440        26.161858447250204     
   76426.125965965955        26.164000895823669     
   76426.165480480471        26.166181560666800     
   76426.204994994987        26.168440206733912     
   76426.244509509503        26.170816598979311     
   76426.284024024018        26.173350502357316     
   76426.323538538534        26.176081681822236     
   76426.363053053050        26.179049902328384     
   76426.402567567566        26.182284955426990     
   76426.442082082081        26.185712822687567     
   76426.481596596597        26.189197855113449     
   76426.521111111113        26.192603591964460     
   76426.560625625614        26.195793572499294     
   76426.600140140130        26.198631335980149     
   76426.639654654646        26.200983657072836     
   76426.679169169161        26.202814228136990     
   76426.718683683677        26.204198103581078     
   76426.758198198193        26.205216479581345     
   76426.797712712709        26.205950552314029     
   76426.837227227225        26.206481517955378     
   76426.876741741740        26.206890572681633     
   76426.916256256256        26.207258912669033     
   76426.955770770772        26.207667734093832     
   76426.995285285288        26.208198233132265     
   76427.034799799789        26.208931605960256     
   76427.074314314305        26.209949048754567     
   76427.113828828820        26.211312411289882     
   76427.153343343336        26.212995580419605     
   76427.192857857852        26.214947456205927     
   76427.232372372368        26.217116936999190     
   76427.271886886883        26.219452921149745     
   76427.311401401399        26.221904307007946     
   76427.350915915915        26.224419992924144     
   76427.390430430431        26.226948877248685     
   76427.429944944946        26.229439858331926     
   76427.469459459462        26.231846270683569     
   76427.508973973963        26.234157487813665     
   76427.548488488479        26.236380402980831     
   76427.588003002995        26.238522025991536     
   76427.627517517511        26.240589366653118     
   76427.667032032026        26.242589434772903     
   76427.706546546542        26.244529240158240     
   76427.746061061058        26.246415792616460     
   76427.785575575574        26.248256101954905     
   76427.825090090089        26.250057177980899     
   76427.864604604605        26.251826030501793     
   76427.904119119121        26.253569669324914     
   76427.943633633622        26.255295104256973     
   76427.983148148138        26.257009345106567     
   76428.022662662654        26.258719401680406     
   76428.062177177169        26.260432283785814     
   76428.101691691685        26.262155001230138     
   76428.141206206201        26.263894563820706     
   76428.180720720717        26.265657981364861     
   76428.220235235232        26.267452263669931     
   76428.259749749748        26.269284420543265     
   76428.299264264264        26.271161461792190     
   76428.338778778780        26.273090397224053     
   76428.378293293295        26.275078236646177     
   76428.417807807797        26.277131989865140     
   76428.457322322312        26.279258666689781     
   76428.496836836828        26.281465276926703     
   76428.536351351344        26.283758830383228     
   76428.575865865860        26.286146336866707     
   76428.615380380375        26.288634806184472     
   76428.654894894891        26.291231248143859     
   76428.694409409407        26.293942672552198     
   76428.733923923923        26.296776089216838     
   76428.773438438438        26.299738507945108     
   76428.812952952954        26.302836938544345     
   76428.852467467470        26.306078390821892     
   76428.891981981971        26.309469874583794     
   76428.931496496487        26.313022897409688     
   76428.971011011003        26.316777552007185     
   76429.010525525518        26.320784878443693     
   76429.050040040034        26.325037004693705     
   76429.089554554550        26.329390984385252     
   76429.129069069066        26.333685027408109     
   76429.168583583581        26.337757343652058     
   76429.208098098097        26.341449536285552     
   76429.247612612613        26.344729534717221     
   76429.287127127129        26.347726209413707     
   76429.326641641645        26.350578874607216     
   76429.366156156146        26.353426844528890     
   76429.405670670661        26.356409433412992     
   76429.445185185177        26.359665955490698     
   76429.484699699693        26.363313266071351     
   76429.524214214209        26.367348019544536     
   76429.563728728725        26.371726824777081     
   76429.603243243240        26.376406263231722     
   76429.642757757756        26.381342916371182     
   76429.682272272272        26.386493365658197     
   76429.721786786788        26.391814192555486     
   76429.761301301303        26.397261978525794     
   76429.800815815805        26.402793305029792     
   76429.840330330320        26.408364753534304     
   76429.879844844836        26.413932905500033     
   76429.919359359352        26.419454342389702     
   76429.958873873868        26.424885645666048     
   76429.998388388383        26.430183397170428     
   76430.037902902899        26.435313858652652     
   76430.077417417415        26.440278142916412     
   76430.116931931931        26.445085203284926     
   76430.156446446446        26.449743993081412     
   76430.195960960962        26.454263465629104     
   76430.235475475478        26.458652574251225     
   76430.274989989979        26.462920272269450     
   76430.314504504495        26.467075513010137     
   76430.354019019011        26.471127249794925     
   76430.393533533526        26.475084435947039     
   76430.433048048042        26.478956024789703     
   76430.472562562558        26.482750969646130     
   76430.512077077074        26.486478223839562     
   76430.551591591589        26.490146740536389     
   76430.591106106105        26.493762771867196     
   76430.630620620621        26.497322993496205     
   76430.670135135137        26.500821959711956     
   76430.709649649652        26.504254224802981     
   76430.749164164154        26.507614343056606     
   76430.788678678669        26.510896868763844     
   76430.828193193185        26.514096356211976     
   76430.867707707701        26.517207359689550     
   76430.907222222217        26.520224433485097     
   76430.946736736732        26.523142131887159     
   76430.986251251248        26.525955009184276     
   76431.025765765764        26.528657619664990     
   76431.065280280280        26.531244517617832     
   76431.104794794795        26.533710257331339     
   76431.144309309311        26.536049393094068     
   76431.183823823827        26.538256479194537     
   76431.223338338328        26.540326069920560     
   76431.262852852844        26.542252719562200     
   76431.302367367360        26.544030982407207     
   76431.341881881875        26.545655412744118     
   76431.381396396391        26.547120564861480     
   76431.420910910907        26.548420993047820     
   76431.460425425423        26.549551251591691     
   76431.499939939938        26.550505894781619     
   76431.539454454454        26.551279476906149     
   76431.578968968970        26.551866552253820     
   76431.618483483486        26.552261675113165     
   76431.657997997987        26.552459399772701     
   76431.697512512503        26.552454280521097     
   76431.737027027018        26.552240871646795     
   76431.776541541534        26.551813727438329     
   76431.816056056050        26.551167402184237     
   76431.855570570566        26.550296450173057     
   76431.895085085082        26.549195425693338     
   76431.934599599597        26.547858883033605     
   76431.974114114113        26.546281376482405     
   76432.013628628629        26.544457460328278     
   76432.053143143145        26.542381688859756     
   76432.092657657660        26.540048616365382     
   76432.132172172162        26.537452797134701     
   76432.171686686677        26.534588785454339     
   76432.211201201193        26.531451135613747     
   76432.250715715709        26.528034401901461     
   76432.290230230225        26.524333138606014     
   76432.329744744740        26.520341900015953     
   76432.369259259256        26.516057523725355     
   76432.408773773772        26.511488552488292     
   76432.448288288288        26.506647269745926     
   76432.487802802803        26.501545960591610     
   76432.527317317319        26.496196910118691     
   76432.566831831835        26.490612403420521     
   76432.606346346336        26.484804725592642     
   76432.645860860852        26.478786161724116     
   76432.685375375368        26.472568996910404     
   76432.724889889883        26.466165516244853     
   76432.764404404399        26.459588004820819     
   76432.803918918915        26.452848747731650     
   76432.843433433431        26.445960030070708     
   76432.882947947946        26.438933255319725     
   76432.922462462462        26.431389681258281     
   76432.961976976978        26.422221516709023     
   76433.001491491494        26.411966628603693     
   76433.041006006009        26.401779782949863     
   76433.080520520511        26.391983762988499     
   76433.120035035026        26.382537840430764     
   76433.159549549542        26.373399782546841     
   76433.199064064058        26.364527356603208     
   76433.238578578574        26.355878329866357     
   76433.278093093089        26.347410469602767     
   76433.317607607605        26.339081543078940     
   76433.357122122121        26.330849317561352     
   76433.396636636637        26.322671560316493     
   76433.436151151152        26.314506038610851     
   76433.475665665668        26.306310519710912     
   76433.515180180169        26.298042770886234     
   76433.554694694685        26.289660559397220     
   76433.594209209201        26.281121652513391     
   76433.633723723717        26.272383817501229     
   76433.673238238232        26.263404821627226     
   76433.712752752748        26.254142432157867     
   76433.752267267264        26.244557005982546     
   76433.791781781780        26.234653853204531     
   76433.831296296295        26.224476365165025     
   76433.870810810811        26.214069136564014     
   76433.910325325327        26.203476762101488     
   76433.949839839843        26.192743836477433     
   76433.989354354344        26.181914954395832     
   76434.028868868860        26.171034710548689     
   76434.068383383375        26.160147699639953     
   76434.107897897891        26.149298516369619     
   76434.147412412407        26.138531737275418     
   76434.186926926923        26.127881623897473     
   76434.226441441439        26.117354908798710     
   76434.265955955954        26.106953781565672     
   76434.305470470470        26.096680431784904     
   76434.344984984986        26.086537049042953     
   76434.384499499502        26.076525822926364     
   76434.424014014017        26.066648943021676     
   76434.463528528519        26.056908598919001     
   76434.503043043034        26.047306980197710     
   76434.542557557550        26.037846276447954     
   76434.582072072066        26.028528677256283     
   76434.621586586582        26.019356372209231     
   76434.661101101097        26.010331550893358     
   76434.700615615613        26.001456402895201     
   76434.740130130129        25.992733117801301     
   76434.779644644645        25.984163885198207     
   76434.819159159160        25.975750894672466     
   76434.858673673676        25.967496335810615     
   76434.898188188192        25.959402398199202     
   76434.937702702693        25.951471271427664     
   76434.977217217209        25.943705145076706     
   76435.016731731725        25.936106208735815     
   76435.056246246240        25.928676651991545     
   76435.095760760756        25.921418664430430     
   76435.135275275272        25.914334435639020     
   76435.174789789788        25.907426155203861     
   76435.214304304303        25.900696012711496     
   76435.253818818819        25.894146197748469     
   76435.293333333335        25.887778899901328     
   76435.332847847851        25.881596308756617     
   76435.372362362352        25.875600613903046     
   76435.411876876868        25.869794004922753     
   76435.451391391383        25.864178671404517     
   76435.490905905899        25.858756802934892     
   76435.530420420415        25.853530589100412     
   76435.569934934931        25.848502214064219     
   76435.609449449446        25.843673449218507     
   76435.648963963962        25.839045370117685     
   76435.688478478478        25.834618985393220     
   76435.727992992994        25.830395303676561     
   76435.767507507509        25.826375333599177     
   76435.807022022025        25.822560083792528     
   76435.846536536526        25.818950562889363     
   76435.886051051042        25.815547779518482     
   76435.925565565558        25.812352742312711     
   76435.965080080074        25.809366459903512     
   76436.004594594589        25.806589940922343     
   76436.044109109105        25.804024194000672     
   76436.083623623621        25.801670227769947     
   76436.123138138137        25.799529050861636     
   76436.162652652652        25.797601671907199     
   76436.202167167168        25.795889099538094     
   76436.241681681684        25.794392342385773     
   76436.281196196200        25.793112409081708     
   76436.320710710701        25.792050308257707     
   76436.360225225217        25.791207048544443     
   76436.399739739732        25.790583638573811     
   76436.439254254248        25.790181086977267     
   76436.478768768764        25.790000402386276     
   76436.518283283280        25.790081770442473     
   76436.557797797796        25.790512249047932     
   76436.597312312311        25.791285708865196     
   76436.636826826827        25.792389607383097     
   76436.676341341343        25.793811402090444     
   76436.715855855859        25.795538550476056     
   76436.755370370374        25.797558510028754     
   76436.794884884876        25.799858738236452     
   76436.834399399391        25.802426692589670     
   76436.873913913907        25.805249830576429     
   76436.913428428423        25.808315609685550     
   76436.952942942939        25.811611487405841     
   76436.992457457454        25.815124921226136     
   76437.031971971970        25.818843368635235     
   76437.071486486486        25.822754287121967     
   76437.111001001002        25.826845134175144     
   76437.150515515517        25.831103367283585     
   76437.190030030033        25.835516443936115     
   76437.229544544534        25.840071821619837     
   76437.269059059050        25.844756957826938     
   76437.308573573566        25.849559310044576     
   76437.348088088082        25.854466335761572     
   76437.387602602597        25.859465492466750     
   76437.427117117113        25.864544237648918     
   76437.466631631629        25.869690028796896     
   76437.506146146145        25.874890323399505     
   76437.545660660660        25.880132578945563     
   76437.585175175176        25.885404252923884     
   76437.624689689692        25.890692802823285     
   76437.664204204208        25.895985686132590     
   76437.703718718709        25.901270360338671     
   76437.743233233225        25.906534282934235     
   76437.782747747740        25.911764911406159     
   76437.822262262256        25.916949703243262     
   76437.861776776772        25.922076115934356     
   76437.901291291288        25.927131606968260     
   76437.940805805803        25.932104313640941     
   76437.980320320319        25.937005240058244     
   76438.019834834835        25.941873185187212     
   76438.059349349351        25.946748625195539     
   76438.098863863866        25.951672036250898     
   76438.138378378382        25.956683894520971     
   76438.177892892883        25.961824219773753     
   76438.217407407399        25.967108929318751     
   76438.256921921915        25.972518355395280     
   76438.296436436431        25.978029967482165     
   76438.335950950946        25.983621235058241     
   76438.375465465462        25.989269627602340     
   76438.414979979978        25.994952614593291     
   76438.454494494494        26.000647670087151     
   76438.494009009009        26.006336547018265     
   76438.533523523525        26.012013212580101     
   76438.573038038041        26.017673799219249     
   76438.612552552557        26.023314439382297     
   76438.652067067058        26.028931265513776     
   76438.691581581574        26.034520410064413     
   76438.731096096089        26.040078005478730     
   76438.770610610605        26.045600184203309     
   76438.810125125121        26.051083078684748     
   76438.849639639637        26.056522821369636     
   76438.889154154152        26.061915544704561     
   76438.928668668668        26.067257381136116     
   76438.968183183184        26.072544463110894     
   76439.007697697700        26.077772923075479     
   76439.047212212216        26.082938893476474     
   76439.086726726717        26.088038506758590     
   76439.126241241232        26.093067895372180     
   76439.165755755748        26.098023191761946     
   76439.205270270264        26.102900528374484     
   76439.244784784780        26.107696037656375     
   76439.284299299296        26.112405852054216     
   76439.323813813811        26.117026104014595     
   76439.363328328327        26.121552925984101     
   76439.402842842843        26.125982450409328     
   76439.442357357359        26.130310809736869     
   76439.481871871874        26.134534136413308     
   76439.521386386390        26.138648562885237     
   76439.560900900891        26.142650221597801     
   76439.600415415407        26.146535245000535     
   76439.639929929923        26.150299765538534     
   76439.679444444439        26.153939915658388     
   76439.718958958954        26.157451827806693     
   76439.758473473470        26.160831634430032     
   76439.797987987986        26.164075467975003     
   76439.837502502502        26.167179460888192     
   76439.877017017017        26.170139745616186     
   76439.916531531533        26.172952454605586     
   76439.956046046049        26.175613720302980     
   76439.995560560565        26.178119675154953     
   76440.035075075066        26.180466487491582     
   76440.074589589582        26.182657527260613     
   76440.114104104097        26.184712037278732     
   76440.153618618613        26.186651378184841     
   76440.193133133129        26.188496910617840     
   76440.232647647645        26.190269995216617     
   76440.272162162160        26.191991992620075     
   76440.311676676676        26.193684263467105     
   76440.351191191192        26.195368168396612     
   76440.390705705708        26.197065068047479     
   76440.430220220223        26.198796323058613     
   76440.469734734739        26.200583130604574     
   76440.509249249240        26.202436051729141     
   76440.548763763756        26.204348666716225     
   76440.588278278272        26.206313035740195     
   76440.627792792788        26.208321218976121     
   76440.667307307303        26.210365276599042     
   76440.706821821819        26.212437268784011     
   76440.746336336335        26.214529255706093     
   76440.785850850851        26.216633297540319     
   76440.825365365366        26.218741454461764     
   76440.864879879882        26.220845786645462     
   76440.904394394398        26.222938354266482     
   76440.943908908899        26.225011217499102     
   76440.983423423415        26.227056436519913     
   76441.022937937931        26.229066071503194     
   76441.062452452446        26.231032182624002     
   76441.101966966962        26.232946830057386     
   76441.141481481478        26.234802073978400     
   76441.180995995994        26.236589974562097     
   76441.220510510509        26.238302591983526     
   76441.260025025025        26.239931986417744     
   76441.299539539541        26.241470218039797     
   76441.339054054057        26.242909347024746     
   76441.378568568573        26.244241433547639     
   76441.418083083074        26.245458537783101     
   76441.457597597589        26.246552719907079     
   76441.497112112105        26.247516040094162     
   76441.536626626621        26.248340558519402     
   76441.576141141137        26.249018335357853     
   76441.615655655653        26.249541430784561     
   76441.655170170168        26.249901904974582     
   76441.694684684684        26.250091818102963     
   76441.734199199200        26.250103230344767     
   76441.773713713716        26.249929090915341     
   76441.813228228231        26.249633157364741     
   76441.852742742747        26.249400371049514     
   76441.892257257248        26.249427558609696     
   76441.931771771764        26.249911546685397     
   76441.971286286280        26.251049161916789     
   76442.010800800796        26.253037230944017     
   76442.050315315311        26.256072580407210     
   76442.089829829827        26.260351958813629     
   76442.129344344343        26.265810645625326     
   76442.168858858859        26.271543197951974     
   76442.208373373374        26.276845220170795     
   76442.247887887890        26.281686094133875     
   76442.287402402406        26.286106400559966     
   76442.326916916922        26.290146720167805     
   76442.366431431423        26.293847633674826     
   76442.405945945939        26.297249721802487     
   76442.445460460454        26.300393565268102     
   76442.484974974970        26.303319744790414     
   76442.524489489486        26.306068841088162     
   76442.564004004002        26.308681434880093     
   76442.603518518517        26.311198106884934     
   76442.643033033033        26.313659437821443     
   76442.682547547549        26.316106008408347     
   76442.722062062065        26.318578399364391     
   76442.761576576580        26.321117191408320     
   76442.801091091096        26.323762965258872     
   76442.840605605597        26.326556301633726     
   76442.880120120113        26.329537781253666     
   76442.919634634629        26.332742410718321     
   76442.959149149145        26.336170154926478     
   76442.998663663660        26.339807394673667     
   76443.038178178176        26.343640480975676     
   76443.077692692692        26.347655764848266     
   76443.117207207208        26.351839597307222     
   76443.156721721723        26.356178329368312     
   76443.196236236239        26.360658312047313     
   76443.235750750755        26.365265896360000     
   76443.275265265256        26.369987433320386     
   76443.314779779772        26.374809273947726     
   76443.354294294288        26.379717769256075     
   76443.393808808803        26.384699270261212     
   76443.433323323319        26.389740127978907     
   76443.472837837835        26.394826693424932     
   76443.512352352351        26.399945317615071     
   76443.551866866866        26.405082351565085     
   76443.591381381382        26.410224146290759     
   76443.630895895898        26.415357052807860     
   76443.670410410414        26.420467422132162     
   76443.709924924930        26.425541605279442     
   76443.749439439431        26.430565953263635     
   76443.788953953946        26.435526817104218     
   76443.828468468462        26.440410547815105     
   76443.867982982978        26.445203496412073     
   76443.907497497494        26.449892013910890     
   76443.947012012010        26.454462451327338     
   76443.986526526525        26.458901159677179     
   76444.026041041041        26.463194489976200     
   76444.065555555557        26.467328793240171     
   76444.105070070073        26.471290858840554     
   76444.144584584588        26.475094270236937     
   76444.184099099104        26.478794427560068     
   76444.223613613605        26.482450361688542     
   76444.263128128121        26.486121103504981     
   76444.302642642637        26.489865683887963     
   76444.342157157153        26.493743133717430     
   76444.381671671668        26.497812483873329     
   76444.421186186184        26.502129517441016     
   76444.460700700700        26.506669993801282     
   76444.500215215216        26.511326573845388     
   76444.539729729731        26.515988055438989     
   76444.579244244247        26.520543236447743     
   76444.618758758763        26.524880914737309     
   76444.658273273279        26.528889888173335     
   76444.697787787780        26.532467265571281     
   76444.737302302296        26.535594992550116     
   76444.776816816811        26.538304629423735     
   76444.816331331327        26.540628361132200     
   76444.855845845843        26.542598372615608     
   76444.895360360359        26.544246848814026     
   76444.934874874874        26.545605974667531     
   76444.974389389390        26.546707935116203     
   76445.013903903906        26.547584915100121     
   76445.053418418422        26.548269099559363     
   76445.092932932937        26.548792673434004     
   76445.132447447439        26.549187821663999     
   76445.171961961954        26.549486729189706     
   76445.211476476470        26.549721580951033     
   76445.250990990986        26.549924561888059     
   76445.290505505502        26.550086719941511     
   76445.330020020017        26.549657824229730     
   76445.369534534533        26.548288973666189     
   76445.409049049049        26.546227834449077     
   76445.448563563565        26.543747606108067     
   76445.488078078080        26.541121488172841     
   76445.527592592596        26.538622680173077     
   76445.567107107112        26.536524381638465     
   76445.606621621613        26.535099792099039     
   76445.646136136129        26.534622111083355     
   76445.685650650645        26.535364538121755     
   76445.725165165160        26.537600272743923     
   76445.764679679676        26.541587308076004     
   76445.804194194192        26.546750351873960     
   76445.843708708708        26.551266057821955     
   76445.883223223223        26.553208652287395     
   76445.922737737739        26.550652361637695     
   76445.962252252255        26.541671412240273     
   76446.001766766771        26.524514764292224     
   76446.041281281287        26.510356810779925     
   76446.080795795788        26.507196878918826     
   76446.120310310303        26.509426567375321     
   76446.159824824819        26.511824852887035     
   76446.199339339335        26.512843784444993     
   76446.238853853851        26.512556950347083     
   76446.278368368367        26.511045072140085     
   76446.317882882882        26.508388871370776     
   76446.357397397398        26.504669069585933     
   76446.396911911914        26.499966388332339     
   76446.436426426430        26.494361549156771     
   76446.475940940945        26.487935273606009     
   76446.515455455461        26.480768283226833     
   76446.554969969962        26.472941299569015     
   76446.594484484478        26.464535044173548     
   76446.633998998994        26.455630238589972     
   76446.673513513510        26.446307604365067     
   76446.713028028025        26.436647863045614     
   76446.752542542541        26.426731736178397     
   76446.792057057057        26.416639945310187     
   76446.831571571573        26.406453211987774     
   76446.871086086088        26.396252257757922     
   76446.910600600604        26.386117804167419     
   76446.950115115120        26.376130572763046     
   76446.989629629621        26.366371285095124     
   76447.029144144137        26.356920662703210     
   76447.068658658653        26.347859427137738     
   76447.108173173168        26.339268299945481     
   76447.147687687684        26.331228002673214     
   76447.187202202200        26.323788875208699     
   76447.226716716716        26.316803620296071     
   76447.266231231231        26.310045889867418     
   76447.305745745747        26.303289127080873     
   76447.345260260263        26.296306775094578     
   76447.384774774779        26.288872277066677     
   76447.424289289294        26.280759076155309     
   76447.463803803796        26.271740615522138     
   76447.503318318311        26.261590338318733     
   76447.542832832827        26.250081687706373     
   76447.582347347343        26.236988106843203     
   76447.621861861859        26.222083038887369     
   76447.661376376374        26.205586288911057     
   76447.700890890890        26.190165006136215     
   76447.740405405406        26.177034091571215     
   76447.779919919922        26.165797256246222     
   76447.819434434437        26.156029069410646     
   76447.858948948953        26.147304100313921     
   76447.898463463469        26.139196918205471     
   76447.937977977970        26.131282092337656     
   76447.977492492486        26.123134191954197     
   76448.017007007002        26.114353272376150     
   76448.056521521517        26.104875200037490     
   76448.096036036033        26.094872875757002     
   76448.135550550549        26.084524176533868     
   76448.175065065065        26.074006979367255     
   76448.214579579580        26.063499161256338     
   76448.254094094096        26.053178599200287     
   76448.293608608612        26.043223170198274     
   76448.333123123128        26.033810751249483     
   76448.372637637643        26.025108210389355     
   76448.412152152145        26.017098615880176     
   76448.451666666660        26.009613109532427     
   76448.491181181176        26.002478271437639     
   76448.530695695692        25.995520681684248     
   76448.570210210208        25.988566920360725     
   76448.609724724723        25.981443567555509     
   76448.649239239239        25.973977203357052     
   76448.688753753755        25.965994407853810     
   76448.728268268271        25.957321761134232     
   76448.767782782787        25.947785843286773     
   76448.807297297302        25.937213234399884     
   76448.846811811803        25.925586243655282     
   76448.886326326319        25.919732623235952     
   76448.925840840835        25.920351666991973     
   76448.965355355351        25.919177103026023     
   76449.004869869867        25.916317574970964     
   76449.044384384382        25.911973484644129     
   76449.083898898898        25.906345233862830     
   76449.123413413414        25.899633224444372     
   76449.162927927930        25.892037858206074     
   76449.202442442445        25.883759536965258     
   76449.241956956961        25.874998662539237     
   76449.281471471477        25.865955636745326     
   76449.320985985978        25.856830861404191     
   76449.360500500494        25.847824738326366     
   76449.400015015010        25.839137633109026     
   76449.439529529525        25.830923894638051     
   76449.479044044041        25.823201781391539     
   76449.518558558557        25.815964514077780     
   76449.558073073073        25.809205313405073     
   76449.597587587588        25.802917400081725     
   76449.637102102104        25.797093994816031     
   76449.676616616620        25.791728318316284     
   76449.716131131136        25.786813591290795     
   76449.755645645651        25.782343034447855     
   76449.795160160153        25.778309868497168     
   76449.834674674668        25.774707314144074     
   76449.874189189184        25.771528592098420     
   76449.913703703700        25.768766923068526     
   76449.953218218216        25.766415527762678     
   76449.992732732731        25.764467626889175     
   76450.032247247247        25.762916441156321     
   76450.071761761763        25.761755191272417     
   76450.111276276279        25.760977097945762     
   76450.150790790794        25.760575381884646     
   76450.190305305310        25.760543263797373     
   76450.229819819826        25.760873964392246     
   76450.269334334327        25.761560704377246     
   76450.308848848843        25.762596704461174     
   76450.348363363359        25.763975185352152     
   76450.387877877874        25.765689367758469     
   76450.427392392390        25.767732472388428     
   76450.466906906906        25.770097719950328     
   76450.506421421422        25.772778331152470     
   76450.545935935937        25.775767526703149     
   76450.585450450453        25.779058527310667     
   76450.624964964969        25.782644553683323     
   76450.664479479485        25.786518826529417     
   76450.703993993986        25.790674566555662     
   76450.743508508502        25.795104994473427     
   76450.783023023017        25.799803330989530     
   76450.822537537533        25.804762796812266     
   76450.862052052049        25.809976612649940     
   76450.901566566565        25.815437999210847     
   76450.941081081080        25.821140177203286     
   76450.980595595596        25.827076367335565     
   76451.020110110112        25.833239790315968     
   76451.059624624628        25.839623666852805     
   76451.099139139144        25.846221217654374     
   76451.138653653659        25.853025663428969     
   76451.178168168160        25.860030224879999     
   76451.217682682676        25.867198180851815     
   76451.257197197192        25.874374562099728     
   76451.296711711708        25.881375212401217     
   76451.336226226224        25.888015975533762     
   76451.375740740739        25.894112695274856     
   76451.415255255255        25.899481215401977     
   76451.454769769771        25.903937379692607     
   76451.494284284287        25.907297031924237     
   76451.533798798802        25.909376015874344     
   76451.573313313318        25.909992837208058     
   76451.612827827834        25.911001704120757     
   76451.652342342335        25.914714173691763     
   76451.691856856851        25.920461629609491     
   76451.731371371367        25.927520182641967     
   76451.770885885882        25.935165943558125     
   76451.810400400398        25.942681535930088     
   76451.849914914914        25.949665331303066     
   76451.889429429430        25.956166251139351     
   76451.928943943945        25.962267762907025     
   76451.968458458461        25.968053334074192     
   76452.007972972977        25.973606432108937     
   76452.047487487493        25.979010524479349     
   76452.087002002008        25.984349078653523     
   76452.126516516510        25.989705562097562     
   76452.166031031025        25.995163442283477     
   76452.205545545541        26.000806131609728     
   76452.245060060057        26.006687720794751     
   76452.284574574573        26.012784801478254     
   76452.324089089088        26.019061308876548     
   76452.363603603604        26.025481178205915     
   76452.403118118120        26.032008344682662     
   76452.442632632636        26.038606743523097     
   76452.482147147151        26.045240309943512     
   76452.521661661667        26.051872979160215     
   76452.561176176168        26.058468686387073     
   76452.600690690684        26.064991366845263     
   76452.640205205200        26.071404955748655     
   76452.679719719716        26.077673388313535     
   76452.719234234231        26.083760599756214     
   76452.758748748747        26.089630525292982     
   76452.798263263263        26.095247100140149     
   76452.837777777779        26.100574259514012     
   76452.877292292294        26.105575938630864     
   76452.916806806810        26.110216072707011     
   76452.956321321326        26.114458596958755     
   76452.995835835842        26.118267446602388     
   76453.035350350343        26.121606556853081     
   76453.074864864859        26.124439862929599     
   76453.114379379374        26.126731300046920     
   76453.153893893890        26.128444803421349     
   76453.193408408406        26.129544308269189     
   76453.232922922922        26.129993749806729     
   76453.272437437437        26.130563325344202     
   76453.311951951953        26.133592057031038     
   76453.351466466469        26.138348360669148     
   76453.390980980985        26.143825616008108     
   76453.430495495501        26.149017202797502     
   76453.470010010016        26.153033604413359     
   76453.509524524517        26.155894369165402     
   76453.549039039033        26.158044198221013     
   76453.588553553549        26.159930208270094     
   76453.628068068065        26.161929352919373     
   76453.667582582581        26.164105330546853     
   76453.707097097096        26.166434449866752     
   76453.746611611612        26.168893015744423     
   76453.786126126128        26.171457333045222     
   76453.825640640644        26.174103706634494     
   76453.865155155159        26.176808441377588     
   76453.904669669675        26.179547842139861     
   76453.944184184191        26.182298213786670     
   76453.983698698692        26.185035861182346     
   76454.023213213208        26.187737089194275     
   76454.062727727724        26.190378212481193     
   76454.102242242239        26.192940333366387     
   76454.141756756755        26.195417041680564     
   76454.181271271271        26.197803937602785     
   76454.220785785787        26.200096621312110     
   76454.260300300302        26.202290692987589     
   76454.299814814818        26.204381752808288     
   76454.339329329334        26.206365400953260     
   76454.378843843850        26.208237237601566     
   76454.418358358351        26.209992862931628     
   76454.457872872867        26.211627877123810     
   76454.497387387382        26.213137880356498     
   76454.536901901898        26.214518472808745     
   76454.576416416414        26.215765254659615     
   76454.615930930930        26.216873826088154     
   76454.655445445445        26.217839787273430     
   76454.694959959961        26.218658738394495     
   76454.734474474477        26.219326279630415     
   76454.773988988993        26.219838011160235     
   76454.813503503508        26.220190695817593     
   76454.853018018024        26.220398856088902     
   76454.892532532525        26.220490873888700     
   76454.932047047041        26.220495498675433     
   76454.971561561557        26.220441479907436     
   76455.011076076073        26.220357567043102     
   76455.050590590588        26.220272509540827     
   76455.090105105104        26.220215056858997     
   76455.129619619620        26.220213958456004     
   76455.169134134136        26.220297963790241     
   76455.208648648651        26.220495822320096     
   76455.248163163167        26.220836283503960     
   76455.287677677683        26.221348096800227     
   76455.327192192199        26.222060011667288     
   76455.366706706700        26.223000777563144     
   76455.406221221216        26.224199143946862     
   76455.445735735731        26.225683860276533     
   76455.485250250247        26.227483676010557     
   76455.524764764763        26.229627340607315     
   76455.564279279279        26.232143603525206     
   76455.603793793794        26.235061214222615     
   76455.643308308310        26.238408922157934     
   76455.682822822826        26.242215476789561     
   76455.722337337342        26.246509627575875     
   76455.761851851858        26.251320123975272     
   76455.801366366373        26.256675715446150     
   76455.840880880874        26.262589213954655     
   76455.880395395390        26.268542936420772     
   76455.919909909906        26.273459514815617     
   76455.959424424422        26.276981755502987     
   76455.998938938937        26.279163200188698     
   76456.038453453453        26.280062233529019     
   76456.077967967969        26.280022786928470     
   76456.117482482485        26.280091577395766     
   76456.156996997001        26.281016701634286     
   76456.196511511516        26.282789981960999     
   76456.236026026032        26.285320696705703     
   76456.275540540533        26.288518124196898     
   76456.315055055049        26.292291542766769     
   76456.354569569565        26.296550230744042     
   76456.394084084081        26.301203466458514     
   76456.433598598596        26.306160528239975     
   76456.473113113112        26.311330694418224     
   76456.512627627628        26.316623243323050     
   76456.552142142144        26.321947453284245     
   76456.591656656659        26.327212602631612     
   76456.631171171175        26.332329704322753     
   76456.670685685691        26.337258328809593     
   76456.710200200207        26.342011966926396     
   76456.749714714708        26.346606920402539     
   76456.789229229224        26.351059490972450     
   76456.828743743739        26.355385980365455     
   76456.868258258255        26.359602690312595     
   76456.907772772771        26.363725922544923     
   76456.947287287287        26.367771978793481     
   76456.986801801802        26.371757160789311     
   76457.026316316318        26.375697770263468     
   76457.065830830834        26.379610108946991     
   76457.105345345350        26.383510478570930     
   76457.144859859865        26.387415180866327     
   76457.184374374381        26.391340517564231     
   76457.223888888882        26.395302790394219     
   76457.263403403398        26.399318301090247     
   76457.302917917914        26.403403351381911     
   76457.342432432430        26.407574243000262     
   76457.381946946945        26.411847277676344     
   76457.421461461461        26.416238757141198     
   76457.460975975977        26.420764983125871     
   76457.500490490493        26.425442257361414     
   76457.540005005008        26.430286881578869     
   76457.579519519524        26.435315157509283     
   76457.619034034040        26.440543376081699     
   76457.658548548556        26.445974281824739     
   76457.698063063057        26.451570613315880     
   76457.737577577573        26.457287759696818     
   76457.777092092088        26.463081110103079     
   76457.816606606604        26.468906053672228     
   76457.856121121120        26.474717979541829     
   76457.895635635636        26.480472276849440     
   76457.935150150151        26.486124334732622     
   76457.974664664667        26.491629542328937     
   76458.014179179183        26.496943288775949     
   76458.053693693699        26.502020963211216     
   76458.093208208214        26.506817954772306     
   76458.132722722716        26.511289652595188     
   76458.172237237231        26.515391445820747     
   76458.211751751747        26.519078723584823     
   76458.251266266263        26.522306875024977     
   76458.290780780779        26.525031289278779     
   76458.330295295294        26.527207355483782     
   76458.369809809810        26.528790462777554     
   76458.409324324326        26.529736000297657     
   76458.448838838842        26.530002844059794     
   76458.488353353358        26.529976026479979     
   76458.527867867873        26.530708280763996     
   76458.567382382389        26.532490829599372     
   76458.606896896890        26.535332862051984     
   76458.646411411406        26.539243396680366     
   76458.685925925922        26.544041566951179     
   76458.725440440438        26.548283865253978     
   76458.764954954953        26.550017545104637     
   76458.804469469469        26.549781672848908     
   76458.843983983985        26.549412707575588     
   76458.883498498501        26.548933188624424     
   76458.923013013016        26.548360059715495     
   76458.962527527532        26.547710264568867     
   76459.002042042048        26.547000746904615     
   76459.041556556564        26.546248450442803     
   76459.081071071065        26.545470318903803     
   76459.120585585581        26.544683296007094     
   76459.160100100096        26.543904325473051     
   76459.199614614612        26.543150351021726     
   76459.239129129128        26.542438316373200     
   76459.278643643644        26.541785165247546     
   76459.318158158159        26.541207841364837     
   76459.357672672675        26.540723288445140     
   76459.397187187191        26.540348450208530     
   76459.436701701707        26.540100270375071     
   76459.476216216222        26.539995692664846     
   76459.515730730738        26.540040025338669     
   76459.555245245239        26.540024636521547     
   76459.594759759755        26.539600433653746     
   76459.634274274271        26.538684379807400     
   76459.673788788787        26.537290720715461     
   76459.713303303302        26.535433823246127     
   76459.752817817818        26.533128054267596     
   76459.792332332334        26.530387780648070     
   76459.831846846850        26.527227369255730     
   76459.871361361365        26.523661186958783     
   76459.910875875881        26.519703600625419     
   76459.950390390397        26.515368977123838     
   76459.989904904898        26.510671683324034     
   76460.029419419414        26.505626086090729     
   76460.068933933930        26.500246552293792     
   76460.108448448445        26.494547448801416     
   76460.147962962961        26.488543142481795     
   76460.187477477477        26.482248000203128     
   76460.226991991993        26.475676388833605     
   76460.266506506508        26.468842675241433     
   76460.306021021024        26.461761226294797     
   76460.345535535540        26.454446408861898     
   76460.385050050056        26.446912589810935     
   76460.424564564571        26.439174136010102     
   76460.464079079073        26.431245414330540     
   76460.503593593588        26.423140791634609     
   76460.543108108104        26.414874634793396     
   76460.582622622620        26.406461310675084     
   76460.622137137136        26.397915186147877     
   76460.661651651651        26.389250628079971     
   76460.701166166167        26.380482003339559     
   76460.740680680683        26.371623678794837     
   76460.780195195199        26.362690021314005     
   76460.819709709715        26.353695397765257     
   76460.859224224230        26.344654175016785     
   76460.898738738746        26.335580719936790     
   76460.938253253247        26.326489144917993     
   76460.977767767763        26.317382800420152     
   76461.017282282279        26.308250532161480     
   76461.056796796795        26.299080161846554     
   76461.096311311310        26.289859511179944     
   76461.135825825826        26.280576401866213     
   76461.175340340342        26.271218655609935     
   76461.214854854858        26.261774094115680     
   76461.254369369373        26.252230539088007     
   76461.293883883889        26.242575812231493     
   76461.333398398405        26.232797735250703     
   76461.372912912921        26.222884129850211     
   76461.412427427422        26.212822817738310     
   76461.451941941938        26.202601620612167     
   76461.491456456453        26.192208360180032     
   76461.530970970969        26.181630858146470     
   76461.570485485485        26.170869057125543     
   76461.610000000001        26.160000000000000     
