   75377.380000000005        25.449999999999999        1.0000000000000000E-002
   75377.657999999996        25.500000000000000        1.0000000000000000E-002
   75377.695000000007        25.510000000000002        1.0000000000000000E-002
   75377.782000000007        25.530000000000001        1.0000000000000000E-002
   75380.784000000000        26.230000000000000        1.0000000000000000E-002
   75381.911999999997        26.430000000000000        1.0000000000000000E-002
   75382.021999999997        26.440000000000001        1.0000000000000000E-002
   75382.266000000003        26.480000000000000        1.0000000000000000E-002
   75382.279999999999        26.480000000000000        1.0000000000000000E-002
   75382.466000000000        26.500000000000000        1.0000000000000000E-002
   75383.081000000006        26.579999999999998        1.0000000000000000E-002
   75383.157000000007        26.590000000000000        1.0000000000000000E-002
   75384.125000000000        26.699999999999999        1.0000000000000000E-002
   75384.876999999993        26.770000000000000        1.0000000000000000E-002
   75386.540999999997        26.850000000000001        1.0000000000000000E-002
   75388.411999999997        26.620000000000001        1.0000000000000000E-002
   75389.899000000005        26.190000000000001        1.0000000000000000E-002
   75390.243000000002        26.079999999999998        1.0000000000000000E-002
   75390.498000000007        25.989999999999998        1.0000000000000000E-002
   75390.808000000005        25.879999999999999        1.0000000000000000E-002
   75390.861999999994        25.859999999999999        1.0000000000000000E-002
   75391.282999999996        25.730000000000000        1.0000000000000000E-002
   75391.364000000001        25.699999999999999        1.0000000000000000E-002
   75392.937999999995        25.350000000000001        1.0000000000000000E-002
   75393.226999999999        25.329999999999998        1.0000000000000000E-002
   75393.627999999997        25.309999999999999        1.0000000000000000E-002
   75393.990999999995        25.320000000000000        1.0000000000000000E-002
   75394.137000000002        25.320000000000000        1.0000000000000000E-002
   75394.236000000004        25.329999999999998        1.0000000000000000E-002
   75395.194000000003        25.460000000000001        1.0000000000000000E-002
   75396.051999999996        25.649999999999999        1.0000000000000000E-002
   75396.543000000005        25.770000000000000        1.0000000000000000E-002
   75396.835999999996        25.840000000000000        1.0000000000000000E-002
   75397.043000000005        25.890000000000001        1.0000000000000000E-002
   75397.342000000004        25.969999999999999        1.0000000000000000E-002
   75399.373000000007        26.379999999999999        1.0000000000000000E-002
   75399.587000000000        26.410000000000000        1.0000000000000000E-002
   75400.043000000005        26.480000000000000        1.0000000000000000E-002
   75400.585000000006        26.550000000000001        1.0000000000000000E-002
   75401.073000000004        26.609999999999999        1.0000000000000000E-002
   75401.315000000002        26.640000000000001        1.0000000000000000E-002
   75401.379000000001        26.649999999999999        1.0000000000000000E-002
   75402.410999999993        26.750000000000000        1.0000000000000000E-002
   75403.391000000003        26.829999999999998        1.0000000000000000E-002
   75405.252999999997        26.780000000000001        1.0000000000000000E-002
   75405.853000000003        26.690000000000001        1.0000000000000000E-002
   75406.562999999995        26.530000000000001        1.0000000000000000E-002
   75406.691999999995        26.489999999999998        1.0000000000000000E-002
   75407.144000000000        26.359999999999999        1.0000000000000000E-002
   75407.394000000000        26.280000000000001        1.0000000000000000E-002
   75409.000000000000        25.739999999999998        1.0000000000000000E-002
   75409.875000000000        25.500000000000000        1.0000000000000000E-002
   75410.626000000004        25.359999999999999        1.0000000000000000E-002
   75413.721000000005        25.629999999999999        1.0000000000000000E-002
   75415.331999999995        26.030000000000001        1.0000000000000000E-002
   75415.524999999994        26.070000000000000        1.0000000000000000E-002
   75416.274000000005        26.230000000000000        1.0000000000000000E-002
   75417.854999999996        26.489999999999998        1.0000000000000000E-002
   75418.269000000000        26.539999999999999        2.0000000000000000E-002
   75418.558000000005        26.579999999999998        2.0000000000000000E-002
   75419.074999999997        26.640000000000001        2.0000000000000000E-002
   75419.888999999996        26.730000000000000        2.0000000000000000E-002
   75420.554000000004        26.789999999999999        2.0000000000000000E-002
   75421.173999999999        26.829999999999998        2.0000000000000000E-002
   75421.809999999998        26.850000000000001        2.0000000000000000E-002
   75422.353000000003        26.840000000000000        2.0000000000000000E-002
   75424.570000000007        26.460000000000001        2.0000000000000000E-002
   75424.906000000003        26.350000000000001        2.0000000000000000E-002
   75424.978000000003        26.329999999999998        2.0000000000000000E-002
   75425.176000000007        26.270000000000000        2.0000000000000000E-002
   75425.262000000002        26.239999999999998        2.0000000000000000E-002
   75425.442999999999        26.180000000000000        2.0000000000000000E-002
   75425.755999999994        26.070000000000000        2.0000000000000000E-002
   75426.743000000002        25.739999999999998        2.0000000000000000E-002
   75427.622000000003        25.500000000000000        2.0000000000000000E-002
   75430.709000000003        25.460000000000001        2.0000000000000000E-002
   75431.635999999999        25.670000000000002        2.0000000000000000E-002
   75433.138999999996        26.039999999999999        2.0000000000000000E-002
   75433.183999999994        26.050000000000001        2.0000000000000000E-002
   75433.682000000001        26.160000000000000        2.0000000000000000E-002
   75434.894000000000        26.379999999999999        2.9999999999999999E-002
   75436.869999999995        26.649999999999999        2.9999999999999999E-002
   75436.971000000005        26.660000000000000        2.9999999999999999E-002
   75436.972999999998        26.660000000000000        2.9999999999999999E-002
