   27627.823000000000        25.039999999999999        1.0000000000000000E-002
   27630.566999999999        24.570000000000000        1.0000000000000000E-002
   27631.660000000000        24.480000000000000        1.0000000000000000E-002
   27631.722000000002        24.469999999999999        1.0000000000000000E-002
   27635.004000000001        24.480000000000000        1.0000000000000000E-002
   27635.062000000002        24.480000000000000        1.0000000000000000E-002
   27635.504000000001        24.510000000000002        1.0000000000000000E-002
   27635.651999999998        24.530000000000001        1.0000000000000000E-002
   27635.681000000000        24.530000000000001        1.0000000000000000E-002
   27637.103999999999        24.719999999999999        1.0000000000000000E-002
   27637.971000000001        24.890000000000001        1.0000000000000000E-002
   27638.212000000000        24.940000000000001        1.0000000000000000E-002
   27638.415000000001        24.980000000000000        1.0000000000000000E-002
   27639.067999999999        25.129999999999999        1.0000000000000000E-002
   27639.436000000002        25.210000000000001        1.0000000000000000E-002
   27639.603999999999        25.250000000000000        1.0000000000000000E-002
   27639.807000000001        25.289999999999999        1.0000000000000000E-002
   27642.037000000000        25.590000000000000        1.0000000000000000E-002
   27642.166000000001        25.600000000000001        1.0000000000000000E-002
   27643.503000000001        25.539999999999999        1.0000000000000000E-002
   27643.835999999999        25.489999999999998        1.0000000000000000E-002
   27643.930000000000        25.480000000000000        1.0000000000000000E-002
   27644.240000000002        25.430000000000000        1.0000000000000000E-002
   27644.462000000000        25.390000000000001        1.0000000000000000E-002
   27644.966000000000        25.289999999999999        1.0000000000000000E-002
   27645.563999999998        25.170000000000002        1.0000000000000000E-002
   27645.945000000000        25.079999999999998        1.0000000000000000E-002
   27646.507000000001        24.960000000000001        1.0000000000000000E-002
   27647.916000000001        24.699999999999999        1.0000000000000000E-002
   27649.300999999999        24.530000000000001        1.0000000000000000E-002
   27650.022000000001        24.469999999999999        1.0000000000000000E-002
   27652.291000000001        24.430000000000000        1.0000000000000000E-002
   27652.462000000000        24.440000000000001        1.0000000000000000E-002
   27653.539000000001        24.489999999999998        1.0000000000000000E-002
   27653.574000000001        24.489999999999998        1.0000000000000000E-002
   27653.696000000000        24.500000000000000        1.0000000000000000E-002
   27653.774000000001        24.510000000000002        1.0000000000000000E-002
   27654.465000000000        24.579999999999998        1.0000000000000000E-002
   27654.602999999999        24.590000000000000        1.0000000000000000E-002
   27655.941999999999        24.809999999999999        1.0000000000000000E-002
   27656.574000000001        24.940000000000001        1.0000000000000000E-002
   27657.163000000000        25.070000000000000        1.0000000000000000E-002
   27657.171999999999        25.079999999999998        1.0000000000000000E-002
   27658.613000000001        25.379999999999999        1.0000000000000000E-002
   27659.039000000001        25.460000000000001        1.0000000000000000E-002
   27659.105000000000        25.469999999999999        1.0000000000000000E-002
   27660.851999999999        25.600000000000001        1.0000000000000000E-002
   27661.412000000000        25.579999999999998        1.0000000000000000E-002
   27661.927000000000        25.530000000000001        1.0000000000000000E-002
   27662.365000000002        25.469999999999999        1.0000000000000000E-002
   27662.772000000001        25.399999999999999        1.0000000000000000E-002
   27663.574000000001        25.239999999999998        1.0000000000000000E-002
   27663.769000000000        25.199999999999999        1.0000000000000000E-002
   27664.413000000000        25.050000000000001        2.0000000000000000E-002
   27665.624000000000        24.800000000000001        2.0000000000000000E-002
   27665.644000000000        24.800000000000001        2.0000000000000000E-002
   27665.764999999999        24.780000000000001        2.0000000000000000E-002
   27666.115000000002        24.719999999999999        2.0000000000000000E-002
   27667.308000000001        24.559999999999999        2.0000000000000000E-002
   27667.842000000001        24.510000000000002        2.0000000000000000E-002
   27669.005000000001        24.440000000000001        2.0000000000000000E-002
   27671.410000000000        24.460000000000001        2.0000000000000000E-002
   27671.623000000000        24.469999999999999        2.0000000000000000E-002
   27672.169000000002        24.510000000000002        2.0000000000000000E-002
   27673.563999999998        24.680000000000000        2.0000000000000000E-002
   27673.691999999999        24.699999999999999        2.0000000000000000E-002
   27673.779999999999        24.719999999999999        2.0000000000000000E-002
   27674.974999999999        24.960000000000001        2.0000000000000000E-002
   27675.238000000001        25.010000000000002        2.0000000000000000E-002
   27676.349999999999        25.260000000000002        2.0000000000000000E-002
   27676.474999999999        25.289999999999999        2.0000000000000000E-002
   27677.559000000001        25.489999999999998        2.0000000000000000E-002
   27678.544000000002        25.590000000000000        2.0000000000000000E-002
   27678.996999999999        25.600000000000001        2.0000000000000000E-002
   27679.662000000000        25.579999999999998        2.9999999999999999E-002
   27680.341000000000        25.520000000000000        2.9999999999999999E-002
   27680.691999999999        25.469999999999999        2.9999999999999999E-002
   27680.751000000000        25.460000000000001        2.9999999999999999E-002
   27681.356000000000        25.350000000000001        2.9999999999999999E-002
   27681.601999999999        25.300000000000001        2.9999999999999999E-002
   27681.800999999999        25.260000000000002        2.9999999999999999E-002
