   37609.228000000003        24.350000000000001        1.0000000000000000E-002
   37609.470000000001        24.410000000000000        1.0000000000000000E-002
   37609.510000000002        24.420000000000002        1.0000000000000000E-002
   37609.925999999999        24.550000000000001        1.0000000000000000E-002
   37610.095000000001        24.600000000000001        1.0000000000000000E-002
   37610.131000000001        24.620000000000001        1.0000000000000000E-002
   37610.135000000002        24.620000000000001        1.0000000000000000E-002
   37610.231000000000        24.649999999999999        1.0000000000000000E-002
   37610.821000000004        24.850000000000001        1.0000000000000000E-002
   37611.144000000000        24.949999999999999        1.0000000000000000E-002
   37611.767000000000        25.129999999999999        1.0000000000000000E-002
   37612.127000000000        25.219999999999999        1.0000000000000000E-002
   37612.705999999998        25.350000000000001        1.0000000000000000E-002
   37613.290000000001        25.469999999999999        1.0000000000000000E-002
   37613.339999999997        25.469999999999999        1.0000000000000000E-002
   37613.457000000002        25.489999999999998        1.0000000000000000E-002
   37613.500000000000        25.500000000000000        1.0000000000000000E-002
   37613.567999999999        25.510000000000002        1.0000000000000000E-002
   37613.671999999999        25.520000000000000        1.0000000000000000E-002
   37613.838000000003        25.539999999999999        1.0000000000000000E-002
   37613.845000000001        25.539999999999999        1.0000000000000000E-002
   37615.754000000001        25.340000000000000        1.0000000000000000E-002
   37615.794000000002        25.329999999999998        1.0000000000000000E-002
   37616.097999999998        25.219999999999999        1.0000000000000000E-002
   37616.199999999997        25.180000000000000        1.0000000000000000E-002
   37616.220000000001        25.170000000000002        1.0000000000000000E-002
   37616.226999999999        25.170000000000002        1.0000000000000000E-002
   37617.197000000000        24.719999999999999        1.0000000000000000E-002
   37617.792999999998        24.469999999999999        1.0000000000000000E-002
   37617.959000000003        24.410000000000000        1.0000000000000000E-002
   37618.097999999998        24.379999999999999        1.0000000000000000E-002
   37618.258000000002        24.340000000000000        1.0000000000000000E-002
   37618.546999999999        24.300000000000001        1.0000000000000000E-002
   37618.798999999999        24.289999999999999        1.0000000000000000E-002
   37618.915000000001        24.300000000000001        1.0000000000000000E-002
   37619.053999999996        24.309999999999999        1.0000000000000000E-002
   37619.089999999997        24.309999999999999        1.0000000000000000E-002
   37620.586000000003        24.739999999999998        1.0000000000000000E-002
   37620.675000000003        24.770000000000000        1.0000000000000000E-002
   37621.070000000000        24.899999999999999        1.0000000000000000E-002
   37621.593000000001        25.059999999999999        1.0000000000000000E-002
   37621.822000000000        25.120000000000001        1.0000000000000000E-002
   37621.887000000002        25.129999999999999        1.0000000000000000E-002
   37622.099999999999        25.190000000000001        1.0000000000000000E-002
   37622.252000000000        25.219999999999999        1.0000000000000000E-002
   37622.317000000003        25.239999999999998        1.0000000000000000E-002
   37622.599000000002        25.309999999999999        1.0000000000000000E-002
   37623.008999999998        25.390000000000001        1.0000000000000000E-002
   37623.271000000001        25.440000000000001        1.0000000000000000E-002
   37623.328999999998        25.460000000000001        1.0000000000000000E-002
   37623.402000000002        25.469999999999999        1.0000000000000000E-002
   37623.656999999999        25.510000000000002        1.0000000000000000E-002
   37624.504999999997        25.570000000000000        1.0000000000000000E-002
   37624.540000000001        25.570000000000000        1.0000000000000000E-002
   37624.625000000000        25.570000000000000        1.0000000000000000E-002
   37625.453999999998        25.460000000000001        1.0000000000000000E-002
   37625.576999999997        25.430000000000000        1.0000000000000000E-002
   37625.671999999999        25.399999999999999        1.0000000000000000E-002
   37626.072000000000        25.270000000000000        1.0000000000000000E-002
   37627.631000000001        24.570000000000000        1.0000000000000000E-002
   37627.748000000000        24.520000000000000        1.0000000000000000E-002
   37628.004999999997        24.430000000000000        1.0000000000000000E-002
   37628.150999999998        24.390000000000001        1.0000000000000000E-002
   37628.328000000001        24.350000000000001        1.0000000000000000E-002
   37628.487999999998        24.320000000000000        1.0000000000000000E-002
   37628.512000000002        24.320000000000000        1.0000000000000000E-002
   37628.595999999998        24.309999999999999        1.0000000000000000E-002
   37628.648999999998        24.300000000000001        1.0000000000000000E-002
   37629.124000000003        24.309999999999999        1.0000000000000000E-002
   37629.218999999997        24.320000000000000        1.0000000000000000E-002
   37629.241000000002        24.320000000000000        1.0000000000000000E-002
   37629.476999999999        24.359999999999999        1.0000000000000000E-002
   37629.777000000002        24.440000000000001        1.0000000000000000E-002
   37630.139000000003        24.550000000000001        1.0000000000000000E-002
   37630.572999999997        24.699999999999999        1.0000000000000000E-002
   37630.703000000001        24.750000000000000        1.0000000000000000E-002
   37630.769999999997        24.770000000000000        1.0000000000000000E-002
   37630.978000000003        24.840000000000000        1.0000000000000000E-002
   37630.983999999997        24.840000000000000        1.0000000000000000E-002
   37631.171999999999        24.899999999999999        1.0000000000000000E-002
   37631.974000000002        25.129999999999999        1.0000000000000000E-002
   37632.267000000000        25.199999999999999        1.0000000000000000E-002
   37632.311999999998        25.219999999999999        1.0000000000000000E-002
   37632.764999999999        25.320000000000000        1.0000000000000000E-002
   37633.512000000002        25.469999999999999        1.0000000000000000E-002
   37633.896999999997        25.530000000000001        1.0000000000000000E-002
   37634.250999999997        25.559999999999999        1.0000000000000000E-002
   37634.552000000003        25.570000000000000        1.0000000000000000E-002
   37634.830999999998        25.559999999999999        2.0000000000000000E-002
   37635.275000000001        25.510000000000002        2.0000000000000000E-002
   37635.381999999998        25.489999999999998        2.0000000000000000E-002
   37635.516000000003        25.460000000000001        2.0000000000000000E-002
   37635.953999999998        25.340000000000000        2.0000000000000000E-002
   37635.957999999999        25.340000000000000        2.0000000000000000E-002
   37636.298000000003        25.219999999999999        2.0000000000000000E-002
   37636.790999999997        25.000000000000000        2.0000000000000000E-002
   37636.803999999996        25.000000000000000        2.0000000000000000E-002
   37636.887000000002        24.960000000000001        2.0000000000000000E-002
   37637.127999999997        24.840000000000000        2.0000000000000000E-002
   37637.472000000002        24.680000000000000        2.0000000000000000E-002
   37637.483999999997        24.680000000000000        2.0000000000000000E-002
   37637.866999999998        24.510000000000002        2.0000000000000000E-002
   37637.947000000000        24.480000000000000        2.0000000000000000E-002
   37638.245000000003        24.390000000000001        2.0000000000000000E-002
   37638.315000000002        24.370000000000001        2.0000000000000000E-002
   37639.112999999998        24.300000000000001        2.0000000000000000E-002
   37640.766000000003        24.730000000000000        2.0000000000000000E-002
   37640.911999999997        24.780000000000001        2.0000000000000000E-002
   37641.286999999997        24.910000000000000        2.0000000000000000E-002
   37641.919000000002        25.090000000000000        2.0000000000000000E-002
   37642.044999999998        25.120000000000001        2.0000000000000000E-002
   37642.245999999999        25.170000000000002        2.0000000000000000E-002
   37642.332999999999        25.199999999999999        2.0000000000000000E-002
   37642.394000000000        25.210000000000001        2.0000000000000000E-002
   37642.667000000001        25.280000000000001        2.0000000000000000E-002
   37642.828999999998        25.309999999999999        2.0000000000000000E-002
   37643.214999999997        25.399999999999999        2.0000000000000000E-002
   37643.396000000001        25.430000000000000        2.0000000000000000E-002
   37644.159000000000        25.539999999999999        2.0000000000000000E-002
   37644.245000000003        25.550000000000001        2.0000000000000000E-002
   37644.989999999998        25.559999999999999        2.9999999999999999E-002
   37645.016000000003        25.559999999999999        2.9999999999999999E-002
   37645.038000000000        25.550000000000001        2.9999999999999999E-002
   37645.339000000000        25.520000000000000        2.9999999999999999E-002
   37645.489999999998        25.489999999999998        2.9999999999999999E-002
   37645.667000000001        25.449999999999999        2.9999999999999999E-002
   37645.936000000002        25.379999999999999        2.9999999999999999E-002
   37645.978000000003        25.370000000000001        2.9999999999999999E-002
   37646.178000000000        25.300000000000001        2.9999999999999999E-002
   37646.434999999998        25.199999999999999        2.9999999999999999E-002
