   55365.224999999999        26.370000000000001        1.0000000000000000E-002
   55365.637000000002        26.320000000000000        1.0000000000000000E-002
   55365.682999999997        26.320000000000000        1.0000000000000000E-002
   55366.959999999999        26.270000000000000        1.0000000000000000E-002
   55368.243000000002        26.359999999999999        1.0000000000000000E-002
   55368.974999999999        26.449999999999999        1.0000000000000000E-002
   55369.036000000000        26.460000000000001        1.0000000000000000E-002
   55369.180999999997        26.480000000000000        1.0000000000000000E-002
   55370.603000000003        26.660000000000000        1.0000000000000000E-002
   55372.044000000002        26.800000000000001        1.0000000000000000E-002
   55372.425000000003        26.829999999999998        1.0000000000000000E-002
   55374.974999999999        27.000000000000000        1.0000000000000000E-002
   55375.224999999999        27.020000000000000        1.0000000000000000E-002
   55375.529000000002        27.050000000000001        1.0000000000000000E-002
   55377.093000000001        27.190000000000001        1.0000000000000000E-002
   55377.497000000003        27.219999999999999        1.0000000000000000E-002
   55378.012000000002        27.250000000000000        1.0000000000000000E-002
   55378.688000000002        27.260000000000002        1.0000000000000000E-002
   55379.171999999999        27.239999999999998        1.0000000000000000E-002
   55379.599000000002        27.210000000000001        1.0000000000000000E-002
   55379.713000000003        27.199999999999999        1.0000000000000000E-002
   55380.402000000002        27.109999999999999        1.0000000000000000E-002
   55380.743999999999        27.059999999999999        1.0000000000000000E-002
   55382.957000000002        26.579999999999998        1.0000000000000000E-002
   55385.256000000001        26.270000000000000        1.0000000000000000E-002
   55385.917999999998        26.270000000000000        1.0000000000000000E-002
   55387.190000000002        26.370000000000001        1.0000000000000000E-002
   55387.434999999998        26.399999999999999        1.0000000000000000E-002
   55387.932999999997        26.460000000000001        1.0000000000000000E-002
   55389.186999999998        26.629999999999999        1.0000000000000000E-002
   55391.199999999997        26.820000000000000        1.0000000000000000E-002
   55391.220000000001        26.820000000000000        1.0000000000000000E-002
   55391.383999999998        26.829999999999998        1.0000000000000000E-002
   55392.214999999997        26.890000000000001        1.0000000000000000E-002
   55392.523999999998        26.910000000000000        1.0000000000000000E-002
   55394.118999999999        27.030000000000001        1.0000000000000000E-002
   55394.192999999999        27.030000000000001        1.0000000000000000E-002
   55396.913999999997        27.250000000000000        1.0000000000000000E-002
   55398.063000000002        27.239999999999998        1.0000000000000000E-002
   55398.822999999997        27.180000000000000        1.0000000000000000E-002
   55399.038000000000        27.149999999999999        1.0000000000000000E-002
   55400.381000000001        26.910000000000000        1.0000000000000000E-002
   55400.493000000002        26.879999999999999        1.0000000000000000E-002
   55400.985000000001        26.770000000000000        1.0000000000000000E-002
   55401.029999999999        26.760000000000002        1.0000000000000000E-002
   55403.546000000002        26.309999999999999        1.0000000000000000E-002
   55403.997000000003        26.280000000000001        1.0000000000000000E-002
   55404.129999999997        26.270000000000000        1.0000000000000000E-002
   55404.942000000003        26.280000000000001        1.0000000000000000E-002
   55405.377000000000        26.300000000000001        1.0000000000000000E-002
   55405.707000000002        26.329999999999998        1.0000000000000000E-002
   55406.046000000002        26.359999999999999        1.0000000000000000E-002
   55406.120999999999        26.370000000000001        1.0000000000000000E-002
   55406.199999999997        26.379999999999999        1.0000000000000000E-002
   55406.885999999999        26.469999999999999        1.0000000000000000E-002
   55406.985999999997        26.480000000000000        1.0000000000000000E-002
   55407.004000000001        26.480000000000000        1.0000000000000000E-002
   55407.425999999999        26.539999999999999        1.0000000000000000E-002
   55408.908000000003        26.719999999999999        2.0000000000000000E-002
   55410.644999999997        26.859999999999999        2.0000000000000000E-002
   55411.677000000003        26.920000000000002        2.0000000000000000E-002
   55411.896000000001        26.940000000000001        2.0000000000000000E-002
   55412.330000000002        26.969999999999999        2.0000000000000000E-002
   55413.055000000000        27.030000000000001        2.0000000000000000E-002
   55413.995000000003        27.120000000000001        2.0000000000000000E-002
   55414.324000000001        27.149999999999999        2.0000000000000000E-002
   55414.408000000003        27.149999999999999        2.0000000000000000E-002
   55414.798999999999        27.190000000000001        2.0000000000000000E-002
   55414.978999999999        27.199999999999999        2.0000000000000000E-002
   55415.262000000002        27.219999999999999        2.0000000000000000E-002
   55415.273999999998        27.219999999999999        2.0000000000000000E-002
   55416.745000000003        27.250000000000000        2.0000000000000000E-002
   55416.862999999998        27.250000000000000        2.0000000000000000E-002
   55419.357000000004        26.879999999999999        2.0000000000000000E-002
   55420.480000000003        26.629999999999999        2.0000000000000000E-002
   55422.838000000003        26.280000000000001        2.0000000000000000E-002
   55423.230000000003        26.270000000000000        2.0000000000000000E-002
   55424.000999999997        26.280000000000001        2.0000000000000000E-002
   55424.913000000000        26.359999999999999        2.0000000000000000E-002
   55425.290999999997        26.410000000000000        2.0000000000000000E-002
   55427.658000000003        26.710000000000001        2.9999999999999999E-002
   55428.803999999996        26.809999999999999        2.9999999999999999E-002
