   3459.0180000000000        27.859999999999999        1.0000000000000000E-002
   3459.1149999999998        27.840000000000000        1.0000000000000000E-002
   3461.4600000000000        27.219999999999999        1.0000000000000000E-002
   3461.4960000000001        27.210000000000001        1.0000000000000000E-002
   3462.1280000000002        27.039999999999999        1.0000000000000000E-002
   3463.6140000000000        26.719999999999999        1.0000000000000000E-002
   3463.9650000000001        26.649999999999999        1.0000000000000000E-002
   3465.3690000000001        26.449999999999999        1.0000000000000000E-002
   3465.4140000000002        26.449999999999999        1.0000000000000000E-002
   3466.8370000000000        26.370000000000001        1.0000000000000000E-002
   3468.3470000000002        26.550000000000001        1.0000000000000000E-002
   3468.6849999999999        26.629999999999999        1.0000000000000000E-002
   3469.1179999999999        26.760000000000002        1.0000000000000000E-002
   3469.7220000000002        26.980000000000000        1.0000000000000000E-002
   3470.3739999999998        27.230000000000000        1.0000000000000000E-002
   3470.4879999999998        27.280000000000001        1.0000000000000000E-002
   3470.7930000000001        27.399999999999999        1.0000000000000000E-002
   3472.3499999999999        27.850000000000001        1.0000000000000000E-002
   3473.0140000000001        27.920000000000002        1.0000000000000000E-002
   3473.4000000000001        27.930000000000000        1.0000000000000000E-002
   3473.4380000000001        27.920000000000002        1.0000000000000000E-002
   3473.5479999999998        27.920000000000002        1.0000000000000000E-002
   3474.3409999999999        27.820000000000000        1.0000000000000000E-002
   3475.5479999999998        27.520000000000000        1.0000000000000000E-002
   3477.3969999999999        27.000000000000000        1.0000000000000000E-002
   3477.4890000000000        26.969999999999999        1.0000000000000000E-002
   3477.6669999999999        26.930000000000000        1.0000000000000000E-002
   3477.7410000000000        26.910000000000000        1.0000000000000000E-002
   3478.3290000000002        26.789999999999999        1.0000000000000000E-002
   3478.3860000000000        26.780000000000001        1.0000000000000000E-002
   3478.6410000000001        26.730000000000000        1.0000000000000000E-002
   3478.8150000000001        26.699999999999999        1.0000000000000000E-002
   3479.1469999999999        26.640000000000001        1.0000000000000000E-002
   3479.3800000000001        26.600000000000001        1.0000000000000000E-002
   3480.4699999999998        26.449999999999999        1.0000000000000000E-002
   3480.7930000000001        26.420000000000002        1.0000000000000000E-002
   3480.8249999999998        26.420000000000002        1.0000000000000000E-002
   3480.8780000000002        26.410000000000000        1.0000000000000000E-002
   3480.9000000000001        26.410000000000000        1.0000000000000000E-002
   3483.0410000000002        26.469999999999999        1.0000000000000000E-002
   3484.5120000000002        26.870000000000001        1.0000000000000000E-002
   3485.4810000000002        27.239999999999998        1.0000000000000000E-002
   3485.9310000000000        27.410000000000000        1.0000000000000000E-002
   3486.9009999999998        27.730000000000000        1.0000000000000000E-002
   3487.1080000000002        27.789999999999999        1.0000000000000000E-002
   3487.7500000000000        27.899999999999999        1.0000000000000000E-002
   3487.8780000000002        27.910000000000000        1.0000000000000000E-002
   3488.9609999999998        27.890000000000001        1.0000000000000000E-002
   3489.2429999999999        27.850000000000001        1.0000000000000000E-002
   3489.5529999999999        27.789999999999999        1.0000000000000000E-002
   3489.6250000000000        27.780000000000001        1.0000000000000000E-002
   3490.8800000000001        27.440000000000001        1.0000000000000000E-002
   3491.1050000000000        27.379999999999999        1.0000000000000000E-002
   3493.0749999999998        26.859999999999999        2.0000000000000000E-002
   3493.1819999999998        26.840000000000000        2.0000000000000000E-002
   3493.5129999999999        26.770000000000000        2.0000000000000000E-002
   3493.5850000000000        26.760000000000002        2.0000000000000000E-002
   3493.9600000000000        26.690000000000001        2.0000000000000000E-002
   3494.3009999999999        26.629999999999999        2.0000000000000000E-002
   3495.1709999999998        26.500000000000000        2.0000000000000000E-002
   3497.8420000000001        26.430000000000000        2.0000000000000000E-002
   3498.1550000000002        26.469999999999999        2.0000000000000000E-002
   3498.4920000000002        26.539999999999999        2.0000000000000000E-002
   3499.0700000000002        26.690000000000001        2.0000000000000000E-002
   3499.1309999999999        26.710000000000001        2.0000000000000000E-002
   3499.1410000000001        26.710000000000001        2.0000000000000000E-002
   3500.0509999999999        27.030000000000001        2.0000000000000000E-002
   3500.0819999999999        27.050000000000001        2.0000000000000000E-002
   3500.6039999999998        27.250000000000000        2.0000000000000000E-002
   3500.7570000000001        27.309999999999999        2.0000000000000000E-002
   3501.2370000000001        27.489999999999998        2.0000000000000000E-002
   3503.6950000000002        27.920000000000002        2.0000000000000000E-002
   3503.9499999999998        27.899999999999999        2.0000000000000000E-002
   3504.5400000000000        27.809999999999999        2.0000000000000000E-002
   3504.6940000000000        27.780000000000001        2.0000000000000000E-002
   3504.9110000000001        27.730000000000000        2.0000000000000000E-002
   3504.9800000000000        27.719999999999999        2.0000000000000000E-002
   3505.1990000000001        27.660000000000000        2.0000000000000000E-002
   3505.2199999999998        27.660000000000000        2.0000000000000000E-002
   3505.5349999999999        27.570000000000000        2.0000000000000000E-002
   3506.9319999999998        27.170000000000002        2.9999999999999999E-002
   3508.2049999999999        26.850000000000001        2.9999999999999999E-002
   3508.9290000000001        26.710000000000001        2.9999999999999999E-002
