   76422.134999999995        25.809999999999999        1.0000000000000000E-002
   76424.074999999997        25.910000000000000        1.0000000000000000E-002
   76424.544999999998        25.980000000000000        1.0000000000000000E-002
   76425.884000000005        26.149999999999999        1.0000000000000000E-002
   76426.375000000000        26.180000000000000        1.0000000000000000E-002
   76426.622000000003        26.199999999999999        1.0000000000000000E-002
   76427.076000000001        26.210000000000001        1.0000000000000000E-002
   76427.438999999998        26.230000000000000        1.0000000000000000E-002
   76428.898000000001        26.309999999999999        1.0000000000000000E-002
   76429.002999999997        26.320000000000000        1.0000000000000000E-002
   76429.191999999995        26.340000000000000        1.0000000000000000E-002
   76429.448999999993        26.359999999999999        1.0000000000000000E-002
   76429.997000000003        26.430000000000000        1.0000000000000000E-002
   76430.550000000003        26.489999999999998        1.0000000000000000E-002
   76432.332999999999        26.520000000000000        1.0000000000000000E-002
   76432.876999999993        26.440000000000001        1.0000000000000000E-002
   76432.929000000004        26.430000000000000        1.0000000000000000E-002
   76433.009000000005        26.410000000000000        1.0000000000000000E-002
   76433.729999999996        26.250000000000000        1.0000000000000000E-002
   76434.142000000007        26.140000000000001        1.0000000000000000E-002
   76435.558000000005        25.850000000000001        1.0000000000000000E-002
   76436.479000000007        25.789999999999999        1.0000000000000000E-002
   76436.498999999996        25.789999999999999        1.0000000000000000E-002
   76437.923999999999        25.930000000000000        1.0000000000000000E-002
   76438.164000000004        25.960000000000001        1.0000000000000000E-002
   76438.449999999997        26.000000000000000        1.0000000000000000E-002
   76440.027000000002        26.180000000000000        1.0000000000000000E-002
   76440.456999999995        26.199999999999999        1.0000000000000000E-002
   76441.762000000002        26.250000000000000        1.0000000000000000E-002
   76442.087000000000        26.260000000000002        1.0000000000000000E-002
   76442.157999999996        26.270000000000000        1.0000000000000000E-002
   76442.885999999999        26.329999999999998        1.0000000000000000E-002
   76444.092000000004        26.469999999999999        1.0000000000000000E-002
   76444.402000000002        26.500000000000000        1.0000000000000000E-002
   76444.669999999998        26.530000000000001        1.0000000000000000E-002
   76445.266000000003        26.550000000000001        1.0000000000000000E-002
   76445.309999999998        26.550000000000001        1.0000000000000000E-002
   76445.751000000004        26.539999999999999        1.0000000000000000E-002
   76445.990999999995        26.530000000000001        1.0000000000000000E-002
   76446.010999999999        26.520000000000000        1.0000000000000000E-002
   76446.127999999997        26.510000000000002        1.0000000000000000E-002
   76447.153999999995        26.329999999999998        1.0000000000000000E-002
   76447.626999999993        26.219999999999999        1.0000000000000000E-002
   76447.675000000003        26.199999999999999        1.0000000000000000E-002
   76447.991999999998        26.120000000000001        1.0000000000000000E-002
   76448.350000000006        26.030000000000001        1.0000000000000000E-002
   76448.831999999995        25.930000000000000        1.0000000000000000E-002
   76448.875000000000        25.920000000000002        1.0000000000000000E-002
   76448.895999999993        25.920000000000002        2.0000000000000000E-002
   76449.395999999993        25.840000000000000        2.0000000000000000E-002
   76451.178000000000        25.859999999999999        2.0000000000000000E-002
   76451.569000000003        25.910000000000000        2.0000000000000000E-002
   76451.585000000006        25.910000000000000        2.0000000000000000E-002
   76451.796000000002        25.940000000000001        2.0000000000000000E-002
   76452.199999999997        26.000000000000000        2.0000000000000000E-002
   76453.243000000002        26.129999999999999        2.0000000000000000E-002
   76453.251000000004        26.129999999999999        2.0000000000000000E-002
   76453.438999999998        26.149999999999999        2.0000000000000000E-002
   76453.589999999997        26.160000000000000        2.0000000000000000E-002
   76454.057000000001        26.190000000000001        2.0000000000000000E-002
   76454.789999999994        26.219999999999999        2.0000000000000000E-002
   76455.823999999993        26.260000000000002        2.0000000000000000E-002
   76455.891000000003        26.270000000000000        2.0000000000000000E-002
   76456.032000000007        26.280000000000001        2.0000000000000000E-002
   76456.107000000004        26.280000000000001        2.0000000000000000E-002
   76456.612999999998        26.329999999999998        2.0000000000000000E-002
   76457.615000000005        26.440000000000001        2.0000000000000000E-002
   76458.438999999998        26.530000000000001        2.0000000000000000E-002
   76458.491999999998        26.530000000000001        2.0000000000000000E-002
   76458.653000000006        26.539999999999999        2.0000000000000000E-002
   76458.759999999995        26.550000000000001        2.0000000000000000E-002
   76458.770000000004        26.550000000000001        2.0000000000000000E-002
   76459.494000000006        26.539999999999999        2.0000000000000000E-002
   76459.559999999998        26.539999999999999        2.0000000000000000E-002
   76460.922999999995        26.329999999999998        2.9999999999999999E-002
   76461.536999999997        26.180000000000000        2.9999999999999999E-002
   76461.610000000001        26.160000000000000        2.9999999999999999E-002
