   37365.067999999999        26.280000000000001        1.0000000000000000E-002
   37365.120000000003        26.250000000000000        1.0000000000000000E-002
   37365.241000000002        26.180000000000000        1.0000000000000000E-002
   37365.410000000003        26.079999999999998        1.0000000000000000E-002
   37365.684999999998        25.940000000000001        1.0000000000000000E-002
   37365.760000000002        25.910000000000000        1.0000000000000000E-002
   37365.874000000003        25.859999999999999        1.0000000000000000E-002
   37365.940999999999        25.829999999999998        1.0000000000000000E-002
   37366.065999999999        25.780000000000001        1.0000000000000000E-002
   37366.076999999997        25.780000000000001        1.0000000000000000E-002
   37367.663999999997        25.570000000000000        1.0000000000000000E-002
   37367.945000000000        25.600000000000001        1.0000000000000000E-002
   37368.368000000002        25.680000000000000        1.0000000000000000E-002
   37368.932000000001        25.850000000000001        1.0000000000000000E-002
   37369.114000000001        25.920000000000002        1.0000000000000000E-002
   37369.332000000002        26.020000000000000        1.0000000000000000E-002
   37370.133999999998        26.449999999999999        1.0000000000000000E-002
   37370.141000000003        26.449999999999999        1.0000000000000000E-002
   37370.400000000001        26.600000000000001        1.0000000000000000E-002
   37370.625000000000        26.730000000000000        1.0000000000000000E-002
   37370.911999999997        26.870000000000001        1.0000000000000000E-002
   37370.957999999999        26.899999999999999        1.0000000000000000E-002
   37371.029000000002        26.930000000000000        1.0000000000000000E-002
   37371.391000000003        27.059999999999999        1.0000000000000000E-002
   37371.898000000001        27.149999999999999        1.0000000000000000E-002
   37372.557000000001        27.059999999999999        1.0000000000000000E-002
   37373.025000000001        26.870000000000001        1.0000000000000000E-002
   37373.222000000002        26.760000000000002        1.0000000000000000E-002
   37373.262000000002        26.739999999999998        1.0000000000000000E-002
   37374.046000000002        26.270000000000000        1.0000000000000000E-002
   37374.345000000001        26.100000000000001        1.0000000000000000E-002
   37374.705000000002        25.920000000000002        1.0000000000000000E-002
   37375.034000000000        25.780000000000001        1.0000000000000000E-002
   37375.103000000003        25.760000000000002        1.0000000000000000E-002
   37375.286000000000        25.699999999999999        1.0000000000000000E-002
   37376.095999999998        25.570000000000000        1.0000000000000000E-002
   37376.131000000001        25.559999999999999        1.0000000000000000E-002
   37376.462000000000        25.559999999999999        1.0000000000000000E-002
   37376.909000000000        25.600000000000001        1.0000000000000000E-002
   37377.258000000002        25.660000000000000        1.0000000000000000E-002
   37377.718000000001        25.789999999999999        1.0000000000000000E-002
   37377.748000000000        25.800000000000001        1.0000000000000000E-002
   37378.052000000003        25.910000000000000        1.0000000000000000E-002
   37378.311999999998        26.020000000000000        1.0000000000000000E-002
   37378.411999999997        26.070000000000000        1.0000000000000000E-002
   37378.743999999999        26.250000000000000        1.0000000000000000E-002
   37378.800999999999        26.280000000000001        1.0000000000000000E-002
   37379.379000000001        26.609999999999999        1.0000000000000000E-002
   37379.440999999999        26.640000000000001        1.0000000000000000E-002
   37379.561999999998        26.710000000000001        1.0000000000000000E-002
   37380.175999999999        27.000000000000000        1.0000000000000000E-002
   37380.220000000001        27.020000000000000        1.0000000000000000E-002
   37380.235999999997        27.020000000000000        1.0000000000000000E-002
   37380.463000000003        27.090000000000000        1.0000000000000000E-002
   37380.567000000003        27.109999999999999        1.0000000000000000E-002
   37380.639999999999        27.129999999999999        1.0000000000000000E-002
   37380.752999999997        27.140000000000001        1.0000000000000000E-002
   37381.082000000002        27.149999999999999        1.0000000000000000E-002
   37381.341999999997        27.109999999999999        1.0000000000000000E-002
   37382.438999999998        26.620000000000001        1.0000000000000000E-002
   37382.478000000003        26.600000000000001        1.0000000000000000E-002
   37382.499000000003        26.590000000000000        1.0000000000000000E-002
   37382.741000000002        26.440000000000001        1.0000000000000000E-002
   37382.851999999999        26.370000000000001        1.0000000000000000E-002
   37383.038999999997        26.260000000000002        1.0000000000000000E-002
   37383.148000000001        26.199999999999999        1.0000000000000000E-002
   37383.389000000003        26.059999999999999        1.0000000000000000E-002
   37383.453999999998        26.030000000000001        1.0000000000000000E-002
   37384.370999999999        25.670000000000002        2.0000000000000000E-002
   37385.131000000001        25.559999999999999        2.0000000000000000E-002
   37385.805000000000        25.590000000000000        2.0000000000000000E-002
   37386.436000000002        25.710000000000001        2.0000000000000000E-002
   37386.540000000001        25.739999999999998        2.0000000000000000E-002
   37386.714000000000        25.789999999999999        2.0000000000000000E-002
   37387.163000000000        25.969999999999999        2.0000000000000000E-002
   37387.286999999997        26.030000000000001        2.0000000000000000E-002
   37387.474999999999        26.120000000000001        2.0000000000000000E-002
   37387.574999999997        26.170000000000002        2.0000000000000000E-002
   37387.601000000002        26.180000000000000        2.0000000000000000E-002
   37387.745999999999        26.260000000000002        2.0000000000000000E-002
   37388.506999999998        26.699999999999999        2.0000000000000000E-002
   37389.141000000003        27.000000000000000        2.0000000000000000E-002
   37389.332999999999        27.059999999999999        2.0000000000000000E-002
   37389.381999999998        27.079999999999998        2.0000000000000000E-002
   37389.523000000001        27.109999999999999        2.0000000000000000E-002
   37389.656000000003        27.129999999999999        2.0000000000000000E-002
   37389.883000000002        27.149999999999999        2.0000000000000000E-002
   37390.137000000002        27.140000000000001        2.0000000000000000E-002
   37390.154999999999        27.140000000000001        2.0000000000000000E-002
   37390.419999999998        27.079999999999998        2.0000000000000000E-002
   37390.476999999999        27.070000000000000        2.0000000000000000E-002
   37390.633999999998        27.010000000000002        2.0000000000000000E-002
   37390.709999999999        26.980000000000000        2.0000000000000000E-002
   37391.250999999997        26.710000000000001        2.0000000000000000E-002
   37391.959000000003        26.289999999999999        2.9999999999999999E-002
   37392.023000000001        26.250000000000000        2.9999999999999999E-002
   37392.027000000002        26.250000000000000        2.9999999999999999E-002
   37392.521000000001        25.980000000000000        2.9999999999999999E-002
   37392.737999999998        25.879999999999999        2.9999999999999999E-002
   37392.843999999997        25.829999999999998        2.9999999999999999E-002
