   67614.244999999995        24.390000000000001        1.0000000000000000E-002
   67615.774000000005        24.680000000000000        1.0000000000000000E-002
   67617.481000000000        24.710000000000001        1.0000000000000000E-002
   67617.493000000002        24.710000000000001        1.0000000000000000E-002
   67618.442999999999        24.609999999999999        1.0000000000000000E-002
   67618.820999999996        24.570000000000000        1.0000000000000000E-002
   67618.830000000002        24.570000000000000        1.0000000000000000E-002
   67619.430999999997        24.520000000000000        1.0000000000000000E-002
   67619.467000000004        24.520000000000000        1.0000000000000000E-002
   67619.604999999996        24.520000000000000        1.0000000000000000E-002
   67621.199999999997        24.579999999999998        1.0000000000000000E-002
   67621.987999999998        24.649999999999999        1.0000000000000000E-002
   67622.216000000000        24.670000000000002        1.0000000000000000E-002
   67623.361999999994        24.699999999999999        1.0000000000000000E-002
   67623.506999999998        24.690000000000001        1.0000000000000000E-002
   67623.635999999999        24.680000000000000        1.0000000000000000E-002
   67623.652000000002        24.680000000000000        1.0000000000000000E-002
   67624.699999999997        24.520000000000000        1.0000000000000000E-002
   67624.955000000002        24.469999999999999        1.0000000000000000E-002
   67625.505999999994        24.359999999999999        1.0000000000000000E-002
   67625.606000000000        24.340000000000000        1.0000000000000000E-002
   67625.807000000001        24.309999999999999        1.0000000000000000E-002
   67627.313999999998        24.180000000000000        1.0000000000000000E-002
   67627.478000000003        24.190000000000001        1.0000000000000000E-002
   67627.993000000002        24.239999999999998        1.0000000000000000E-002
   67628.073000000004        24.250000000000000        1.0000000000000000E-002
   67628.175000000003        24.270000000000000        1.0000000000000000E-002
   67628.186000000002        24.270000000000000        1.0000000000000000E-002
   67629.089999999997        24.440000000000001        1.0000000000000000E-002
   67629.600999999995        24.550000000000001        1.0000000000000000E-002
   67630.350999999995        24.680000000000000        1.0000000000000000E-002
   67630.748000000007        24.719999999999999        1.0000000000000000E-002
   67631.082999999999        24.739999999999998        1.0000000000000000E-002
   67631.547000000006        24.739999999999998        1.0000000000000000E-002
   67631.823999999993        24.730000000000000        1.0000000000000000E-002
   67631.888000000006        24.730000000000000        1.0000000000000000E-002
   67632.127999999997        24.710000000000001        1.0000000000000000E-002
   67632.226999999999        24.699999999999999        1.0000000000000000E-002
   67632.633000000002        24.660000000000000        1.0000000000000000E-002
   67633.519000000000        24.559999999999999        1.0000000000000000E-002
   67634.453999999998        24.510000000000002        1.0000000000000000E-002
   67634.803000000000        24.510000000000002        1.0000000000000000E-002
   67635.907999999996        24.590000000000000        1.0000000000000000E-002
   67635.941000000006        24.590000000000000        1.0000000000000000E-002
   67637.175000000003        24.699999999999999        1.0000000000000000E-002
   67637.342000000004        24.699999999999999        1.0000000000000000E-002
   67637.853000000003        24.699999999999999        1.0000000000000000E-002
   67638.421000000002        24.660000000000000        1.0000000000000000E-002
   67639.293999999994        24.520000000000000        1.0000000000000000E-002
   67640.220000000001        24.340000000000000        1.0000000000000000E-002
   67640.684999999998        24.260000000000002        1.0000000000000000E-002
   67640.979999999996        24.219999999999999        1.0000000000000000E-002
   67641.042000000001        24.210000000000001        1.0000000000000000E-002
   67641.221000000005        24.199999999999999        1.0000000000000000E-002
   67642.399999999994        24.219999999999999        1.0000000000000000E-002
   67642.703999999998        24.260000000000002        1.0000000000000000E-002
   67642.763000000006        24.270000000000000        1.0000000000000000E-002
   67643.058999999994        24.320000000000000        1.0000000000000000E-002
   67643.794999999998        24.469999999999999        1.0000000000000000E-002
   67644.194000000003        24.550000000000001        1.0000000000000000E-002
   67644.297999999995        24.570000000000000        1.0000000000000000E-002
   67645.267000000007        24.719999999999999        2.0000000000000000E-002
   67646.274999999994        24.739999999999998        2.0000000000000000E-002
   67646.429000000004        24.730000000000000        2.0000000000000000E-002
   67647.077000000005        24.670000000000002        2.0000000000000000E-002
   67647.099000000002        24.670000000000002        2.0000000000000000E-002
   67647.225000000006        24.660000000000000        2.0000000000000000E-002
   67647.527000000002        24.620000000000001        2.0000000000000000E-002
   67647.759999999995        24.600000000000001        2.0000000000000000E-002
   67647.903000000006        24.579999999999998        2.0000000000000000E-002
   67648.138999999996        24.559999999999999        2.0000000000000000E-002
   67648.187999999995        24.550000000000001        2.0000000000000000E-002
   67648.938999999998        24.510000000000002        2.0000000000000000E-002
   67649.111000000004        24.510000000000002        2.0000000000000000E-002
   67649.550000000003        24.520000000000000        2.0000000000000000E-002
   67650.861999999994        24.629999999999999        2.0000000000000000E-002
   67651.828999999998        24.699999999999999        2.0000000000000000E-002
   67652.009999999995        24.699999999999999        2.0000000000000000E-002
   67652.111999999994        24.710000000000001        2.0000000000000000E-002
   67652.139999999999        24.710000000000001        2.0000000000000000E-002
   67653.244999999995        24.629999999999999        2.0000000000000000E-002
   67653.495999999999        24.590000000000000        2.0000000000000000E-002
   67653.676999999996        24.559999999999999        2.0000000000000000E-002
   67654.388000000006        24.420000000000002        2.0000000000000000E-002
   67654.695999999996        24.359999999999999        2.0000000000000000E-002
   67655.995999999999        24.180000000000000        2.0000000000000000E-002
   67656.875000000000        24.210000000000001        2.0000000000000000E-002
   67657.949999999997        24.379999999999999        2.9999999999999999E-002
   67658.024999999994        24.399999999999999        2.9999999999999999E-002
   67658.998000000007        24.600000000000001        2.9999999999999999E-002
   67659.286999999997        24.649999999999999        2.9999999999999999E-002
