   8477.0370000000003        26.699999999999999        1.0000000000000000E-002
   8477.0969999999998        26.670000000000002        1.0000000000000000E-002
   8477.1020000000008        26.670000000000002        1.0000000000000000E-002
   8477.2160000000003        26.629999999999999        1.0000000000000000E-002
   8477.5090000000000        26.559999999999999        1.0000000000000000E-002
   8477.5730000000003        26.559999999999999        1.0000000000000000E-002
   8478.3109999999997        26.629999999999999        1.0000000000000000E-002
   8478.6550000000007        26.730000000000000        1.0000000000000000E-002
   8478.6959999999999        26.739999999999998        1.0000000000000000E-002
   8478.8439999999991        26.780000000000001        1.0000000000000000E-002
   8479.5550000000003        26.960000000000001        1.0000000000000000E-002
   8479.6389999999992        26.969999999999999        1.0000000000000000E-002
   8479.6530000000002        26.980000000000000        1.0000000000000000E-002
   8480.0069999999996        27.039999999999999        1.0000000000000000E-002
   8480.6440000000002        27.160000000000000        1.0000000000000000E-002
   8481.6589999999997        27.440000000000001        1.0000000000000000E-002
   8481.9349999999995        27.520000000000000        1.0000000000000000E-002
   8482.0730000000003        27.559999999999999        1.0000000000000000E-002
   8482.3750000000000        27.629999999999999        1.0000000000000000E-002
   8482.5319999999992        27.660000000000000        1.0000000000000000E-002
   8483.0470000000005        27.690000000000001        1.0000000000000000E-002
   8483.3510000000006        27.649999999999999        1.0000000000000000E-002
   8483.4099999999999        27.640000000000001        1.0000000000000000E-002
   8483.5030000000006        27.609999999999999        1.0000000000000000E-002
   8483.5159999999996        27.609999999999999        1.0000000000000000E-002
   8483.6599999999999        27.559999999999999        1.0000000000000000E-002
   8483.7710000000006        27.520000000000000        1.0000000000000000E-002
   8483.9680000000008        27.430000000000000        1.0000000000000000E-002
   8484.2780000000002        27.260000000000002        1.0000000000000000E-002
   8485.2790000000005        26.690000000000001        1.0000000000000000E-002
   8485.5849999999991        26.590000000000000        1.0000000000000000E-002
   8485.6139999999996        26.579999999999998        1.0000000000000000E-002
   8485.6579999999994        26.570000000000000        1.0000000000000000E-002
   8485.7070000000003        26.570000000000000        1.0000000000000000E-002
   8486.0640000000003        26.550000000000001        1.0000000000000000E-002
   8487.0689999999995        26.780000000000001        1.0000000000000000E-002
   8487.0889999999999        26.789999999999999        1.0000000000000000E-002
   8487.6180000000004        26.920000000000002        1.0000000000000000E-002
   8487.7980000000007        26.960000000000001        1.0000000000000000E-002
   8488.1309999999994        27.020000000000000        1.0000000000000000E-002
   8488.5519999999997        27.090000000000000        1.0000000000000000E-002
   8488.7129999999997        27.120000000000001        1.0000000000000000E-002
   8488.8760000000002        27.160000000000000        1.0000000000000000E-002
   8489.5980000000000        27.350000000000001        1.0000000000000000E-002
   8490.5310000000009        27.620000000000001        1.0000000000000000E-002
   8490.7540000000008        27.660000000000000        1.0000000000000000E-002
   8490.7939999999999        27.660000000000000        1.0000000000000000E-002
   8491.2029999999995        27.690000000000001        1.0000000000000000E-002
   8491.8799999999992        27.559999999999999        1.0000000000000000E-002
   8492.0529999999999        27.489999999999998        1.0000000000000000E-002
   8492.5390000000007        27.230000000000000        1.0000000000000000E-002
   8492.5630000000001        27.219999999999999        1.0000000000000000E-002
   8492.6830000000009        27.140000000000001        2.0000000000000000E-002
   8492.8109999999997        27.059999999999999        2.0000000000000000E-002
   8492.9570000000003        26.969999999999999        2.0000000000000000E-002
   8493.0220000000008        26.930000000000000        2.0000000000000000E-002
   8493.8629999999994        26.579999999999998        2.0000000000000000E-002
   8493.8909999999996        26.570000000000000        2.0000000000000000E-002
   8493.9419999999991        26.559999999999999        2.0000000000000000E-002
   8494.0200000000004        26.559999999999999        2.0000000000000000E-002
   8494.0679999999993        26.550000000000001        2.0000000000000000E-002
   8494.2690000000002        26.550000000000001        2.0000000000000000E-002
   8494.3060000000005        26.550000000000001        2.0000000000000000E-002
   8494.5400000000009        26.590000000000000        2.0000000000000000E-002
   8494.5640000000003        26.590000000000000        2.0000000000000000E-002
   8494.5759999999991        26.590000000000000        2.0000000000000000E-002
   8494.5889999999999        26.600000000000001        2.0000000000000000E-002
   8494.8570000000000        26.660000000000000        2.0000000000000000E-002
   8495.8570000000000        26.930000000000000        2.0000000000000000E-002
   8496.0769999999993        26.969999999999999        2.0000000000000000E-002
   8496.0849999999991        26.969999999999999        2.0000000000000000E-002
   8496.2039999999997        27.000000000000000        2.0000000000000000E-002
   8496.4150000000009        27.030000000000001        2.0000000000000000E-002
   8496.4300000000003        27.030000000000001        2.0000000000000000E-002
   8496.8889999999992        27.120000000000001        2.0000000000000000E-002
   8497.0159999999996        27.140000000000001        2.0000000000000000E-002
   8497.0210000000006        27.140000000000001        2.0000000000000000E-002
   8497.1260000000002        27.170000000000002        2.0000000000000000E-002
   8497.2109999999993        27.190000000000001        2.0000000000000000E-002
   8497.4730000000000        27.250000000000000        2.0000000000000000E-002
   8497.8840000000000        27.370000000000001        2.0000000000000000E-002
   8497.9580000000005        27.399999999999999        2.0000000000000000E-002
   8498.4650000000001        27.550000000000001        2.0000000000000000E-002
   8498.5030000000006        27.559999999999999        2.0000000000000000E-002
   8498.5810000000001        27.579999999999998        2.0000000000000000E-002
   8498.9079999999994        27.649999999999999        2.9999999999999999E-002
   8499.4699999999993        27.690000000000001        2.9999999999999999E-002
   8499.8420000000006        27.640000000000001        2.9999999999999999E-002
