   68337.490000000005        26.340000000000000        1.0000000000000000E-002
   68337.615000000005        26.350000000000001        1.0000000000000000E-002
   68337.756999999998        26.359999999999999        1.0000000000000000E-002
   68337.779999999999        26.359999999999999        1.0000000000000000E-002
   68337.841000000000        26.350000000000001        1.0000000000000000E-002
   68339.319000000003        26.100000000000001        1.0000000000000000E-002
   68339.445999999996        26.070000000000000        1.0000000000000000E-002
   68339.505999999994        26.059999999999999        1.0000000000000000E-002
   68339.773000000001        26.010000000000002        1.0000000000000000E-002
   68339.827000000005        26.000000000000000        1.0000000000000000E-002
   68339.861000000004        26.000000000000000        1.0000000000000000E-002
   68340.110000000001        25.960000000000001        1.0000000000000000E-002
   68340.270000000004        25.940000000000001        1.0000000000000000E-002
   68340.326000000001        25.930000000000000        1.0000000000000000E-002
   68340.388999999996        25.920000000000002        1.0000000000000000E-002
   68340.812999999995        25.859999999999999        1.0000000000000000E-002
   68341.029999999999        25.829999999999998        1.0000000000000000E-002
   68341.108999999997        25.820000000000000        1.0000000000000000E-002
   68341.346999999994        25.780000000000001        1.0000000000000000E-002
   68341.553000000000        25.739999999999998        1.0000000000000000E-002
   68341.808000000005        25.680000000000000        1.0000000000000000E-002
   68341.861999999994        25.670000000000002        1.0000000000000000E-002
   68341.966000000000        25.649999999999999        1.0000000000000000E-002
   68342.001999999993        25.640000000000001        1.0000000000000000E-002
   68342.100000000006        25.620000000000001        1.0000000000000000E-002
   68342.456000000006        25.559999999999999        1.0000000000000000E-002
   68342.669999999998        25.530000000000001        1.0000000000000000E-002
   68342.922000000006        25.510000000000002        1.0000000000000000E-002
   68343.705000000002        25.600000000000001        1.0000000000000000E-002
   68343.842000000004        25.640000000000001        1.0000000000000000E-002
   68343.853000000003        25.640000000000001        1.0000000000000000E-002
   68343.926999999996        25.670000000000002        1.0000000000000000E-002
   68344.032999999996        25.699999999999999        1.0000000000000000E-002
   68344.228000000003        25.780000000000001        1.0000000000000000E-002
   68344.864000000001        26.050000000000001        1.0000000000000000E-002
   68345.164999999994        26.170000000000002        1.0000000000000000E-002
   68346.259000000005        26.350000000000001        1.0000000000000000E-002
   68346.573999999993        26.320000000000000        1.0000000000000000E-002
   68346.653000000006        26.309999999999999        1.0000000000000000E-002
   68347.206000000006        26.199999999999999        1.0000000000000000E-002
   68347.490999999995        26.140000000000001        1.0000000000000000E-002
   68348.237999999998        25.989999999999998        1.0000000000000000E-002
   68348.398000000001        25.969999999999999        1.0000000000000000E-002
   68348.546000000002        25.949999999999999        1.0000000000000000E-002
   68348.615999999995        25.940000000000001        1.0000000000000000E-002
   68348.857999999993        25.910000000000000        1.0000000000000000E-002
   68349.126999999993        25.870000000000001        1.0000000000000000E-002
   68349.141000000003        25.870000000000001        1.0000000000000000E-002
   68349.396999999997        25.829999999999998        1.0000000000000000E-002
   68349.467999999993        25.820000000000000        1.0000000000000000E-002
   68349.573999999993        25.800000000000001        1.0000000000000000E-002
   68349.736999999994        25.770000000000000        1.0000000000000000E-002
   68349.868000000002        25.739999999999998        1.0000000000000000E-002
   68349.941999999995        25.730000000000000        1.0000000000000000E-002
   68349.993000000002        25.719999999999999        1.0000000000000000E-002
   68350.769000000000        25.559999999999999        1.0000000000000000E-002
   68351.110000000001        25.520000000000000        1.0000000000000000E-002
   68351.237999999998        25.510000000000002        1.0000000000000000E-002
   68351.478000000003        25.510000000000002        1.0000000000000000E-002
   68352.005999999994        25.590000000000000        1.0000000000000000E-002
   68352.042000000001        25.600000000000001        1.0000000000000000E-002
   68352.081000000006        25.609999999999999        1.0000000000000000E-002
   68352.224000000002        25.649999999999999        1.0000000000000000E-002
   68352.375000000000        25.699999999999999        1.0000000000000000E-002
   68352.509000000005        25.750000000000000        1.0000000000000000E-002
   68352.850999999995        25.899999999999999        1.0000000000000000E-002
   68352.910000000003        25.920000000000002        1.0000000000000000E-002
   68353.373000000007        26.120000000000001        1.0000000000000000E-002
   68354.592999999993        26.350000000000001        1.0000000000000000E-002
   68355.107000000004        26.289999999999999        1.0000000000000000E-002
   68355.720000000001        26.160000000000000        1.0000000000000000E-002
   68356.126000000004        26.070000000000000        2.0000000000000000E-002
   68356.495999999999        26.010000000000002        2.0000000000000000E-002
   68356.703999999998        25.969999999999999        2.0000000000000000E-002
   68356.710000000006        25.969999999999999        2.0000000000000000E-002
   68357.500000000000        25.870000000000001        2.0000000000000000E-002
   68357.760999999999        25.829999999999998        2.0000000000000000E-002
   68358.982000000004        25.590000000000000        2.0000000000000000E-002
   68360.339999999997        25.579999999999998        2.0000000000000000E-002
   68360.440000000002        25.609999999999999        2.0000000000000000E-002
   68360.577999999994        25.649999999999999        2.0000000000000000E-002
   68360.930999999997        25.780000000000001        2.0000000000000000E-002
   68361.038000000000        25.829999999999998        2.0000000000000000E-002
   68361.606000000000        26.070000000000000        2.0000000000000000E-002
   68361.782999999996        26.140000000000001        2.0000000000000000E-002
   68361.834000000003        26.160000000000000        2.0000000000000000E-002
   68361.952999999994        26.199999999999999        2.0000000000000000E-002
   68361.998000000007        26.219999999999999        2.0000000000000000E-002
   68362.320999999996        26.300000000000001        2.0000000000000000E-002
   68362.389999999999        26.320000000000000        2.0000000000000000E-002
   68362.576000000001        26.340000000000000        2.0000000000000000E-002
   68362.990000000005        26.350000000000001        2.0000000000000000E-002
   68363.366999999998        26.309999999999999        2.0000000000000000E-002
   68363.726999999999        26.239999999999998        2.9999999999999999E-002
   68364.273000000001        26.120000000000001        2.9999999999999999E-002
   68364.509999999995        26.070000000000000        2.9999999999999999E-002
   68364.547000000006        26.059999999999999        2.9999999999999999E-002
