   31173.254000000001        26.750000000000000        1.0000000000000000E-002
   31174.113000000001        26.850000000000001        1.0000000000000000E-002
   31174.207999999999        26.859999999999999        1.0000000000000000E-002
   31177.480000000000        26.920000000000002        1.0000000000000000E-002
   31177.849999999999        26.899999999999999        1.0000000000000000E-002
   31178.483000000000        26.859999999999999        1.0000000000000000E-002
   31178.549999999999        26.859999999999999        1.0000000000000000E-002
   31178.561000000002        26.859999999999999        1.0000000000000000E-002
   31179.559000000001        26.770000000000000        1.0000000000000000E-002
   31179.593000000001        26.770000000000000        1.0000000000000000E-002
   31179.798999999999        26.750000000000000        1.0000000000000000E-002
   31180.166000000001        26.710000000000001        1.0000000000000000E-002
   31180.198000000000        26.710000000000001        1.0000000000000000E-002
   31180.333999999999        26.690000000000001        1.0000000000000000E-002
   31180.542000000001        26.670000000000002        1.0000000000000000E-002
   31182.709999999999        26.430000000000000        1.0000000000000000E-002
   31183.554000000000        26.379999999999999        1.0000000000000000E-002
   31183.834999999999        26.370000000000001        1.0000000000000000E-002
   31184.481000000000        26.379999999999999        1.0000000000000000E-002
   31184.650000000001        26.379999999999999        1.0000000000000000E-002
   31184.887999999999        26.390000000000001        1.0000000000000000E-002
   31184.963000000000        26.399999999999999        1.0000000000000000E-002
   31185.214000000000        26.420000000000002        1.0000000000000000E-002
   31185.226999999999        26.420000000000002        1.0000000000000000E-002
   31188.500000000000        26.829999999999998        1.0000000000000000E-002
   31188.687999999998        26.850000000000001        1.0000000000000000E-002
   31188.883000000002        26.870000000000001        1.0000000000000000E-002
   31189.294000000002        26.899999999999999        1.0000000000000000E-002
   31189.500000000000        26.910000000000000        1.0000000000000000E-002
   31190.157999999999        26.940000000000001        1.0000000000000000E-002
   31191.677000000000        26.940000000000001        1.0000000000000000E-002
   31192.178000000000        26.920000000000002        1.0000000000000000E-002
   31192.217000000001        26.920000000000002        1.0000000000000000E-002
   31192.909000000000        26.879999999999999        1.0000000000000000E-002
   31194.539000000001        26.730000000000000        1.0000000000000000E-002
   31194.923999999999        26.690000000000001        1.0000000000000000E-002
   31196.464000000000        26.510000000000002        1.0000000000000000E-002
   31196.512999999999        26.510000000000002        1.0000000000000000E-002
   31197.355000000000        26.430000000000000        1.0000000000000000E-002
   31197.674999999999        26.399999999999999        1.0000000000000000E-002
   31198.073000000000        26.379999999999999        1.0000000000000000E-002
   31198.517000000000        26.370000000000001        1.0000000000000000E-002
   31199.728999999999        26.410000000000000        1.0000000000000000E-002
   31200.099999999999        26.440000000000001        1.0000000000000000E-002
   31200.574000000001        26.489999999999998        1.0000000000000000E-002
   31201.951000000001        26.680000000000000        1.0000000000000000E-002
   31202.077000000001        26.699999999999999        1.0000000000000000E-002
   31202.411000000000        26.739999999999998        1.0000000000000000E-002
   31204.118999999999        26.920000000000002        1.0000000000000000E-002
   31204.846000000001        26.949999999999999        1.0000000000000000E-002
   31204.895000000000        26.949999999999999        1.0000000000000000E-002
   31205.078000000001        26.949999999999999        1.0000000000000000E-002
   31205.269000000000        26.949999999999999        1.0000000000000000E-002
   31205.312000000002        26.949999999999999        1.0000000000000000E-002
   31205.432000000001        26.949999999999999        1.0000000000000000E-002
   31205.735000000001        26.949999999999999        1.0000000000000000E-002
   31205.933000000001        26.949999999999999        1.0000000000000000E-002
   31206.878000000001        26.910000000000000        1.0000000000000000E-002
   31207.625000000000        26.870000000000001        1.0000000000000000E-002
   31209.009999999998        26.750000000000000        1.0000000000000000E-002
   31209.597000000002        26.690000000000001        1.0000000000000000E-002
   31209.651999999998        26.680000000000000        1.0000000000000000E-002
   31209.753000000001        26.670000000000002        1.0000000000000000E-002
   31209.948000000000        26.649999999999999        1.0000000000000000E-002
   31210.674999999999        26.559999999999999        2.0000000000000000E-002
   31211.017000000000        26.520000000000000        2.0000000000000000E-002
   31211.206999999999        26.500000000000000        2.0000000000000000E-002
   31211.827000000001        26.440000000000001        2.0000000000000000E-002
   31213.022000000001        26.370000000000001        2.0000000000000000E-002
   31213.376000000000        26.370000000000001        2.0000000000000000E-002
   31213.411000000000        26.370000000000001        2.0000000000000000E-002
   31213.492999999999        26.370000000000001        2.0000000000000000E-002
   31215.841000000000        26.579999999999998        2.0000000000000000E-002
   31216.664000000001        26.690000000000001        2.0000000000000000E-002
   31217.454000000002        26.800000000000001        2.0000000000000000E-002
   31219.009999999998        26.930000000000000        2.0000000000000000E-002
   31219.285000000000        26.940000000000001        2.0000000000000000E-002
   31219.596000000001        26.949999999999999        2.0000000000000000E-002
   31220.299999999999        26.949999999999999        2.0000000000000000E-002
   31221.005000000001        26.940000000000001        2.0000000000000000E-002
   31221.145000000000        26.930000000000000        2.0000000000000000E-002
   31222.331999999999        26.859999999999999        2.0000000000000000E-002
   31222.475999999999        26.850000000000001        2.0000000000000000E-002
   31222.982000000000        26.809999999999999        2.0000000000000000E-002
   31223.060000000001        26.800000000000001        2.0000000000000000E-002
   31223.799999999999        26.730000000000000        2.0000000000000000E-002
   31224.213000000000        26.690000000000001        2.0000000000000000E-002
   31225.606000000000        26.520000000000000        2.9999999999999999E-002
   31226.404999999999        26.440000000000001        2.9999999999999999E-002
   31226.843000000001        26.410000000000000        2.9999999999999999E-002
   31226.934000000001        26.399999999999999        2.9999999999999999E-002
   31226.960999999999        26.399999999999999        2.9999999999999999E-002
   31227.324000000001        26.379999999999999        2.9999999999999999E-002
   31227.812999999998        26.370000000000001        2.9999999999999999E-002
