   89653.104000000007        23.870000000000001        1.0000000000000000E-002
   89653.335999999996        23.890000000000001        1.0000000000000000E-002
   89653.456000000006        23.890000000000001        1.0000000000000000E-002
   89653.669999999998        23.890000000000001        1.0000000000000000E-002
   89653.676000000007        23.890000000000001        1.0000000000000000E-002
   89654.150999999998        23.870000000000001        1.0000000000000000E-002
   89654.949999999997        23.820000000000000        1.0000000000000000E-002
   89654.990999999995        23.820000000000000        1.0000000000000000E-002
   89655.642000000007        23.800000000000001        1.0000000000000000E-002
   89655.707999999999        23.800000000000001        1.0000000000000000E-002
   89656.161999999997        23.789999999999999        1.0000000000000000E-002
   89656.277000000002        23.789999999999999        1.0000000000000000E-002
   89656.293999999994        23.789999999999999        1.0000000000000000E-002
   89656.406000000003        23.789999999999999        1.0000000000000000E-002
   89656.678000000000        23.770000000000000        1.0000000000000000E-002
   89656.764999999999        23.760000000000002        1.0000000000000000E-002
   89656.919999999998        23.750000000000000        1.0000000000000000E-002
   89656.952999999994        23.750000000000000        1.0000000000000000E-002
   89657.127999999997        23.730000000000000        1.0000000000000000E-002
   89657.792000000001        23.629999999999999        1.0000000000000000E-002
   89658.729000000007        23.539999999999999        1.0000000000000000E-002
   89659.038000000000        23.550000000000001        1.0000000000000000E-002
   89661.239000000001        23.890000000000001        1.0000000000000000E-002
   89661.330000000002        23.890000000000001        1.0000000000000000E-002
   89661.478000000003        23.890000000000001        1.0000000000000000E-002
   89662.206999999995        23.850000000000001        1.0000000000000000E-002
   89662.360000000001        23.840000000000000        1.0000000000000000E-002
   89662.516000000003        23.829999999999998        1.0000000000000000E-002
   89662.698999999993        23.820000000000000        1.0000000000000000E-002
   89663.077000000005        23.800000000000001        1.0000000000000000E-002
   89663.116999999998        23.800000000000001        1.0000000000000000E-002
   89663.521999999997        23.800000000000001        1.0000000000000000E-002
   89663.638999999996        23.800000000000001        1.0000000000000000E-002
   89663.691999999995        23.800000000000001        1.0000000000000000E-002
   89664.369999999995        23.780000000000001        1.0000000000000000E-002
   89664.777000000002        23.739999999999998        1.0000000000000000E-002
   89664.842000000004        23.739999999999998        1.0000000000000000E-002
   89664.910999999993        23.730000000000000        1.0000000000000000E-002
   89665.047999999995        23.710000000000001        1.0000000000000000E-002
   89665.051000000007        23.710000000000001        1.0000000000000000E-002
   89665.190000000002        23.690000000000001        1.0000000000000000E-002
   89665.311000000002        23.670000000000002        1.0000000000000000E-002
   89665.486000000004        23.640000000000001        1.0000000000000000E-002
   89666.036999999997        23.570000000000000        1.0000000000000000E-002
   89666.346000000005        23.539999999999999        1.0000000000000000E-002
   89666.712000000000        23.550000000000001        1.0000000000000000E-002
   89667.354999999996        23.629999999999999        1.0000000000000000E-002
   89668.028000000006        23.760000000000002        1.0000000000000000E-002
   89668.199999999997        23.800000000000001        1.0000000000000000E-002
   89668.438999999998        23.840000000000000        1.0000000000000000E-002
   89668.683999999994        23.870000000000001        1.0000000000000000E-002
   89668.997000000003        23.890000000000001        2.0000000000000000E-002
   89669.804999999993        23.870000000000001        2.0000000000000000E-002
   89669.933999999994        23.859999999999999        2.0000000000000000E-002
   89670.112999999998        23.850000000000001        2.0000000000000000E-002
   89670.357999999993        23.829999999999998        2.0000000000000000E-002
   89670.895999999993        23.800000000000001        2.0000000000000000E-002
   89671.199999999997        23.800000000000001        2.0000000000000000E-002
   89671.332999999999        23.800000000000001        2.0000000000000000E-002
   89671.682000000001        23.789999999999999        2.0000000000000000E-002
   89671.952999999994        23.789999999999999        2.0000000000000000E-002
   89672.153000000006        23.780000000000001        2.0000000000000000E-002
   89672.422999999995        23.760000000000002        2.0000000000000000E-002
   89672.865000000005        23.710000000000001        2.0000000000000000E-002
   89673.289999999994        23.640000000000001        2.0000000000000000E-002
   89673.322000000000        23.640000000000001        2.0000000000000000E-002
   89673.554000000004        23.600000000000001        2.0000000000000000E-002
   89673.885999999999        23.559999999999999        2.0000000000000000E-002
   89674.206999999995        23.539999999999999        2.0000000000000000E-002
   89674.335000000006        23.539999999999999        2.0000000000000000E-002
   89674.369999999995        23.539999999999999        2.0000000000000000E-002
   89674.997000000003        23.600000000000001        2.0000000000000000E-002
   89675.494999999995        23.690000000000001        2.9999999999999999E-002
   89675.889999999999        23.780000000000001        2.9999999999999999E-002
   89675.964000000007        23.789999999999999        2.9999999999999999E-002
