   1433.6690000000001        26.000000000000000        1.0000000000000000E-002
   1435.1140000000000        25.640000000000001        1.0000000000000000E-002
   1436.1389999999999        25.510000000000002        1.0000000000000000E-002
   1436.5709999999999        25.489999999999998        1.0000000000000000E-002
   1436.6590000000001        25.489999999999998        1.0000000000000000E-002
   1438.3779999999999        25.539999999999999        1.0000000000000000E-002
   1439.0329999999999        25.579999999999998        1.0000000000000000E-002
   1439.8219999999999        25.620000000000001        1.0000000000000000E-002
   1440.5419999999999        25.660000000000000        1.0000000000000000E-002
   1441.0950000000000        25.690000000000001        1.0000000000000000E-002
   1442.8710000000001        25.800000000000001        1.0000000000000000E-002
   1443.6720000000000        25.879999999999999        1.0000000000000000E-002
   1444.6540000000000        26.000000000000000        1.0000000000000000E-002
   1445.4190000000001        26.140000000000001        1.0000000000000000E-002
   1446.4269999999999        26.340000000000000        1.0000000000000000E-002
   1446.4929999999999        26.350000000000001        1.0000000000000000E-002
   1447.1590000000001        26.489999999999998        1.0000000000000000E-002
   1447.7290000000000        26.590000000000000        1.0000000000000000E-002
   1447.9490000000001        26.620000000000001        1.0000000000000000E-002
   1448.1199999999999        26.640000000000001        1.0000000000000000E-002
   1448.6759999999999        26.680000000000000        1.0000000000000000E-002
   1448.8000000000000        26.690000000000001        1.0000000000000000E-002
   1450.0670000000000        26.590000000000000        1.0000000000000000E-002
   1450.2030000000000        26.570000000000000        1.0000000000000000E-002
   1450.4690000000001        26.510000000000002        1.0000000000000000E-002
   1451.8140000000001        26.140000000000001        1.0000000000000000E-002
   1451.9110000000001        26.109999999999999        1.0000000000000000E-002
   1451.9459999999999        26.100000000000001        1.0000000000000000E-002
   1452.6720000000000        25.879999999999999        1.0000000000000000E-002
   1452.8309999999999        25.840000000000000        1.0000000000000000E-002
   1453.0799999999999        25.780000000000001        1.0000000000000000E-002
   1453.8009999999999        25.620000000000001        1.0000000000000000E-002
   1454.3710000000001        25.550000000000001        1.0000000000000000E-002
   1456.8599999999999        25.530000000000001        1.0000000000000000E-002
   1457.6800000000001        25.579999999999998        1.0000000000000000E-002
   1458.0909999999999        25.600000000000001        1.0000000000000000E-002
   1459.0000000000000        25.649999999999999        1.0000000000000000E-002
   1461.0110000000000        25.770000000000000        1.0000000000000000E-002
   1462.6769999999999        25.920000000000002        1.0000000000000000E-002
   1464.1530000000000        26.160000000000000        1.0000000000000000E-002
   1465.5360000000001        26.440000000000001        1.0000000000000000E-002
   1465.7650000000001        26.489999999999998        1.0000000000000000E-002
   1466.1460000000000        26.559999999999999        1.0000000000000000E-002
   1467.1300000000001        26.680000000000000        1.0000000000000000E-002
   1467.4030000000000        26.690000000000001        1.0000000000000000E-002
   1467.8140000000001        26.680000000000000        1.0000000000000000E-002
   1468.0920000000001        26.670000000000002        1.0000000000000000E-002
   1470.0770000000000        26.239999999999998        1.0000000000000000E-002
   1471.4659999999999        25.829999999999998        1.0000000000000000E-002
   1471.9949999999999        25.699999999999999        1.0000000000000000E-002
   1472.3050000000001        25.640000000000001        1.0000000000000000E-002
   1472.5950000000000        25.590000000000000        1.0000000000000000E-002
   1473.0940000000001        25.530000000000001        1.0000000000000000E-002
   1473.6500000000001        25.500000000000000        1.0000000000000000E-002
   1473.6900000000001        25.500000000000000        1.0000000000000000E-002
   1474.2700000000000        25.489999999999998        1.0000000000000000E-002
   1474.7400000000000        25.500000000000000        1.0000000000000000E-002
   1476.0909999999999        25.570000000000000        2.0000000000000000E-002
   1477.6430000000000        25.649999999999999        2.0000000000000000E-002
   1477.7850000000001        25.660000000000000        2.0000000000000000E-002
   1477.7919999999999        25.660000000000000        2.0000000000000000E-002
   1478.8760000000000        25.719999999999999        2.0000000000000000E-002
   1480.6340000000000        25.850000000000001        2.0000000000000000E-002
   1480.7480000000000        25.859999999999999        2.0000000000000000E-002
   1481.0129999999999        25.890000000000001        2.0000000000000000E-002
   1481.3840000000000        25.940000000000001        2.0000000000000000E-002
   1481.9880000000001        26.030000000000001        2.0000000000000000E-002
   1482.1520000000000        26.050000000000001        2.0000000000000000E-002
   1482.4020000000000        26.100000000000001        2.0000000000000000E-002
   1482.5480000000000        26.120000000000001        2.0000000000000000E-002
   1482.8219999999999        26.170000000000002        2.0000000000000000E-002
   1482.8470000000000        26.180000000000000        2.0000000000000000E-002
   1486.3260000000000        26.690000000000001        2.0000000000000000E-002
   1486.9410000000000        26.640000000000001        2.0000000000000000E-002
   1487.8699999999999        26.469999999999999        2.0000000000000000E-002
   1489.1050000000000        26.109999999999999        2.0000000000000000E-002
   1489.9820000000000        25.850000000000001        2.0000000000000000E-002
   1491.7400000000000        25.530000000000001        2.0000000000000000E-002
   1492.3219999999999        25.489999999999998        2.9999999999999999E-002
   1492.8170000000000        25.489999999999998        2.9999999999999999E-002
   1493.4459999999999        25.500000000000000        2.9999999999999999E-002
   1493.5460000000000        25.510000000000002        2.9999999999999999E-002
   1493.7010000000000        25.510000000000002        2.9999999999999999E-002
   1494.4939999999999        25.559999999999999        2.9999999999999999E-002
