   37574.362000000001        25.520000000000000        1.0000000000000000E-002
   37575.504000000001        25.559999999999999        1.0000000000000000E-002
   37575.921999999999        25.600000000000001        1.0000000000000000E-002
   37576.156999999999        25.629999999999999        1.0000000000000000E-002
   37576.892000000000        25.730000000000000        1.0000000000000000E-002
   37577.652999999998        25.840000000000000        1.0000000000000000E-002
   37578.095999999998        25.899999999999999        1.0000000000000000E-002
   37580.612000000001        26.219999999999999        1.0000000000000000E-002
   37582.928000000000        26.469999999999999        1.0000000000000000E-002
   37583.824999999997        26.579999999999998        1.0000000000000000E-002
   37584.050000000003        26.609999999999999        1.0000000000000000E-002
   37587.735999999997        26.879999999999999        1.0000000000000000E-002
   37587.756000000001        26.879999999999999        1.0000000000000000E-002
   37590.175999999999        26.530000000000001        1.0000000000000000E-002
   37591.468999999997        26.199999999999999        1.0000000000000000E-002
   37591.830000000002        26.100000000000001        1.0000000000000000E-002
   37593.845000000001        25.649999999999999        1.0000000000000000E-002
   37594.267999999996        25.590000000000000        1.0000000000000000E-002
   37595.339000000000        25.520000000000000        1.0000000000000000E-002
   37596.135999999999        25.530000000000001        1.0000000000000000E-002
   37596.900000000001        25.590000000000000        1.0000000000000000E-002
   37596.989999999998        25.600000000000001        1.0000000000000000E-002
   37597.538000000000        25.660000000000000        1.0000000000000000E-002
   37599.684000000001        25.969999999999999        1.0000000000000000E-002
   37599.925999999999        26.000000000000000        1.0000000000000000E-002
   37599.966000000000        26.010000000000002        1.0000000000000000E-002
   37602.053999999996        26.260000000000002        1.0000000000000000E-002
   37602.428000000000        26.300000000000001        1.0000000000000000E-002
   37603.406999999999        26.399999999999999        1.0000000000000000E-002
   37605.856000000000        26.690000000000001        1.0000000000000000E-002
   37607.690000000002        26.870000000000001        1.0000000000000000E-002
   37609.489000000001        26.840000000000000        1.0000000000000000E-002
   37611.417000000001        26.510000000000002        1.0000000000000000E-002
   37611.794999999998        26.410000000000000        1.0000000000000000E-002
   37612.034000000000        26.350000000000001        1.0000000000000000E-002
   37612.084999999999        26.340000000000000        1.0000000000000000E-002
   37612.415000000001        26.250000000000000        1.0000000000000000E-002
   37612.802000000003        26.149999999999999        1.0000000000000000E-002
   37614.313999999998        25.770000000000000        1.0000000000000000E-002
   37614.449000000001        25.739999999999998        1.0000000000000000E-002
   37615.968999999997        25.539999999999999        1.0000000000000000E-002
   37616.186999999998        25.530000000000001        1.0000000000000000E-002
   37616.296999999999        25.520000000000000        1.0000000000000000E-002
   37616.580000000002        25.520000000000000        1.0000000000000000E-002
   37616.851000000002        25.520000000000000        1.0000000000000000E-002
   37620.398000000001        25.910000000000000        1.0000000000000000E-002
   37623.538000000000        26.289999999999999        1.0000000000000000E-002
   37625.635999999999        26.530000000000001        1.0000000000000000E-002
   37625.781000000003        26.539999999999999        1.0000000000000000E-002
   37625.902000000002        26.559999999999999        1.0000000000000000E-002
   37626.843000000001        26.670000000000002        1.0000000000000000E-002
   37629.186999999998        26.879999999999999        1.0000000000000000E-002
   37631.152999999998        26.780000000000001        2.0000000000000000E-002
   37632.565999999999        26.500000000000000        2.0000000000000000E-002
   37633.360999999997        26.300000000000001        2.0000000000000000E-002
   37633.722999999998        26.199999999999999        2.0000000000000000E-002
   37635.315000000002        25.800000000000001        2.0000000000000000E-002
   37636.839000000000        25.559999999999999        2.0000000000000000E-002
   37639.343000000001        25.609999999999999        2.0000000000000000E-002
   37641.305000000000        25.879999999999999        2.0000000000000000E-002
   37641.345999999998        25.879999999999999        2.0000000000000000E-002
   37642.180999999997        26.000000000000000        2.0000000000000000E-002
   37642.343000000001        26.020000000000000        2.0000000000000000E-002
   37645.262000000002        26.359999999999999        2.0000000000000000E-002
   37645.697000000000        26.399999999999999        2.0000000000000000E-002
   37646.633999999998        26.510000000000002        2.0000000000000000E-002
   37646.815000000002        26.530000000000001        2.0000000000000000E-002
   37646.857000000004        26.539999999999999        2.0000000000000000E-002
   37646.959999999999        26.550000000000001        2.0000000000000000E-002
   37647.449000000001        26.609999999999999        2.0000000000000000E-002
   37651.203999999998        26.870000000000001        2.0000000000000000E-002
   37652.118999999999        26.800000000000001        2.0000000000000000E-002
   37652.398000000001        26.760000000000002        2.0000000000000000E-002
   37652.832000000002        26.690000000000001        2.0000000000000000E-002
   37653.059000000001        26.640000000000001        2.0000000000000000E-002
   37653.298999999999        26.590000000000000        2.0000000000000000E-002
   37654.389000000003        26.329999999999998        2.9999999999999999E-002
   37654.870000000003        26.199999999999999        2.9999999999999999E-002
   37656.031000000003        25.890000000000001        2.9999999999999999E-002
   37656.482000000004        25.789999999999999        2.9999999999999999E-002
   37656.633000000002        25.760000000000002        2.9999999999999999E-002
   37656.682999999997        25.750000000000000        2.9999999999999999E-002
   37657.497000000003        25.609999999999999        2.9999999999999999E-002
