   1.5000000000000000       -1.7200000000000000     
   2.1000000000000001       -2.1499999999999999     
   3.0000000000000000       -2.5800000000000001     
   4.2000000000000002       -3.0200000000000000     
   5.4000000000000004       -3.3199999999999998     
   6.0999999999999996       -3.4800000000000000     
   6.7999999999999998       -3.6200000000000001     
   7.0000000000000000       -3.6600000000000001     
   9.5000000000000000       -4.0400000000000000     
   10.100000000000000       -4.1200000000000001     
   11.300000000000001       -4.2500000000000000     
   11.600000000000000       -4.2900000000000000     
   12.400000000000000       -4.3700000000000001     
   13.800000000000001       -4.5099999999999998     
   17.100000000000001       -4.7800000000000002     
   17.899999999999999       -4.8399999999999999     
   18.199999999999999       -4.8600000000000003     
   18.199999999999999       -4.8600000000000003     
   18.899999999999999       -4.9100000000000001     
   20.100000000000001       -4.9800000000000004     
   20.100000000000001       -4.9900000000000002     
   20.800000000000001       -5.0300000000000002     
   22.000000000000000       -5.0999999999999996     
   23.000000000000000       -5.1600000000000001     
   26.000000000000000       -5.3099999999999996     
   27.000000000000000       -5.3600000000000003     
   31.100000000000001       -5.5300000000000002     
   33.200000000000003       -5.6200000000000001     
   34.000000000000000       -5.6500000000000004     
