   87155.611000000004        26.500000000000000        1.0000000000000000E-002
   87155.657000000007        26.500000000000000        1.0000000000000000E-002
   87156.146999999997        26.469999999999999        1.0000000000000000E-002
   87156.659000000000        26.469999999999999        1.0000000000000000E-002
   87157.130000000005        26.489999999999998        1.0000000000000000E-002
   87157.252999999997        26.500000000000000        1.0000000000000000E-002
   87157.671000000002        26.530000000000001        1.0000000000000000E-002
   87157.902000000002        26.559999999999999        1.0000000000000000E-002
   87158.180999999997        26.590000000000000        1.0000000000000000E-002
   87158.335000000006        26.609999999999999        1.0000000000000000E-002
   87158.406000000003        26.609999999999999        1.0000000000000000E-002
   87158.812999999995        26.660000000000000        1.0000000000000000E-002
   87161.880999999994        26.930000000000000        1.0000000000000000E-002
   87162.047999999995        26.940000000000001        1.0000000000000000E-002
   87162.297000000006        26.969999999999999        1.0000000000000000E-002
   87166.313999999998        27.329999999999998        1.0000000000000000E-002
   87166.491999999998        27.340000000000000        1.0000000000000000E-002
   87166.555999999997        27.340000000000000        1.0000000000000000E-002
   87167.142999999996        27.359999999999999        1.0000000000000000E-002
   87167.767000000007        27.350000000000001        1.0000000000000000E-002
   87167.884000000005        27.340000000000000        1.0000000000000000E-002
   87167.964000000007        27.340000000000000        1.0000000000000000E-002
   87168.869999999995        27.250000000000000        1.0000000000000000E-002
   87169.057000000001        27.219999999999999        1.0000000000000000E-002
   87169.297000000006        27.180000000000000        1.0000000000000000E-002
   87169.483999999997        27.140000000000001        1.0000000000000000E-002
   87169.652000000002        27.109999999999999        1.0000000000000000E-002
   87170.327999999994        26.949999999999999        1.0000000000000000E-002
   87171.861999999994        26.609999999999999        1.0000000000000000E-002
   87171.884000000005        26.609999999999999        1.0000000000000000E-002
   87172.483999999997        26.520000000000000        1.0000000000000000E-002
   87173.341000000000        26.469999999999999        1.0000000000000000E-002
   87174.009999999995        26.480000000000000        1.0000000000000000E-002
   87174.239000000001        26.489999999999998        1.0000000000000000E-002
   87174.282999999996        26.500000000000000        1.0000000000000000E-002
   87175.937999999995        26.670000000000002        1.0000000000000000E-002
   87177.217999999993        26.800000000000001        1.0000000000000000E-002
   87177.346999999994        26.809999999999999        1.0000000000000000E-002
   87177.557000000001        26.820000000000000        1.0000000000000000E-002
   87177.667000000001        26.829999999999998        1.0000000000000000E-002
   87179.245999999999        26.960000000000001        1.0000000000000000E-002
   87179.645999999993        26.989999999999998        1.0000000000000000E-002
   87179.665999999997        26.989999999999998        1.0000000000000000E-002
   87181.895000000004        27.210000000000001        1.0000000000000000E-002
   87182.508000000002        27.270000000000000        1.0000000000000000E-002
   87182.698999999993        27.280000000000001        1.0000000000000000E-002
   87182.880000000005        27.300000000000001        1.0000000000000000E-002
   87183.725999999995        27.350000000000001        1.0000000000000000E-002
   87184.006999999998        27.350000000000001        1.0000000000000000E-002
   87187.021999999997        27.039999999999999        1.0000000000000000E-002
   87187.517999999996        26.920000000000002        1.0000000000000000E-002
   87187.907000000007        26.829999999999998        1.0000000000000000E-002
   87187.967999999993        26.809999999999999        1.0000000000000000E-002
   87189.442999999999        26.530000000000001        2.0000000000000000E-002
   87190.414999999994        26.460000000000001        2.0000000000000000E-002
   87190.805999999997        26.469999999999999        2.0000000000000000E-002
   87191.046000000002        26.480000000000000        2.0000000000000000E-002
   87192.298999999999        26.590000000000000        2.0000000000000000E-002
   87192.790999999997        26.649999999999999        2.0000000000000000E-002
   87192.820000000007        26.649999999999999        2.0000000000000000E-002
   87193.160999999993        26.690000000000001        2.0000000000000000E-002
   87193.945000000007        26.770000000000000        2.0000000000000000E-002
   87194.448999999993        26.809999999999999        2.0000000000000000E-002
   87196.297999999995        26.960000000000001        2.0000000000000000E-002
   87197.017000000007        27.020000000000000        2.0000000000000000E-002
   87199.410999999993        27.250000000000000        2.0000000000000000E-002
   87199.620999999999        27.270000000000000        2.0000000000000000E-002
   87199.804000000004        27.289999999999999        2.0000000000000000E-002
   87199.812000000005        27.289999999999999        2.0000000000000000E-002
   87199.947000000000        27.300000000000001        2.0000000000000000E-002
   87201.274000000005        27.359999999999999        2.0000000000000000E-002
   87202.066999999995        27.340000000000000        2.0000000000000000E-002
   87202.362999999998        27.320000000000000        2.0000000000000000E-002
   87202.472999999998        27.309999999999999        2.0000000000000000E-002
   87202.910000000003        27.250000000000000        2.9999999999999999E-002
   87203.406000000003        27.170000000000002        2.9999999999999999E-002
   87203.559999999998        27.140000000000001        2.9999999999999999E-002
   87203.846000000005        27.090000000000000        2.9999999999999999E-002
   87204.837000000000        26.850000000000001        2.9999999999999999E-002
