   11377.934999999999        26.770000000000000        1.0000000000000000E-002
   11377.995999999999        26.780000000000001        1.0000000000000000E-002
   11378.509000000000        26.809999999999999        1.0000000000000000E-002
   11379.174000000001        26.840000000000000        1.0000000000000000E-002
   11379.351000000001        26.840000000000000        1.0000000000000000E-002
   11379.564000000000        26.850000000000001        1.0000000000000000E-002
   11379.589000000000        26.850000000000001        1.0000000000000000E-002
   11379.973000000000        26.850000000000001        1.0000000000000000E-002
   11381.082000000000        26.870000000000001        1.0000000000000000E-002
   11381.625000000000        26.899999999999999        1.0000000000000000E-002
   11381.723000000000        26.899999999999999        1.0000000000000000E-002
   11382.022999999999        26.920000000000002        1.0000000000000000E-002
   11382.348000000000        26.930000000000000        1.0000000000000000E-002
   11382.806000000000        26.949999999999999        1.0000000000000000E-002
   11383.325999999999        26.949999999999999        1.0000000000000000E-002
   11384.494000000001        26.870000000000001        1.0000000000000000E-002
   11384.609000000000        26.859999999999999        1.0000000000000000E-002
   11384.758000000000        26.840000000000000        1.0000000000000000E-002
   11384.808000000001        26.840000000000000        1.0000000000000000E-002
   11384.889999999999        26.829999999999998        1.0000000000000000E-002
   11385.787000000000        26.730000000000000        1.0000000000000000E-002
   11385.826999999999        26.719999999999999        1.0000000000000000E-002
   11386.243000000000        26.690000000000001        1.0000000000000000E-002
   11388.350000000000        26.770000000000000        1.0000000000000000E-002
   11388.822000000000        26.800000000000001        1.0000000000000000E-002
   11389.492000000000        26.840000000000000        1.0000000000000000E-002
   11390.268000000000        26.850000000000001        1.0000000000000000E-002
   11390.379999999999        26.850000000000001        1.0000000000000000E-002
   11390.513000000001        26.850000000000001        1.0000000000000000E-002
   11390.803000000000        26.859999999999999        1.0000000000000000E-002
   11391.126000000000        26.859999999999999        1.0000000000000000E-002
   11391.627000000000        26.879999999999999        1.0000000000000000E-002
   11391.876000000000        26.890000000000001        1.0000000000000000E-002
   11392.014999999999        26.899999999999999        1.0000000000000000E-002
   11392.901000000000        26.940000000000001        1.0000000000000000E-002
   11394.621999999999        26.899999999999999        1.0000000000000000E-002
   11395.021000000001        26.859999999999999        1.0000000000000000E-002
   11395.662000000000        26.780000000000001        1.0000000000000000E-002
   11396.036000000000        26.739999999999998        1.0000000000000000E-002
   11396.188000000000        26.730000000000000        1.0000000000000000E-002
   11396.218000000001        26.730000000000000        1.0000000000000000E-002
   11396.401000000000        26.710000000000001        1.0000000000000000E-002
   11396.495000000001        26.699999999999999        1.0000000000000000E-002
   11396.522000000001        26.699999999999999        1.0000000000000000E-002
   11397.175999999999        26.680000000000000        1.0000000000000000E-002
   11397.319000000000        26.680000000000000        1.0000000000000000E-002
   11397.500000000000        26.690000000000001        1.0000000000000000E-002
   11397.680000000000        26.690000000000001        1.0000000000000000E-002
   11397.946000000000        26.710000000000001        1.0000000000000000E-002
   11398.027000000000        26.710000000000001        1.0000000000000000E-002
   11398.088000000000        26.719999999999999        1.0000000000000000E-002
   11398.183000000001        26.730000000000000        1.0000000000000000E-002
   11398.225000000000        26.730000000000000        1.0000000000000000E-002
   11398.468999999999        26.750000000000000        1.0000000000000000E-002
   11398.588000000000        26.760000000000002        1.0000000000000000E-002
   11398.766000000000        26.770000000000000        1.0000000000000000E-002
   11398.918000000000        26.780000000000001        1.0000000000000000E-002
   11399.085999999999        26.789999999999999        1.0000000000000000E-002
   11399.519000000000        26.820000000000000        1.0000000000000000E-002
   11399.798000000001        26.829999999999998        2.0000000000000000E-002
   11399.870000000001        26.840000000000000        2.0000000000000000E-002
   11400.054000000000        26.840000000000000        2.0000000000000000E-002
   11400.500000000000        26.850000000000001        2.0000000000000000E-002
   11400.564000000000        26.850000000000001        2.0000000000000000E-002
   11401.459999999999        26.859999999999999        2.0000000000000000E-002
   11401.689000000000        26.870000000000001        2.0000000000000000E-002
   11401.993000000000        26.879999999999999        2.0000000000000000E-002
   11402.135000000000        26.879999999999999        2.0000000000000000E-002
   11402.179000000000        26.879999999999999        2.0000000000000000E-002
   11402.281000000001        26.890000000000001        2.0000000000000000E-002
   11402.599000000000        26.899999999999999        2.0000000000000000E-002
   11402.686000000000        26.910000000000000        2.0000000000000000E-002
   11403.047000000000        26.930000000000000        2.0000000000000000E-002
   11403.175999999999        26.930000000000000        2.0000000000000000E-002
   11404.691999999999        26.930000000000000        2.0000000000000000E-002
   11404.916999999999        26.910000000000000        2.0000000000000000E-002
   11405.281000000001        26.879999999999999        2.0000000000000000E-002
   11405.409000000000        26.859999999999999        2.0000000000000000E-002
   11405.579000000000        26.840000000000000        2.0000000000000000E-002
   11406.302000000000        26.760000000000002        2.0000000000000000E-002
   11407.589000000000        26.680000000000000        2.0000000000000000E-002
   11407.707000000000        26.680000000000000        2.0000000000000000E-002
   11408.201999999999        26.699999999999999        2.0000000000000000E-002
   11408.556000000000        26.719999999999999        2.0000000000000000E-002
   11408.692999999999        26.730000000000000        2.9999999999999999E-002
   11408.775000000000        26.739999999999998        2.9999999999999999E-002
   11409.808999999999        26.809999999999999        2.9999999999999999E-002
