   63293.089000000000        26.609999999999999        1.0000000000000000E-002
   63293.591000000000        26.710000000000001        1.0000000000000000E-002
   63293.773999999998        26.739999999999998        1.0000000000000000E-002
   63294.252000000000        26.780000000000001        1.0000000000000000E-002
   63294.839000000000        26.780000000000001        1.0000000000000000E-002
   63295.017999999996        26.770000000000000        1.0000000000000000E-002
   63295.177000000003        26.750000000000000        1.0000000000000000E-002
   63295.226000000002        26.750000000000000        1.0000000000000000E-002
   63295.385000000002        26.730000000000000        1.0000000000000000E-002
   63295.720000000001        26.680000000000000        1.0000000000000000E-002
   63297.618999999999        26.500000000000000        1.0000000000000000E-002
   63297.659000000000        26.489999999999998        1.0000000000000000E-002
   63298.517999999996        26.520000000000000        1.0000000000000000E-002
   63298.773999999998        26.530000000000001        1.0000000000000000E-002
   63300.055000000000        26.539999999999999        1.0000000000000000E-002
   63300.260999999999        26.530000000000001        1.0000000000000000E-002
   63300.326999999997        26.520000000000000        1.0000000000000000E-002
   63300.453000000001        26.510000000000002        1.0000000000000000E-002
   63300.964000000000        26.440000000000001        1.0000000000000000E-002
   63301.300000000003        26.390000000000001        1.0000000000000000E-002
   63301.728000000003        26.320000000000000        1.0000000000000000E-002
   63302.197000000000        26.250000000000000        1.0000000000000000E-002
   63302.373000000000        26.230000000000000        1.0000000000000000E-002
   63302.449000000001        26.219999999999999        1.0000000000000000E-002
   63302.879000000001        26.199999999999999        1.0000000000000000E-002
   63302.925000000003        26.199999999999999        1.0000000000000000E-002
   63303.379000000001        26.219999999999999        1.0000000000000000E-002
   63303.404999999999        26.219999999999999        1.0000000000000000E-002
   63303.696000000004        26.250000000000000        1.0000000000000000E-002
   63304.377999999997        26.379999999999999        1.0000000000000000E-002
   63304.493999999999        26.410000000000000        1.0000000000000000E-002
   63304.625000000000        26.440000000000001        1.0000000000000000E-002
   63306.116999999998        26.750000000000000        1.0000000000000000E-002
   63306.290000000001        26.770000000000000        1.0000000000000000E-002
   63306.409000000000        26.780000000000001        1.0000000000000000E-002
   63306.468999999997        26.780000000000001        1.0000000000000000E-002
   63306.803000000000        26.789999999999999        1.0000000000000000E-002
   63306.887999999999        26.789999999999999        1.0000000000000000E-002
   63307.042999999998        26.780000000000001        1.0000000000000000E-002
   63308.000000000000        26.680000000000000        1.0000000000000000E-002
   63309.758999999998        26.500000000000000        1.0000000000000000E-002
   63309.904000000002        26.489999999999998        1.0000000000000000E-002
   63310.080000000002        26.500000000000000        1.0000000000000000E-002
   63310.523999999998        26.510000000000002        1.0000000000000000E-002
   63310.983999999997        26.530000000000001        1.0000000000000000E-002
   63311.103000000003        26.539999999999999        1.0000000000000000E-002
   63311.845000000001        26.559999999999999        1.0000000000000000E-002
   63311.906000000003        26.550000000000001        1.0000000000000000E-002
   63312.004999999997        26.550000000000001        1.0000000000000000E-002
   63312.248000000000        26.539999999999999        1.0000000000000000E-002
   63312.379999999997        26.539999999999999        1.0000000000000000E-002
   63312.432999999997        26.530000000000001        1.0000000000000000E-002
   63312.544000000002        26.520000000000000        1.0000000000000000E-002
   63313.332999999999        26.420000000000002        1.0000000000000000E-002
   63313.834000000003        26.340000000000000        1.0000000000000000E-002
   63315.084000000003        26.199999999999999        1.0000000000000000E-002
   63315.216000000000        26.199999999999999        1.0000000000000000E-002
   63315.764999999999        26.230000000000000        1.0000000000000000E-002
   63315.834000000003        26.239999999999998        1.0000000000000000E-002
   63316.086000000003        26.270000000000000        1.0000000000000000E-002
   63316.319000000003        26.320000000000000        1.0000000000000000E-002
   63316.963000000003        26.460000000000001        1.0000000000000000E-002
   63317.570000000000        26.609999999999999        1.0000000000000000E-002
   63317.618999999999        26.620000000000001        1.0000000000000000E-002
   63317.635999999999        26.620000000000001        1.0000000000000000E-002
   63317.641000000003        26.629999999999999        1.0000000000000000E-002
   63317.938000000002        26.690000000000001        1.0000000000000000E-002
   63318.555999999997        26.770000000000000        2.0000000000000000E-002
   63318.769000000000        26.780000000000001        2.0000000000000000E-002
   63318.853000000003        26.789999999999999        2.0000000000000000E-002
   63319.152000000002        26.789999999999999        2.0000000000000000E-002
   63319.531999999999        26.760000000000002        2.0000000000000000E-002
   63319.610999999997        26.760000000000002        2.0000000000000000E-002
   63319.675999999999        26.750000000000000        2.0000000000000000E-002
   63319.891000000003        26.730000000000000        2.0000000000000000E-002
   63320.231000000000        26.680000000000000        2.0000000000000000E-002
   63320.339999999997        26.660000000000000        2.0000000000000000E-002
   63320.614999999998        26.620000000000001        2.0000000000000000E-002
   63320.728999999999        26.609999999999999        2.0000000000000000E-002
   63321.466000000000        26.520000000000000        2.0000000000000000E-002
   63321.832000000002        26.500000000000000        2.0000000000000000E-002
   63322.444000000003        26.500000000000000        2.0000000000000000E-002
   63322.682000000001        26.500000000000000        2.0000000000000000E-002
   63322.847999999998        26.510000000000002        2.0000000000000000E-002
   63322.947999999997        26.520000000000000        2.0000000000000000E-002
   63322.976000000002        26.520000000000000        2.0000000000000000E-002
   63323.671999999999        26.550000000000001        2.0000000000000000E-002
   63323.957999999999        26.559999999999999        2.0000000000000000E-002
   63323.959000000003        26.559999999999999        2.0000000000000000E-002
   63324.317999999999        26.550000000000001        2.0000000000000000E-002
   63324.830999999998        26.520000000000000        2.0000000000000000E-002
   63325.538999999997        26.430000000000000        2.0000000000000000E-002
   63325.811999999998        26.379999999999999        2.0000000000000000E-002
   63326.470999999998        26.280000000000001        2.0000000000000000E-002
   63326.637999999999        26.250000000000000        2.0000000000000000E-002
   63327.724000000002        26.210000000000001        2.0000000000000000E-002
   63327.775000000001        26.210000000000001        2.0000000000000000E-002
   63328.794999999998        26.370000000000001        2.9999999999999999E-002
   63328.946000000004        26.399999999999999        2.9999999999999999E-002
   63329.010000000002        26.420000000000002        2.9999999999999999E-002
   63329.275000000001        26.480000000000000        2.9999999999999999E-002
   63329.379000000001        26.510000000000002        2.9999999999999999E-002
   63329.478000000003        26.530000000000001        2.9999999999999999E-002
