   366.22899999999998        27.359999999999999        1.0000000000000000E-002
   367.03500000000003        27.260000000000002        1.0000000000000000E-002
   367.96100000000001        27.140000000000001        1.0000000000000000E-002
   369.54599999999999        26.980000000000000        1.0000000000000000E-002
   369.82499999999999        26.949999999999999        1.0000000000000000E-002
   369.97000000000003        26.940000000000001        1.0000000000000000E-002
   370.98800000000000        26.840000000000000        1.0000000000000000E-002
   371.31000000000000        26.809999999999999        1.0000000000000000E-002
   371.32700000000000        26.809999999999999        1.0000000000000000E-002
   371.32799999999997        26.809999999999999        1.0000000000000000E-002
   371.39100000000002        26.809999999999999        1.0000000000000000E-002
   372.57799999999997        26.739999999999998        1.0000000000000000E-002
   372.66800000000001        26.730000000000000        1.0000000000000000E-002
   373.18900000000002        26.730000000000000        1.0000000000000000E-002
   376.65699999999998        27.010000000000002        1.0000000000000000E-002
   376.84300000000002        27.039999999999999        1.0000000000000000E-002
   378.53500000000003        27.309999999999999        1.0000000000000000E-002
   379.69000000000000        27.440000000000001        1.0000000000000000E-002
   380.38400000000001        27.449999999999999        1.0000000000000000E-002
   381.38600000000002        27.379999999999999        1.0000000000000000E-002
   381.64100000000002        27.350000000000001        1.0000000000000000E-002
   382.39299999999997        27.250000000000000        1.0000000000000000E-002
   383.02800000000002        27.170000000000002        1.0000000000000000E-002
   383.85700000000003        27.070000000000000        1.0000000000000000E-002
   384.01799999999997        27.059999999999999        1.0000000000000000E-002
   384.05700000000002        27.050000000000001        1.0000000000000000E-002
   384.17800000000000        27.039999999999999        1.0000000000000000E-002
   384.57200000000000        27.000000000000000        1.0000000000000000E-002
   384.69799999999998        26.989999999999998        1.0000000000000000E-002
   384.96699999999998        26.969999999999999        1.0000000000000000E-002
   385.35500000000002        26.930000000000000        1.0000000000000000E-002
   385.41100000000000        26.920000000000002        1.0000000000000000E-002
   386.21600000000001        26.850000000000001        1.0000000000000000E-002
   386.30599999999998        26.840000000000000        1.0000000000000000E-002
   386.52600000000001        26.820000000000000        1.0000000000000000E-002
   386.63999999999999        26.809999999999999        1.0000000000000000E-002
   386.78500000000003        26.800000000000001        1.0000000000000000E-002
   387.06299999999999        26.780000000000001        1.0000000000000000E-002
   387.89299999999997        26.739999999999998        1.0000000000000000E-002
   388.07700000000000        26.730000000000000        1.0000000000000000E-002
   389.90600000000001        26.789999999999999        1.0000000000000000E-002
   390.01700000000000        26.800000000000001        1.0000000000000000E-002
   390.19299999999998        26.809999999999999        1.0000000000000000E-002
   390.37200000000001        26.829999999999998        1.0000000000000000E-002
   390.76499999999999        26.859999999999999        1.0000000000000000E-002
   390.91199999999998        26.879999999999999        1.0000000000000000E-002
   391.00599999999997        26.890000000000001        1.0000000000000000E-002
   391.43599999999998        26.940000000000001        1.0000000000000000E-002
   393.23899999999998        27.219999999999999        1.0000000000000000E-002
   393.86700000000002        27.320000000000000        1.0000000000000000E-002
   394.40400000000000        27.390000000000001        1.0000000000000000E-002
   394.47100000000000        27.399999999999999        1.0000000000000000E-002
   395.01400000000001        27.440000000000001        1.0000000000000000E-002
   395.77499999999998        27.449999999999999        1.0000000000000000E-002
   396.44700000000000        27.399999999999999        1.0000000000000000E-002
   397.08800000000002        27.329999999999998        1.0000000000000000E-002
   397.50900000000001        27.280000000000001        1.0000000000000000E-002
   397.67599999999999        27.250000000000000        1.0000000000000000E-002
   398.09399999999999        27.199999999999999        1.0000000000000000E-002
   398.66000000000003        27.129999999999999        1.0000000000000000E-002
   398.68099999999998        27.129999999999999        1.0000000000000000E-002
   399.75999999999999        27.010000000000002        1.0000000000000000E-002
   400.33100000000002        26.960000000000001        1.0000000000000000E-002
   402.12000000000000        26.800000000000001        2.0000000000000000E-002
   402.45499999999998        26.770000000000000        2.0000000000000000E-002
   402.57400000000001        26.760000000000002        2.0000000000000000E-002
   402.92399999999998        26.750000000000000        2.0000000000000000E-002
   403.41600000000000        26.730000000000000        2.0000000000000000E-002
   403.89699999999999        26.730000000000000        2.0000000000000000E-002
   404.26600000000002        26.739999999999998        2.0000000000000000E-002
   404.59800000000001        26.750000000000000        2.0000000000000000E-002
   405.98700000000002        26.859999999999999        2.0000000000000000E-002
   406.11900000000003        26.870000000000001        2.0000000000000000E-002
   406.95499999999998        26.969999999999999        2.0000000000000000E-002
   407.43000000000001        27.039999999999999        2.0000000000000000E-002
   407.85100000000000        27.100000000000001        2.0000000000000000E-002
   408.16399999999999        27.149999999999999        2.0000000000000000E-002
   408.38700000000000        27.190000000000001        2.0000000000000000E-002
   408.41800000000001        27.199999999999999        2.0000000000000000E-002
   408.77600000000001        27.260000000000002        2.0000000000000000E-002
   409.02699999999999        27.300000000000001        2.0000000000000000E-002
   409.27400000000000        27.329999999999998        2.0000000000000000E-002
   409.46100000000001        27.359999999999999        2.0000000000000000E-002
   409.47500000000002        27.359999999999999        2.0000000000000000E-002
   410.41500000000002        27.449999999999999        2.0000000000000000E-002
   411.16000000000003        27.449999999999999        2.0000000000000000E-002
   411.61099999999999        27.420000000000002        2.0000000000000000E-002
   412.23300000000000        27.350000000000001        2.0000000000000000E-002
   412.30399999999997        27.340000000000000        2.0000000000000000E-002
   412.97600000000000        27.250000000000000        2.0000000000000000E-002
   413.55399999999997        27.180000000000000        2.0000000000000000E-002
   414.01499999999999        27.120000000000001        2.0000000000000000E-002
   414.88700000000000        27.030000000000001        2.9999999999999999E-002
   415.45299999999997        26.980000000000000        2.9999999999999999E-002
   415.76799999999997        26.949999999999999        2.9999999999999999E-002
   416.78899999999999        26.850000000000001        2.9999999999999999E-002
