   1221.3610000000001        25.969999999999999        1.0000000000000000E-002
   1222.2729999999999        25.809999999999999        1.0000000000000000E-002
   1222.3699999999999        25.809999999999999        1.0000000000000000E-002
   1222.5029999999999        25.809999999999999        1.0000000000000000E-002
   1222.7750000000001        25.809999999999999        1.0000000000000000E-002
   1223.6099999999999        25.920000000000002        1.0000000000000000E-002
   1223.7890000000000        25.960000000000001        1.0000000000000000E-002
   1224.8650000000000        26.190000000000001        1.0000000000000000E-002
   1226.2280000000001        26.510000000000002        1.0000000000000000E-002
   1226.6130000000001        26.620000000000001        1.0000000000000000E-002
   1226.7739999999999        26.660000000000000        1.0000000000000000E-002
   1228.2670000000001        27.039999999999999        1.0000000000000000E-002
   1228.3589999999999        27.059999999999999        1.0000000000000000E-002
   1228.4069999999999        27.070000000000000        1.0000000000000000E-002
   1228.6520000000000        27.100000000000001        1.0000000000000000E-002
   1228.6620000000000        27.100000000000001        1.0000000000000000E-002
   1228.9829999999999        27.129999999999999        1.0000000000000000E-002
   1229.1640000000000        27.129999999999999        1.0000000000000000E-002
   1229.3840000000000        27.120000000000001        1.0000000000000000E-002
   1229.6030000000001        27.090000000000000        1.0000000000000000E-002
   1229.8170000000000        27.050000000000001        1.0000000000000000E-002
   1230.9910000000000        26.640000000000001        1.0000000000000000E-002
   1231.7520000000000        26.289999999999999        1.0000000000000000E-002
   1232.4159999999999        26.030000000000001        1.0000000000000000E-002
   1232.5380000000000        25.989999999999998        1.0000000000000000E-002
   1232.7940000000001        25.920000000000002        1.0000000000000000E-002
   1233.1389999999999        25.850000000000001        1.0000000000000000E-002
   1233.3640000000000        25.820000000000000        1.0000000000000000E-002
   1233.9150000000000        25.809999999999999        1.0000000000000000E-002
   1234.4280000000001        25.859999999999999        1.0000000000000000E-002
   1234.4739999999999        25.859999999999999        1.0000000000000000E-002
   1234.6980000000001        25.899999999999999        1.0000000000000000E-002
   1234.8579999999999        25.930000000000000        1.0000000000000000E-002
   1236.0270000000000        26.180000000000000        1.0000000000000000E-002
   1236.1150000000000        26.190000000000001        1.0000000000000000E-002
   1236.1740000000000        26.210000000000001        1.0000000000000000E-002
   1236.5300000000000        26.289999999999999        1.0000000000000000E-002
   1236.9920000000000        26.399999999999999        1.0000000000000000E-002
   1237.1710000000000        26.440000000000001        1.0000000000000000E-002
   1237.9720000000000        26.649999999999999        1.0000000000000000E-002
   1238.9420000000000        26.920000000000002        1.0000000000000000E-002
   1239.1050000000000        26.960000000000001        1.0000000000000000E-002
   1239.1640000000000        26.980000000000000        1.0000000000000000E-002
   1239.7249999999999        27.079999999999998        1.0000000000000000E-002
   1239.8309999999999        27.100000000000001        1.0000000000000000E-002
   1239.9540000000000        27.109999999999999        1.0000000000000000E-002
   1240.3599999999999        27.129999999999999        1.0000000000000000E-002
   1240.4670000000001        27.120000000000001        1.0000000000000000E-002
   1240.5660000000000        27.120000000000001        1.0000000000000000E-002
   1241.2390000000000        27.000000000000000        1.0000000000000000E-002
   1241.8250000000000        26.800000000000001        1.0000000000000000E-002
   1241.8510000000001        26.789999999999999        1.0000000000000000E-002
   1242.5200000000000        26.500000000000000        1.0000000000000000E-002
   1243.1610000000001        26.210000000000001        1.0000000000000000E-002
   1243.2520000000000        26.170000000000002        1.0000000000000000E-002
   1243.4490000000001        26.090000000000000        1.0000000000000000E-002
   1243.6289999999999        26.030000000000001        1.0000000000000000E-002
   1245.7639999999999        25.870000000000001        1.0000000000000000E-002
   1246.2690000000000        25.960000000000001        1.0000000000000000E-002
   1246.6289999999999        26.039999999999999        2.0000000000000000E-002
   1247.0850000000000        26.140000000000001        2.0000000000000000E-002
   1247.1500000000001        26.149999999999999        2.0000000000000000E-002
   1247.5660000000000        26.250000000000000        2.0000000000000000E-002
   1247.5920000000001        26.250000000000000        2.0000000000000000E-002
   1247.8810000000001        26.320000000000000        2.0000000000000000E-002
   1248.9860000000001        26.600000000000001        2.0000000000000000E-002
   1249.0290000000000        26.609999999999999        2.0000000000000000E-002
   1249.3989999999999        26.710000000000001        2.0000000000000000E-002
   1249.6800000000001        26.789999999999999        2.0000000000000000E-002
   1249.8080000000000        26.829999999999998        2.0000000000000000E-002
   1250.5930000000001        27.020000000000000        2.0000000000000000E-002
   1252.6859999999999        26.930000000000000        2.0000000000000000E-002
   1252.7059999999999        26.930000000000000        2.0000000000000000E-002
   1252.7490000000000        26.910000000000000        2.0000000000000000E-002
   1253.2500000000000        26.719999999999999        2.0000000000000000E-002
   1254.4580000000001        26.170000000000002        2.0000000000000000E-002
   1254.9169999999999        26.010000000000002        2.0000000000000000E-002
   1255.5200000000000        25.859999999999999        2.0000000000000000E-002
   1256.2860000000001        25.809999999999999        2.0000000000000000E-002
   1256.3960000000000        25.809999999999999        2.0000000000000000E-002
   1257.2950000000001        25.930000000000000        2.9999999999999999E-002
   1257.5940000000001        25.980000000000000        2.9999999999999999E-002
   1257.6260000000000        25.989999999999998        2.9999999999999999E-002
   1257.6710000000000        26.000000000000000        2.9999999999999999E-002
