   45384.233999999997        24.930000000000000        1.0000000000000000E-002
   45384.555000000000        24.949999999999999        1.0000000000000000E-002
   45387.597999999998        25.280000000000001        1.0000000000000000E-002
   45388.248000000000        25.359999999999999        1.0000000000000000E-002
   45390.014000000003        25.559999999999999        1.0000000000000000E-002
   45390.023000000001        25.559999999999999        1.0000000000000000E-002
   45390.319000000003        25.590000000000000        1.0000000000000000E-002
   45390.620000000003        25.609999999999999        1.0000000000000000E-002
   45391.642999999996        25.690000000000001        1.0000000000000000E-002
   45392.432000000001        25.719999999999999        1.0000000000000000E-002
   45393.254000000001        25.739999999999998        1.0000000000000000E-002
   45393.514999999999        25.739999999999998        1.0000000000000000E-002
   45395.072000000000        25.670000000000002        1.0000000000000000E-002
   45396.235000000001        25.539999999999999        1.0000000000000000E-002
   45396.315999999999        25.530000000000001        1.0000000000000000E-002
   45396.896000000001        25.449999999999999        1.0000000000000000E-002
   45397.084000000003        25.420000000000002        1.0000000000000000E-002
   45400.339999999997        24.960000000000001        1.0000000000000000E-002
   45400.635999999999        24.940000000000001        1.0000000000000000E-002
   45401.213000000003        24.899999999999999        1.0000000000000000E-002
   45403.368999999999        24.930000000000000        1.0000000000000000E-002
   45404.947000000000        25.070000000000000        1.0000000000000000E-002
   45405.285000000003        25.109999999999999        1.0000000000000000E-002
   45405.998000000000        25.199999999999999        1.0000000000000000E-002
   45406.025000000001        25.199999999999999        1.0000000000000000E-002
   45408.279000000002        25.469999999999999        1.0000000000000000E-002
   45409.322999999997        25.579999999999998        1.0000000000000000E-002
   45411.211000000003        25.710000000000001        1.0000000000000000E-002
   45411.271999999997        25.710000000000001        1.0000000000000000E-002
   45411.281000000003        25.710000000000001        1.0000000000000000E-002
   45411.370999999999        25.719999999999999        1.0000000000000000E-002
   45412.830000000002        25.730000000000000        1.0000000000000000E-002
   45413.012999999999        25.730000000000000        1.0000000000000000E-002
   45413.061999999998        25.730000000000000        1.0000000000000000E-002
   45413.478999999999        25.710000000000001        1.0000000000000000E-002
   45415.512999999999        25.520000000000000        1.0000000000000000E-002
   45416.945000000000        25.300000000000001        1.0000000000000000E-002
   45417.084999999999        25.280000000000001        1.0000000000000000E-002
   45417.089000000000        25.280000000000001        1.0000000000000000E-002
   45417.201000000001        25.260000000000002        1.0000000000000000E-002
   45417.578999999998        25.199999999999999        1.0000000000000000E-002
   45418.027999999998        25.140000000000001        1.0000000000000000E-002
   45419.607000000004        24.949999999999999        1.0000000000000000E-002
   45422.462000000000        24.930000000000000        1.0000000000000000E-002
   45423.099000000002        24.980000000000000        1.0000000000000000E-002
   45423.381000000001        25.000000000000000        1.0000000000000000E-002
   45426.048999999999        25.309999999999999        1.0000000000000000E-002
   45426.523999999998        25.370000000000001        1.0000000000000000E-002
   45426.735000000001        25.390000000000001        1.0000000000000000E-002
   45430.080000000002        25.699999999999999        2.0000000000000000E-002
   45431.703999999998        25.739999999999998        2.0000000000000000E-002
   45432.358999999997        25.719999999999999        2.0000000000000000E-002
   45432.756000000001        25.699999999999999        2.0000000000000000E-002
   45434.661999999997        25.510000000000002        2.0000000000000000E-002
   45437.061000000002        25.149999999999999        2.0000000000000000E-002
   45437.489999999998        25.090000000000000        2.0000000000000000E-002
   45437.864000000001        25.039999999999999        2.0000000000000000E-002
   45438.425999999999        24.969999999999999        2.0000000000000000E-002
   45438.612999999998        24.960000000000001        2.0000000000000000E-002
   45439.283000000003        24.910000000000000        2.0000000000000000E-002
   45439.508999999998        24.899999999999999        2.0000000000000000E-002
   45439.834999999999        24.890000000000001        2.0000000000000000E-002
   45439.949999999997        24.879999999999999        2.0000000000000000E-002
   45440.231000000000        24.879999999999999        2.0000000000000000E-002
   45441.349000000002        24.910000000000000        2.0000000000000000E-002
   45442.786000000000        25.030000000000001        2.0000000000000000E-002
   45443.120999999999        25.070000000000000        2.0000000000000000E-002
   45444.673000000003        25.250000000000000        2.0000000000000000E-002
   45446.571000000004        25.480000000000000        2.9999999999999999E-002
   45448.421000000002        25.649999999999999        2.9999999999999999E-002
