   10833.520000000000        25.730000000000000        1.0000000000000000E-002
   10834.102000000001        25.730000000000000        1.0000000000000000E-002
   10836.388000000001        25.879999999999999        1.0000000000000000E-002
   10836.680000000000        25.910000000000000        1.0000000000000000E-002
   10837.108000000000        25.960000000000001        1.0000000000000000E-002
   10837.478999999999        26.000000000000000        1.0000000000000000E-002
   10837.598000000000        26.010000000000002        1.0000000000000000E-002
   10838.852999999999        26.160000000000000        1.0000000000000000E-002
   10839.532999999999        26.230000000000000        1.0000000000000000E-002
   10839.534000000000        26.230000000000000        1.0000000000000000E-002
   10839.662000000000        26.250000000000000        1.0000000000000000E-002
   10841.228999999999        26.379999999999999        1.0000000000000000E-002
   10842.980000000000        26.440000000000001        1.0000000000000000E-002
   10843.214000000000        26.440000000000001        1.0000000000000000E-002
   10843.709999999999        26.440000000000001        1.0000000000000000E-002
   10844.749000000000        26.399999999999999        1.0000000000000000E-002
   10845.186000000000        26.370000000000001        1.0000000000000000E-002
   10847.145000000000        26.100000000000001        1.0000000000000000E-002
   10849.280000000001        25.789999999999999        1.0000000000000000E-002
   10849.402000000000        25.780000000000001        1.0000000000000000E-002
   10849.706000000000        25.760000000000002        1.0000000000000000E-002
   10852.165999999999        25.789999999999999        1.0000000000000000E-002
   10852.237999999999        25.800000000000001        1.0000000000000000E-002
   10852.580000000000        25.829999999999998        1.0000000000000000E-002
   10853.816999999999        25.949999999999999        1.0000000000000000E-002
   10854.328000000000        26.010000000000002        1.0000000000000000E-002
   10854.567999999999        26.039999999999999        1.0000000000000000E-002
   10854.656999999999        26.050000000000001        1.0000000000000000E-002
   10854.864000000000        26.070000000000000        1.0000000000000000E-002
   10855.946000000000        26.199999999999999        1.0000000000000000E-002
   10860.347000000000        26.440000000000001        1.0000000000000000E-002
   10861.444000000000        26.410000000000000        1.0000000000000000E-002
   10861.842000000001        26.379999999999999        1.0000000000000000E-002
   10863.513000000001        26.170000000000002        1.0000000000000000E-002
   10864.062000000000        26.079999999999998        1.0000000000000000E-002
   10864.629999999999        25.980000000000000        1.0000000000000000E-002
   10866.065000000001        25.789999999999999        2.0000000000000000E-002
   10866.192999999999        25.780000000000001        2.0000000000000000E-002
   10866.949000000001        25.739999999999998        2.0000000000000000E-002
   10867.362999999999        25.730000000000000        2.0000000000000000E-002
   10868.154000000000        25.750000000000000        2.0000000000000000E-002
   10868.162000000000        25.750000000000000        2.0000000000000000E-002
   10868.442999999999        25.760000000000002        2.0000000000000000E-002
   10868.499000000000        25.760000000000002        2.0000000000000000E-002
   10869.179000000000        25.809999999999999        2.0000000000000000E-002
   10869.365000000000        25.829999999999998        2.0000000000000000E-002
   10869.839000000000        25.870000000000001        2.0000000000000000E-002
   10870.096000000000        25.899999999999999        2.0000000000000000E-002
   10870.155000000001        25.910000000000000        2.0000000000000000E-002
   10871.243000000000        26.030000000000001        2.0000000000000000E-002
   10872.023999999999        26.120000000000001        2.0000000000000000E-002
   10872.150000000000        26.140000000000001        2.0000000000000000E-002
   10872.754000000001        26.199999999999999        2.0000000000000000E-002
   10873.468000000001        26.280000000000001        2.0000000000000000E-002
   10875.457000000000        26.410000000000000        2.0000000000000000E-002
   10876.574000000001        26.440000000000001        2.0000000000000000E-002
   10876.755999999999        26.440000000000001        2.0000000000000000E-002
   10876.973000000000        26.440000000000001        2.0000000000000000E-002
   10877.219999999999        26.440000000000001        2.0000000000000000E-002
   10877.571000000000        26.440000000000001        2.0000000000000000E-002
   10877.942999999999        26.420000000000002        2.0000000000000000E-002
   10878.028000000000        26.420000000000002        2.0000000000000000E-002
   10879.313000000000        26.300000000000001        2.9999999999999999E-002
   10879.767000000000        26.239999999999998        2.9999999999999999E-002
   10879.931000000000        26.219999999999999        2.9999999999999999E-002
   10880.255999999999        26.170000000000002        2.9999999999999999E-002
   10880.813000000000        26.079999999999998        2.9999999999999999E-002
   10880.868000000000        26.070000000000000        2.9999999999999999E-002
   10880.871999999999        26.070000000000000        2.9999999999999999E-002
