   75299.481000000000        25.780000000000001        1.0000000000000000E-002
   75300.524000000005        25.850000000000001        1.0000000000000000E-002
   75301.072000000000        25.910000000000000        1.0000000000000000E-002
   75301.349000000002        25.940000000000001        1.0000000000000000E-002
   75302.471999999994        26.079999999999998        1.0000000000000000E-002
   75302.956000000006        26.120000000000001        1.0000000000000000E-002
   75303.104999999996        26.129999999999999        1.0000000000000000E-002
   75303.187999999995        26.140000000000001        1.0000000000000000E-002
   75303.206999999995        26.140000000000001        1.0000000000000000E-002
   75303.653000000006        26.149999999999999        1.0000000000000000E-002
   75303.668000000005        26.149999999999999        1.0000000000000000E-002
   75304.835999999996        26.140000000000001        1.0000000000000000E-002
   75305.163000000000        26.129999999999999        1.0000000000000000E-002
   75305.497000000003        26.120000000000001        1.0000000000000000E-002
   75306.073000000004        26.109999999999999        1.0000000000000000E-002
   75306.332999999999        26.109999999999999        1.0000000000000000E-002
   75306.667000000001        26.109999999999999        1.0000000000000000E-002
   75307.865000000005        26.160000000000000        1.0000000000000000E-002
   75307.919999999998        26.160000000000000        1.0000000000000000E-002
   75308.172999999995        26.170000000000002        1.0000000000000000E-002
   75308.232000000004        26.180000000000000        1.0000000000000000E-002
   75308.338000000003        26.180000000000000        1.0000000000000000E-002
   75308.870999999999        26.219999999999999        1.0000000000000000E-002
   75309.110000000001        26.230000000000000        1.0000000000000000E-002
   75309.145999999993        26.230000000000000        1.0000000000000000E-002
   75309.423999999999        26.239999999999998        1.0000000000000000E-002
   75309.949999999997        26.239999999999998        1.0000000000000000E-002
   75310.131999999998        26.239999999999998        1.0000000000000000E-002
   75310.341000000000        26.230000000000000        1.0000000000000000E-002
   75310.455000000002        26.219999999999999        1.0000000000000000E-002
   75310.524999999994        26.219999999999999        1.0000000000000000E-002
   75310.889999999999        26.190000000000001        1.0000000000000000E-002
   75311.986000000004        26.059999999999999        1.0000000000000000E-002
   75312.279999999999        26.010000000000002        1.0000000000000000E-002
   75312.566000000006        25.969999999999999        1.0000000000000000E-002
   75312.732999999993        25.940000000000001        1.0000000000000000E-002
   75314.240999999995        25.789999999999999        1.0000000000000000E-002
   75314.887000000002        25.789999999999999        1.0000000000000000E-002
   75315.676999999996        25.840000000000000        1.0000000000000000E-002
   75315.789999999994        25.850000000000001        1.0000000000000000E-002
   75315.868000000002        25.859999999999999        1.0000000000000000E-002
   75316.415999999997        25.920000000000002        1.0000000000000000E-002
   75316.823000000004        25.969999999999999        1.0000000000000000E-002
   75317.040999999997        26.000000000000000        1.0000000000000000E-002
   75317.165999999997        26.020000000000000        1.0000000000000000E-002
   75317.356000000000        26.039999999999999        1.0000000000000000E-002
   75318.585999999996        26.140000000000001        1.0000000000000000E-002
   75319.491999999998        26.160000000000000        1.0000000000000000E-002
   75319.683999999994        26.149999999999999        1.0000000000000000E-002
   75319.892000000007        26.149999999999999        1.0000000000000000E-002
   75319.991999999998        26.149999999999999        1.0000000000000000E-002
   75320.369000000006        26.140000000000001        1.0000000000000000E-002
   75321.129000000001        26.109999999999999        1.0000000000000000E-002
   75321.195999999996        26.109999999999999        1.0000000000000000E-002
   75321.519000000000        26.109999999999999        1.0000000000000000E-002
   75321.838000000003        26.109999999999999        1.0000000000000000E-002
   75322.164999999994        26.109999999999999        1.0000000000000000E-002
   75322.547000000006        26.129999999999999        1.0000000000000000E-002
   75323.292000000001        26.170000000000002        1.0000000000000000E-002
   75323.422000000006        26.170000000000002        1.0000000000000000E-002
   75324.270000000004        26.219999999999999        1.0000000000000000E-002
   75324.514999999999        26.230000000000000        1.0000000000000000E-002
   75324.626999999993        26.239999999999998        1.0000000000000000E-002
   75324.653999999995        26.239999999999998        1.0000000000000000E-002
   75325.107000000004        26.239999999999998        1.0000000000000000E-002
   75327.031000000003        26.090000000000000        1.0000000000000000E-002
   75327.130000000005        26.070000000000000        1.0000000000000000E-002
   75327.176000000007        26.070000000000000        1.0000000000000000E-002
   75327.463000000003        26.020000000000000        1.0000000000000000E-002
   75327.468999999997        26.020000000000000        1.0000000000000000E-002
   75328.032999999996        25.940000000000001        1.0000000000000000E-002
   75328.380000000005        25.890000000000001        1.0000000000000000E-002
   75328.683000000005        25.850000000000001        1.0000000000000000E-002
   75329.054000000004        25.820000000000000        1.0000000000000000E-002
   75330.179000000004        25.789999999999999        1.0000000000000000E-002
   75330.421000000002        25.800000000000001        1.0000000000000000E-002
   75330.945000000007        25.840000000000000        1.0000000000000000E-002
   75330.998000000007        25.840000000000000        1.0000000000000000E-002
   75331.356000000000        25.879999999999999        1.0000000000000000E-002
   75332.289999999994        26.000000000000000        2.0000000000000000E-002
   75332.820999999996        26.059999999999999        2.0000000000000000E-002
   75334.058000000005        26.149999999999999        2.0000000000000000E-002
   75335.070999999996        26.149999999999999        2.0000000000000000E-002
   75335.725999999995        26.129999999999999        2.0000000000000000E-002
   75337.417000000001        26.109999999999999        2.0000000000000000E-002
   75337.686000000002        26.120000000000001        2.0000000000000000E-002
   75337.854000000007        26.129999999999999        2.0000000000000000E-002
   75338.286999999997        26.149999999999999        2.0000000000000000E-002
   75339.493000000002        26.219999999999999        2.0000000000000000E-002
   75339.701000000001        26.230000000000000        2.0000000000000000E-002
   75340.327000000005        26.239999999999998        2.0000000000000000E-002
   75340.337000000000        26.239999999999998        2.0000000000000000E-002
   75340.615000000005        26.239999999999998        2.0000000000000000E-002
   75341.910999999993        26.140000000000001        2.0000000000000000E-002
   75342.331000000006        26.079999999999998        2.0000000000000000E-002
   75342.895000000004        25.989999999999998        2.0000000000000000E-002
   75343.508000000002        25.899999999999999        2.0000000000000000E-002
   75343.645999999993        25.890000000000001        2.0000000000000000E-002
   75343.819000000003        25.859999999999999        2.0000000000000000E-002
   75344.040999999997        25.840000000000000        2.0000000000000000E-002
   75344.709000000003        25.789999999999999        2.0000000000000000E-002
   75345.262000000002        25.780000000000001        2.0000000000000000E-002
   75345.487999999998        25.789999999999999        2.9999999999999999E-002
   75345.956999999995        25.820000000000000        2.9999999999999999E-002
   75346.627999999997        25.879999999999999        2.9999999999999999E-002
   75346.865000000005        25.910000000000000        2.9999999999999999E-002
   75346.895999999993        25.920000000000002        2.9999999999999999E-002
   75346.968999999997        25.930000000000000        2.9999999999999999E-002
