   37377.222000000002        28.170000000000002        1.0000000000000000E-002
   37377.222999999998        28.170000000000002        1.0000000000000000E-002
   37377.235999999997        28.170000000000002        1.0000000000000000E-002
   37377.559999999998        28.239999999999998        1.0000000000000000E-002
   37378.080999999998        28.289999999999999        1.0000000000000000E-002
   37378.317999999999        28.289999999999999        1.0000000000000000E-002
   37378.396999999997        28.289999999999999        1.0000000000000000E-002
   37378.508000000002        28.289999999999999        1.0000000000000000E-002
   37380.002999999997        28.020000000000000        1.0000000000000000E-002
   37380.455000000002        27.890000000000001        1.0000000000000000E-002
   37380.637000000002        27.829999999999998        1.0000000000000000E-002
   37381.767999999996        27.410000000000000        1.0000000000000000E-002
   37381.908000000003        27.350000000000001        1.0000000000000000E-002
   37382.741999999998        26.969999999999999        1.0000000000000000E-002
   37382.784000000000        26.949999999999999        1.0000000000000000E-002
   37383.330999999998        26.690000000000001        1.0000000000000000E-002
   37384.235000000001        26.309999999999999        1.0000000000000000E-002
   37384.500000000000        26.230000000000000        1.0000000000000000E-002
   37384.750999999997        26.170000000000002        1.0000000000000000E-002
   37386.339000000000        26.230000000000000        1.0000000000000000E-002
   37386.606000000000        26.320000000000000        1.0000000000000000E-002
   37386.796000000002        26.399999999999999        1.0000000000000000E-002
   37386.940000000002        26.469999999999999        1.0000000000000000E-002
   37387.243000000002        26.629999999999999        1.0000000000000000E-002
   37387.315000000002        26.670000000000002        1.0000000000000000E-002
   37387.767999999996        26.940000000000001        1.0000000000000000E-002
   37388.247000000003        27.239999999999998        1.0000000000000000E-002
   37388.286999999997        27.270000000000000        1.0000000000000000E-002
   37388.324000000001        27.289999999999999        1.0000000000000000E-002
   37388.500000000000        27.399999999999999        1.0000000000000000E-002
   37388.712000000000        27.530000000000001        1.0000000000000000E-002
   37388.815999999999        27.590000000000000        1.0000000000000000E-002
   37390.116000000002        28.149999999999999        1.0000000000000000E-002
   37390.197000000000        28.170000000000002        1.0000000000000000E-002
   37390.273999999998        28.190000000000001        1.0000000000000000E-002
   37390.445000000000        28.230000000000000        1.0000000000000000E-002
   37390.608000000000        28.250000000000000        1.0000000000000000E-002
   37390.673000000003        28.260000000000002        1.0000000000000000E-002
   37390.699999999997        28.270000000000000        1.0000000000000000E-002
   37390.800999999999        28.280000000000001        1.0000000000000000E-002
   37391.197999999997        28.289999999999999        1.0000000000000000E-002
   37391.591000000000        28.280000000000001        1.0000000000000000E-002
   37391.934999999998        28.239999999999998        1.0000000000000000E-002
   37392.120999999999        28.210000000000001        1.0000000000000000E-002
   37392.394999999997        28.160000000000000        1.0000000000000000E-002
   37392.699999999997        28.090000000000000        1.0000000000000000E-002
   37392.769000000000        28.070000000000000        1.0000000000000000E-002
   37392.989000000001        28.010000000000002        1.0000000000000000E-002
   37393.072999999997        27.989999999999998        1.0000000000000000E-002
   37393.084000000003        27.989999999999998        1.0000000000000000E-002
   37393.341000000000        27.910000000000000        1.0000000000000000E-002
   37393.436000000002        27.879999999999999        1.0000000000000000E-002
   37393.705999999998        27.800000000000001        1.0000000000000000E-002
   37394.097000000002        27.660000000000000        1.0000000000000000E-002
   37395.296000000002        27.160000000000000        1.0000000000000000E-002
   37395.459000000003        27.079999999999998        1.0000000000000000E-002
   37396.034000000000        26.809999999999999        1.0000000000000000E-002
   37396.355000000003        26.660000000000000        1.0000000000000000E-002
   37396.491999999998        26.600000000000001        1.0000000000000000E-002
   37397.228000000003        26.300000000000001        1.0000000000000000E-002
   37397.906999999999        26.129999999999999        1.0000000000000000E-002
   37398.675000000003        26.100000000000001        1.0000000000000000E-002
   37398.856000000000        26.120000000000001        1.0000000000000000E-002
   37399.158000000003        26.190000000000001        1.0000000000000000E-002
   37399.311000000002        26.230000000000000        1.0000000000000000E-002
   37400.057000000001        26.550000000000001        1.0000000000000000E-002
   37400.656999999999        26.899999999999999        1.0000000000000000E-002
   37401.718000000001        27.550000000000001        1.0000000000000000E-002
   37402.771999999997        28.059999999999999        1.0000000000000000E-002
   37403.017999999996        28.140000000000001        1.0000000000000000E-002
   37403.375999999997        28.219999999999999        1.0000000000000000E-002
   37404.343999999997        28.289999999999999        1.0000000000000000E-002
   37404.440999999999        28.280000000000001        1.0000000000000000E-002
   37404.519000000000        28.280000000000001        1.0000000000000000E-002
   37405.260999999999        28.180000000000000        1.0000000000000000E-002
   37405.343000000001        28.160000000000000        2.0000000000000000E-002
   37405.375999999997        28.149999999999999        2.0000000000000000E-002
   37405.851000000002        28.039999999999999        2.0000000000000000E-002
   37405.858000000000        28.039999999999999        2.0000000000000000E-002
   37405.875999999997        28.030000000000001        2.0000000000000000E-002
   37407.400000000001        27.530000000000001        2.0000000000000000E-002
   37407.796000000002        27.359999999999999        2.0000000000000000E-002
   37408.697000000000        26.949999999999999        2.0000000000000000E-002
   37409.320000000000        26.660000000000000        2.0000000000000000E-002
   37409.415999999997        26.609999999999999        2.0000000000000000E-002
   37409.430999999997        26.609999999999999        2.0000000000000000E-002
   37409.631000000001        26.520000000000000        2.0000000000000000E-002
   37410.004999999997        26.370000000000001        2.0000000000000000E-002
   37410.478000000003        26.210000000000001        2.0000000000000000E-002
   37410.686000000002        26.160000000000000        2.0000000000000000E-002
   37410.949000000001        26.120000000000001        2.0000000000000000E-002
   37410.964000000000        26.109999999999999        2.0000000000000000E-002
   37411.148999999998        26.100000000000001        2.0000000000000000E-002
   37412.881999999998        26.480000000000000        2.0000000000000000E-002
   37412.997000000003        26.539999999999999        2.0000000000000000E-002
   37413.434000000001        26.789999999999999        2.0000000000000000E-002
   37416.324999999997        28.219999999999999        2.0000000000000000E-002
   37417.089999999997        28.289999999999999        2.0000000000000000E-002
   37417.536000000000        28.270000000000000        2.9999999999999999E-002
   37417.663000000000        28.260000000000002        2.9999999999999999E-002
   37417.722999999998        28.260000000000002        2.9999999999999999E-002
   37418.072999999997        28.199999999999999        2.9999999999999999E-002
   37418.108000000000        28.199999999999999        2.9999999999999999E-002
   37418.156999999999        28.190000000000001        2.9999999999999999E-002
   37418.300000000003        28.160000000000000        2.9999999999999999E-002
   37419.110000000001        27.960000000000001        2.9999999999999999E-002
   37419.226000000002        27.920000000000002        2.9999999999999999E-002
   37419.417000000001        27.859999999999999        2.9999999999999999E-002
