   44455.230000000003        26.090000000000000        1.0000000000000000E-002
   44458.629000000001        25.829999999999998        1.0000000000000000E-002
   44460.512999999999        25.789999999999999        1.0000000000000000E-002
   44460.652000000002        25.789999999999999        1.0000000000000000E-002
   44462.466999999997        25.820000000000000        1.0000000000000000E-002
   44462.796999999999        25.820000000000000        1.0000000000000000E-002
   44463.866000000002        25.859999999999999        1.0000000000000000E-002
   44464.042999999998        25.870000000000001        1.0000000000000000E-002
   44465.582000000002        25.940000000000001        1.0000000000000000E-002
   44466.067000000003        25.980000000000000        1.0000000000000000E-002
   44466.267999999996        25.989999999999998        1.0000000000000000E-002
   44466.519000000000        26.010000000000002        1.0000000000000000E-002
   44466.951000000001        26.050000000000001        1.0000000000000000E-002
   44467.627999999997        26.109999999999999        1.0000000000000000E-002
   44467.921999999999        26.140000000000001        1.0000000000000000E-002
   44468.896000000001        26.250000000000000        1.0000000000000000E-002
   44471.449000000001        26.579999999999998        1.0000000000000000E-002
   44471.762999999999        26.620000000000001        1.0000000000000000E-002
   44472.245999999999        26.680000000000000        1.0000000000000000E-002
   44472.264999999999        26.680000000000000        1.0000000000000000E-002
   44472.820000000000        26.750000000000000        1.0000000000000000E-002
   44473.025000000001        26.770000000000000        1.0000000000000000E-002
   44473.165000000001        26.780000000000001        1.0000000000000000E-002
   44474.400999999998        26.879999999999999        1.0000000000000000E-002
   44474.572000000000        26.890000000000001        1.0000000000000000E-002
   44475.080000000002        26.910000000000000        1.0000000000000000E-002
   44475.152999999998        26.920000000000002        1.0000000000000000E-002
   44475.841999999997        26.930000000000000        1.0000000000000000E-002
   44476.338000000003        26.920000000000002        1.0000000000000000E-002
   44477.784000000000        26.850000000000001        1.0000000000000000E-002
   44478.381999999998        26.800000000000001        1.0000000000000000E-002
   44479.332999999999        26.690000000000001        1.0000000000000000E-002
   44480.457999999999        26.530000000000001        1.0000000000000000E-002
   44482.635000000002        26.219999999999999        1.0000000000000000E-002
   44482.788999999997        26.199999999999999        1.0000000000000000E-002
   44483.911999999997        26.059999999999999        1.0000000000000000E-002
   44484.034000000000        26.050000000000001        1.0000000000000000E-002
   44485.781000000003        25.890000000000001        1.0000000000000000E-002
   44487.067999999999        25.829999999999998        1.0000000000000000E-002
   44487.243999999999        25.820000000000000        1.0000000000000000E-002
   44488.701000000001        25.800000000000001        1.0000000000000000E-002
   44489.040000000001        25.789999999999999        1.0000000000000000E-002
   44490.016000000003        25.800000000000001        1.0000000000000000E-002
   44490.171999999999        25.800000000000001        1.0000000000000000E-002
   44490.235999999997        25.800000000000001        1.0000000000000000E-002
   44490.296000000002        25.800000000000001        1.0000000000000000E-002
   44490.559000000001        25.809999999999999        1.0000000000000000E-002
   44490.847000000002        25.820000000000000        1.0000000000000000E-002
   44490.999000000003        25.820000000000000        1.0000000000000000E-002
   44491.849999999999        25.840000000000000        1.0000000000000000E-002
   44491.892999999996        25.840000000000000        1.0000000000000000E-002
   44493.262999999999        25.899999999999999        1.0000000000000000E-002
   44495.457999999999        26.050000000000001        1.0000000000000000E-002
   44497.036000000000        26.210000000000001        1.0000000000000000E-002
   44498.894000000000        26.449999999999999        1.0000000000000000E-002
   44499.175000000003        26.489999999999998        1.0000000000000000E-002
   44500.947000000000        26.710000000000001        1.0000000000000000E-002
   44501.635000000002        26.789999999999999        1.0000000000000000E-002
   44502.534000000000        26.859999999999999        1.0000000000000000E-002
   44503.800999999999        26.920000000000002        1.0000000000000000E-002
   44504.285000000003        26.930000000000000        1.0000000000000000E-002
   44505.093999999997        26.910000000000000        1.0000000000000000E-002
   44507.339999999997        26.739999999999998        1.0000000000000000E-002
   44508.904999999999        26.530000000000001        1.0000000000000000E-002
   44509.118999999999        26.500000000000000        1.0000000000000000E-002
   44509.129999999997        26.500000000000000        1.0000000000000000E-002
   44511.019999999997        26.230000000000000        1.0000000000000000E-002
   44512.743999999999        26.020000000000000        1.0000000000000000E-002
   44512.915999999997        26.000000000000000        1.0000000000000000E-002
   44513.059999999998        25.989999999999998        1.0000000000000000E-002
   44515.131999999998        25.840000000000000        2.0000000000000000E-002
   44515.298000000003        25.840000000000000        2.0000000000000000E-002
   44515.692999999999        25.820000000000000        2.0000000000000000E-002
   44516.714999999997        25.800000000000001        2.0000000000000000E-002
   44520.531000000003        25.850000000000001        2.0000000000000000E-002
   44522.720999999998        25.960000000000001        2.0000000000000000E-002
   44522.919999999998        25.980000000000000        2.0000000000000000E-002
   44524.347000000002        26.100000000000001        2.0000000000000000E-002
   44526.087000000000        26.289999999999999        2.0000000000000000E-002
   44526.184000000001        26.300000000000001        2.0000000000000000E-002
   44527.277000000002        26.440000000000001        2.0000000000000000E-002
   44528.271000000001        26.570000000000000        2.0000000000000000E-002
   44528.964000000000        26.660000000000000        2.0000000000000000E-002
   44529.480000000003        26.719999999999999        2.0000000000000000E-002
   44531.275000000001        26.879999999999999        2.0000000000000000E-002
   44531.781000000003        26.910000000000000        2.0000000000000000E-002
   44533.213000000003        26.920000000000002        2.0000000000000000E-002
   44533.752999999997        26.910000000000000        2.0000000000000000E-002
   44536.196000000004        26.690000000000001        2.0000000000000000E-002
   44538.347999999998        26.379999999999999        2.0000000000000000E-002
   44538.972999999998        26.289999999999999        2.9999999999999999E-002
   44541.154000000002        26.020000000000000        2.9999999999999999E-002
   44541.792999999998        25.960000000000001        2.9999999999999999E-002
