   94873.235000000001        26.370000000000001        1.0000000000000000E-002
   94873.361999999994        26.320000000000000        1.0000000000000000E-002
   94873.600000000006        26.250000000000000        1.0000000000000000E-002
   94873.710999999996        26.230000000000000        1.0000000000000000E-002
   94873.966000000000        26.210000000000001        1.0000000000000000E-002
   94874.178000000000        26.219999999999999        1.0000000000000000E-002
   94874.311000000002        26.239999999999998        1.0000000000000000E-002
   94874.426000000007        26.260000000000002        1.0000000000000000E-002
   94874.721000000005        26.340000000000000        1.0000000000000000E-002
   94874.767000000007        26.359999999999999        1.0000000000000000E-002
   94874.884000000005        26.399999999999999        1.0000000000000000E-002
   94874.933000000005        26.420000000000002        1.0000000000000000E-002
   94875.506999999998        26.690000000000001        1.0000000000000000E-002
   94875.532000000007        26.710000000000001        1.0000000000000000E-002
   94876.292000000001        27.109999999999999        1.0000000000000000E-002
   94876.482000000004        27.210000000000001        1.0000000000000000E-002
   94876.661999999997        27.300000000000001        1.0000000000000000E-002
   94876.725000000006        27.340000000000000        1.0000000000000000E-002
   94876.858999999997        27.399999999999999        1.0000000000000000E-002
   94876.926000000007        27.440000000000001        1.0000000000000000E-002
   94876.971999999994        27.460000000000001        1.0000000000000000E-002
   94876.986000000004        27.469999999999999        1.0000000000000000E-002
   94877.160000000003        27.550000000000001        1.0000000000000000E-002
   94877.167000000001        27.550000000000001        1.0000000000000000E-002
   94877.403999999995        27.670000000000002        1.0000000000000000E-002
   94877.718999999997        27.809999999999999        1.0000000000000000E-002
   94877.785999999993        27.840000000000000        1.0000000000000000E-002
   94877.801000000007        27.840000000000000        1.0000000000000000E-002
   94878.997000000003        28.199999999999999        1.0000000000000000E-002
   94879.008000000002        28.199999999999999        1.0000000000000000E-002
   94879.014999999999        28.199999999999999        1.0000000000000000E-002
   94879.612999999998        28.190000000000001        1.0000000000000000E-002
   94879.884000000005        28.129999999999999        1.0000000000000000E-002
   94880.152000000002        28.020000000000000        1.0000000000000000E-002
   94880.255000000005        27.980000000000000        1.0000000000000000E-002
   94880.467000000004        27.859999999999999        1.0000000000000000E-002
   94880.616999999998        27.770000000000000        1.0000000000000000E-002
   94881.447000000000        27.140000000000001        1.0000000000000000E-002
   94881.676000000007        26.960000000000001        1.0000000000000000E-002
   94881.718999999997        26.930000000000000        1.0000000000000000E-002
   94881.854000000007        26.829999999999998        1.0000000000000000E-002
   94882.406000000003        26.469999999999999        1.0000000000000000E-002
   94883.085000000006        26.230000000000000        1.0000000000000000E-002
   94883.366999999998        26.210000000000001        1.0000000000000000E-002
   94883.383000000002        26.210000000000001        1.0000000000000000E-002
   94883.501000000004        26.219999999999999        1.0000000000000000E-002
   94883.789000000004        26.260000000000002        1.0000000000000000E-002
   94884.288000000000        26.420000000000002        1.0000000000000000E-002
   94884.385999999999        26.460000000000001        1.0000000000000000E-002
   94884.494999999995        26.510000000000002        1.0000000000000000E-002
   94884.695999999996        26.600000000000001        1.0000000000000000E-002
   94885.600000000006        27.079999999999998        1.0000000000000000E-002
   94886.508000000002        27.539999999999999        1.0000000000000000E-002
   94886.633000000002        27.600000000000001        1.0000000000000000E-002
   94887.481000000000        27.969999999999999        1.0000000000000000E-002
   94887.676999999996        28.039999999999999        1.0000000000000000E-002
   94888.036999999997        28.140000000000001        1.0000000000000000E-002
   94888.529999999999        28.210000000000001        1.0000000000000000E-002
   94888.610000000001        28.219999999999999        1.0000000000000000E-002
   94888.860000000001        28.210000000000001        1.0000000000000000E-002
   94888.884999999995        28.199999999999999        1.0000000000000000E-002
   94889.043000000005        28.180000000000000        1.0000000000000000E-002
   94889.123000000007        28.160000000000000        1.0000000000000000E-002
   94890.312000000005        27.539999999999999        1.0000000000000000E-002
   94890.508000000002        27.390000000000001        1.0000000000000000E-002
   94890.580000000002        27.329999999999998        1.0000000000000000E-002
   94890.688999999998        27.239999999999998        1.0000000000000000E-002
   94891.442999999999        26.670000000000002        1.0000000000000000E-002
   94891.459000000003        26.660000000000000        1.0000000000000000E-002
   94891.713000000003        26.500000000000000        1.0000000000000000E-002
   94892.142999999996        26.309999999999999        1.0000000000000000E-002
   94892.153000000006        26.309999999999999        1.0000000000000000E-002
   94892.203999999998        26.289999999999999        1.0000000000000000E-002
   94892.293000000005        26.270000000000000        1.0000000000000000E-002
   94892.837000000000        26.210000000000001        1.0000000000000000E-002
   94893.289999999994        26.289999999999999        1.0000000000000000E-002
   94893.451000000001        26.340000000000000        1.0000000000000000E-002
   94893.508000000002        26.359999999999999        1.0000000000000000E-002
   94893.672999999995        26.420000000000002        1.0000000000000000E-002
   94894.035999999993        26.590000000000000        1.0000000000000000E-002
   94894.251999999993        26.690000000000001        1.0000000000000000E-002
   94894.709000000003        26.940000000000001        1.0000000000000000E-002
   94894.735000000001        26.949999999999999        1.0000000000000000E-002
   94895.350999999995        27.280000000000001        1.0000000000000000E-002
   94895.539999999994        27.370000000000001        1.0000000000000000E-002
   94895.762000000002        27.480000000000000        1.0000000000000000E-002
   94895.978000000003        27.590000000000000        1.0000000000000000E-002
   94896.417000000001        27.789999999999999        1.0000000000000000E-002
   94896.426000000007        27.789999999999999        1.0000000000000000E-002
   94896.870999999999        27.969999999999999        1.0000000000000000E-002
   94897.482000000004        28.160000000000000        2.0000000000000000E-002
   94898.975999999995        27.989999999999998        2.0000000000000000E-002
   94899.524999999994        27.649999999999999        2.0000000000000000E-002
   94900.815000000002        26.670000000000002        2.0000000000000000E-002
   94900.898000000001        26.620000000000001        2.0000000000000000E-002
   94901.168999999994        26.460000000000001        2.0000000000000000E-002
   94901.221999999994        26.430000000000000        2.0000000000000000E-002
   94901.270000000004        26.410000000000000        2.0000000000000000E-002
   94901.573000000004        26.289999999999999        2.0000000000000000E-002
   94901.724000000002        26.250000000000000        2.0000000000000000E-002
   94901.744000000006        26.250000000000000        2.0000000000000000E-002
   94901.754000000001        26.250000000000000        2.0000000000000000E-002
   94901.767000000007        26.239999999999998        2.0000000000000000E-002
   94902.078999999998        26.210000000000001        2.0000000000000000E-002
   94902.130000000005        26.210000000000001        2.0000000000000000E-002
   94902.766000000003        26.320000000000000        2.0000000000000000E-002
   94902.805999999997        26.340000000000000        2.0000000000000000E-002
   94902.967000000004        26.390000000000001        2.0000000000000000E-002
   94903.466000000000        26.620000000000001        2.0000000000000000E-002
   94904.078999999998        26.940000000000001        2.0000000000000000E-002
   94904.551999999996        27.190000000000001        2.0000000000000000E-002
   94904.620999999999        27.219999999999999        2.0000000000000000E-002
   94904.846999999994        27.340000000000000        2.0000000000000000E-002
   94904.872000000003        27.350000000000001        2.0000000000000000E-002
   94904.923999999999        27.379999999999999        2.0000000000000000E-002
   94905.081000000006        27.460000000000001        2.0000000000000000E-002
   94905.165999999997        27.500000000000000        2.0000000000000000E-002
   94905.483999999997        27.649999999999999        2.0000000000000000E-002
   94905.854000000007        27.820000000000000        2.0000000000000000E-002
   94906.053000000000        27.899999999999999        2.0000000000000000E-002
   94906.221000000005        27.969999999999999        2.0000000000000000E-002
   94906.221999999994        27.969999999999999        2.0000000000000000E-002
   94906.252999999997        27.980000000000000        2.0000000000000000E-002
   94906.767000000007        28.140000000000001        2.9999999999999999E-002
   94907.001000000004        28.190000000000001        2.9999999999999999E-002
   94907.225000000006        28.210000000000001        2.9999999999999999E-002
   94907.542000000001        28.210000000000001        2.9999999999999999E-002
   94907.601999999999        28.210000000000001        2.9999999999999999E-002
   94907.923999999999        28.149999999999999        2.9999999999999999E-002
   94908.294999999998        28.010000000000002        2.9999999999999999E-002
   94908.320999999996        28.000000000000000        2.9999999999999999E-002
