   83609.516000000003        24.210000000000001        1.0000000000000000E-002
   83609.801999999996        24.210000000000001        1.0000000000000000E-002
   83611.191000000006        24.160000000000000        1.0000000000000000E-002
   83613.061000000002        24.079999999999998        1.0000000000000000E-002
   83613.062000000005        24.079999999999998        1.0000000000000000E-002
   83613.361000000004        24.070000000000000        1.0000000000000000E-002
   83616.785999999993        23.920000000000002        1.0000000000000000E-002
   83617.093999999997        23.910000000000000        1.0000000000000000E-002
   83617.240999999995        23.910000000000000        1.0000000000000000E-002
   83619.841000000000        23.850000000000001        1.0000000000000000E-002
   83619.921000000002        23.850000000000001        1.0000000000000000E-002
   83621.001000000004        23.859999999999999        1.0000000000000000E-002
   83621.225000000006        23.859999999999999        1.0000000000000000E-002
   83622.642999999996        23.890000000000001        1.0000000000000000E-002
   83623.017999999996        23.899999999999999        1.0000000000000000E-002
   83623.881999999998        23.930000000000000        1.0000000000000000E-002
   83625.231000000000        23.980000000000000        1.0000000000000000E-002
   83625.649999999994        24.000000000000000        1.0000000000000000E-002
   83626.740000000005        24.059999999999999        1.0000000000000000E-002
   83626.777000000002        24.059999999999999        1.0000000000000000E-002
   83627.720000000001        24.120000000000001        1.0000000000000000E-002
   83628.138000000006        24.140000000000001        1.0000000000000000E-002
   83630.616999999998        24.219999999999999        1.0000000000000000E-002
   83633.430999999997        24.140000000000001        1.0000000000000000E-002
   83635.139999999999        24.070000000000000        1.0000000000000000E-002
   83636.035000000003        24.030000000000001        1.0000000000000000E-002
   83636.051999999996        24.030000000000001        1.0000000000000000E-002
   83637.710000000006        23.960000000000001        1.0000000000000000E-002
   83638.207999999999        23.940000000000001        1.0000000000000000E-002
   83638.293000000005        23.940000000000001        1.0000000000000000E-002
   83638.695999999996        23.920000000000002        1.0000000000000000E-002
   83641.426999999996        23.850000000000001        1.0000000000000000E-002
   83642.016000000003        23.850000000000001        1.0000000000000000E-002
   83645.688999999998        23.930000000000000        1.0000000000000000E-002
   83646.879000000001        23.980000000000000        1.0000000000000000E-002
   83648.353000000003        24.050000000000001        1.0000000000000000E-002
   83649.714999999997        24.129999999999999        1.0000000000000000E-002
   83651.087000000000        24.190000000000001        1.0000000000000000E-002
   83651.357999999993        24.199999999999999        1.0000000000000000E-002
   83651.379000000001        24.199999999999999        1.0000000000000000E-002
   83652.421000000002        24.219999999999999        1.0000000000000000E-002
   83652.759999999995        24.219999999999999        1.0000000000000000E-002
   83652.779999999999        24.219999999999999        1.0000000000000000E-002
   83653.577999999994        24.199999999999999        1.0000000000000000E-002
   83653.976999999999        24.190000000000001        1.0000000000000000E-002
   83656.076000000001        24.109999999999999        1.0000000000000000E-002
   83657.645000000004        24.039999999999999        2.0000000000000000E-002
   83659.050000000003        23.980000000000000        2.0000000000000000E-002
   83659.528999999995        23.960000000000001        2.0000000000000000E-002
   83661.619000000006        23.879999999999999        2.0000000000000000E-002
   83662.457999999999        23.859999999999999        2.0000000000000000E-002
   83665.087000000000        23.870000000000001        2.0000000000000000E-002
   83665.720000000001        23.879999999999999        2.0000000000000000E-002
   83665.831999999995        23.879999999999999        2.0000000000000000E-002
   83665.841000000000        23.890000000000001        2.0000000000000000E-002
   83667.356000000000        23.930000000000000        2.0000000000000000E-002
   83668.110000000001        23.960000000000001        2.0000000000000000E-002
   83669.081999999995        24.000000000000000        2.0000000000000000E-002
   83669.183999999994        24.000000000000000        2.0000000000000000E-002
   83670.277000000002        24.059999999999999        2.0000000000000000E-002
   83670.737999999998        24.090000000000000        2.0000000000000000E-002
   83670.834000000003        24.090000000000000        2.0000000000000000E-002
   83670.894000000000        24.100000000000001        2.0000000000000000E-002
   83671.407000000007        24.129999999999999        2.0000000000000000E-002
   83672.452000000005        24.180000000000000        2.0000000000000000E-002
   83672.880000000005        24.199999999999999        2.0000000000000000E-002
   83673.664999999994        24.219999999999999        2.0000000000000000E-002
   83673.835999999996        24.219999999999999        2.0000000000000000E-002
   83674.850000000006        24.210000000000001        2.0000000000000000E-002
   83675.029999999999        24.210000000000001        2.0000000000000000E-002
   83675.785999999993        24.190000000000001        2.9999999999999999E-002
   83675.868000000002        24.190000000000001        2.9999999999999999E-002
   83676.831999999995        24.149999999999999        2.9999999999999999E-002
   83677.180999999997        24.140000000000001        2.9999999999999999E-002
   83678.361000000004        24.079999999999998        2.9999999999999999E-002
   83678.861000000004        24.059999999999999        2.9999999999999999E-002
