   22223.164000000001        25.420000000000002        1.0000000000000000E-002
   22223.345000000001        25.440000000000001        1.0000000000000000E-002
   22224.710999999999        25.600000000000001        1.0000000000000000E-002
   22224.819000000000        25.609999999999999        1.0000000000000000E-002
   22224.893000000000        25.620000000000001        1.0000000000000000E-002
   22225.414000000001        25.680000000000000        1.0000000000000000E-002
   22225.677000000000        25.699999999999999        1.0000000000000000E-002
   22225.802000000000        25.719999999999999        1.0000000000000000E-002
   22225.905999999999        25.730000000000000        1.0000000000000000E-002
   22226.008999999998        25.739999999999998        1.0000000000000000E-002
   22226.128000000001        25.750000000000000        1.0000000000000000E-002
   22226.308000000001        25.770000000000000        1.0000000000000000E-002
   22227.253000000001        25.850000000000001        1.0000000000000000E-002
   22227.478999999999        25.870000000000001        1.0000000000000000E-002
   22228.523000000001        25.920000000000002        1.0000000000000000E-002
   22228.721000000001        25.930000000000000        1.0000000000000000E-002
   22229.173999999999        25.930000000000000        1.0000000000000000E-002
   22229.898000000001        25.910000000000000        1.0000000000000000E-002
   22229.960999999999        25.910000000000000        1.0000000000000000E-002
   22230.424999999999        25.879999999999999        1.0000000000000000E-002
   22230.572000000000        25.870000000000001        1.0000000000000000E-002
   22231.955000000002        25.719999999999999        1.0000000000000000E-002
   22233.251000000000        25.539999999999999        1.0000000000000000E-002
   22233.681000000000        25.469999999999999        1.0000000000000000E-002
   22233.755000000001        25.460000000000001        1.0000000000000000E-002
   22233.946000000000        25.430000000000000        1.0000000000000000E-002
   22234.790000000001        25.320000000000000        1.0000000000000000E-002
   22235.606000000000        25.260000000000002        1.0000000000000000E-002
   22235.650000000001        25.260000000000002        1.0000000000000000E-002
   22236.465000000000        25.250000000000000        1.0000000000000000E-002
   22236.616999999998        25.260000000000002        1.0000000000000000E-002
   22237.082999999999        25.289999999999999        1.0000000000000000E-002
   22237.436000000002        25.320000000000000        1.0000000000000000E-002
   22237.440999999999        25.320000000000000        1.0000000000000000E-002
   22238.489000000001        25.430000000000000        1.0000000000000000E-002
   22238.736000000001        25.460000000000001        1.0000000000000000E-002
   22239.285000000000        25.530000000000001        1.0000000000000000E-002
   22239.626000000000        25.570000000000000        1.0000000000000000E-002
   22240.394000000000        25.649999999999999        1.0000000000000000E-002
   22241.020000000000        25.710000000000001        1.0000000000000000E-002
   22241.111000000001        25.719999999999999        1.0000000000000000E-002
   22242.044000000002        25.809999999999999        1.0000000000000000E-002
   22243.864000000001        25.930000000000000        1.0000000000000000E-002
   22244.897000000001        25.920000000000002        1.0000000000000000E-002
   22245.808000000001        25.870000000000001        1.0000000000000000E-002
   22246.219000000001        25.829999999999998        1.0000000000000000E-002
   22246.364000000001        25.820000000000000        1.0000000000000000E-002
   22247.156999999999        25.719999999999999        1.0000000000000000E-002
   22247.366000000002        25.699999999999999        1.0000000000000000E-002
   22247.905999999999        25.620000000000001        1.0000000000000000E-002
   22248.160000000000        25.579999999999998        1.0000000000000000E-002
   22249.353999999999        25.399999999999999        1.0000000000000000E-002
   22251.185000000001        25.250000000000000        1.0000000000000000E-002
   22251.316999999999        25.250000000000000        1.0000000000000000E-002
   22251.692999999999        25.250000000000000        1.0000000000000000E-002
   22252.196000000000        25.280000000000001        1.0000000000000000E-002
   22253.069000000000        25.359999999999999        1.0000000000000000E-002
   22254.011999999999        25.469999999999999        2.0000000000000000E-002
   22254.379000000001        25.510000000000002        2.0000000000000000E-002
   22254.407999999999        25.520000000000000        2.0000000000000000E-002
   22254.477999999999        25.520000000000000        2.0000000000000000E-002
   22255.365000000002        25.620000000000001        2.0000000000000000E-002
   22256.812000000002        25.770000000000000        2.0000000000000000E-002
   22257.239000000001        25.809999999999999        2.0000000000000000E-002
   22258.280999999999        25.890000000000001        2.0000000000000000E-002
   22259.172999999999        25.930000000000000        2.0000000000000000E-002
   22259.253000000001        25.930000000000000        2.0000000000000000E-002
   22259.371999999999        25.930000000000000        2.0000000000000000E-002
   22259.694000000000        25.930000000000000        2.0000000000000000E-002
   22260.820000000000        25.879999999999999        2.0000000000000000E-002
   22261.130000000001        25.859999999999999        2.0000000000000000E-002
   22261.157999999999        25.859999999999999        2.0000000000000000E-002
   22261.449000000001        25.829999999999998        2.0000000000000000E-002
   22261.995999999999        25.770000000000000        2.0000000000000000E-002
   22262.562000000002        25.699999999999999        2.0000000000000000E-002
   22263.187000000002        25.609999999999999        2.0000000000000000E-002
   22263.279999999999        25.600000000000001        2.0000000000000000E-002
   22263.701000000001        25.530000000000001        2.0000000000000000E-002
   22263.993999999999        25.489999999999998        2.0000000000000000E-002
   22264.049999999999        25.480000000000000        2.0000000000000000E-002
   22264.151000000002        25.469999999999999        2.0000000000000000E-002
   22265.031999999999        25.340000000000000        2.0000000000000000E-002
   22265.184000000001        25.329999999999998        2.0000000000000000E-002
   22265.396000000001        25.300000000000001        2.0000000000000000E-002
   22265.835999999999        25.270000000000000        2.0000000000000000E-002
   22266.057000000001        25.260000000000002        2.0000000000000000E-002
   22267.620999999999        25.289999999999999        2.9999999999999999E-002
   22268.172999999999        25.350000000000001        2.9999999999999999E-002
   22268.331999999999        25.359999999999999        2.9999999999999999E-002
