   11113.053000000000        23.359999999999999        1.0000000000000000E-002
   11113.490000000000        23.300000000000001        1.0000000000000000E-002
   11113.575999999999        23.289999999999999        1.0000000000000000E-002
   11114.566999999999        23.109999999999999        1.0000000000000000E-002
   11114.683000000001        23.090000000000000        1.0000000000000000E-002
   11115.968999999999        22.920000000000002        1.0000000000000000E-002
   11116.023999999999        22.910000000000000        1.0000000000000000E-002
   11116.281999999999        22.890000000000001        1.0000000000000000E-002
   11116.550999999999        22.859999999999999        1.0000000000000000E-002
   11116.743000000000        22.850000000000001        1.0000000000000000E-002
   11117.451999999999        22.780000000000001        1.0000000000000000E-002
   11118.272999999999        22.699999999999999        1.0000000000000000E-002
   11119.430000000000        22.590000000000000        1.0000000000000000E-002
   11119.477999999999        22.590000000000000        1.0000000000000000E-002
   11119.691000000001        22.579999999999998        1.0000000000000000E-002
   11119.768000000000        22.570000000000000        1.0000000000000000E-002
   11120.215000000000        22.570000000000000        1.0000000000000000E-002
   11120.681000000000        22.590000000000000        1.0000000000000000E-002
   11121.055000000000        22.620000000000001        1.0000000000000000E-002
   11121.177000000000        22.629999999999999        1.0000000000000000E-002
   11121.573000000000        22.680000000000000        1.0000000000000000E-002
   11121.608000000000        22.680000000000000        1.0000000000000000E-002
   11121.764999999999        22.710000000000001        1.0000000000000000E-002
   11122.216000000000        22.780000000000001        1.0000000000000000E-002
   11122.591000000000        22.850000000000001        1.0000000000000000E-002
   11122.878000000001        22.899999999999999        1.0000000000000000E-002
   11123.076999999999        22.930000000000000        1.0000000000000000E-002
   11123.281000000001        22.969999999999999        1.0000000000000000E-002
   11124.199000000001        23.140000000000001        1.0000000000000000E-002
   11124.433000000001        23.190000000000001        1.0000000000000000E-002
   11125.468999999999        23.340000000000000        1.0000000000000000E-002
   11126.956000000000        23.410000000000000        1.0000000000000000E-002
   11127.468999999999        23.359999999999999        1.0000000000000000E-002
   11127.995999999999        23.289999999999999        1.0000000000000000E-002
   11128.304000000000        23.239999999999998        1.0000000000000000E-002
   11128.659000000000        23.180000000000000        1.0000000000000000E-002
   11128.949000000001        23.120000000000001        1.0000000000000000E-002
   11129.541999999999        23.030000000000001        1.0000000000000000E-002
   11129.553000000000        23.030000000000001        1.0000000000000000E-002
   11129.709999999999        23.000000000000000        1.0000000000000000E-002
   11129.861000000001        22.980000000000000        1.0000000000000000E-002
   11130.004000000001        22.960000000000001        1.0000000000000000E-002
   11130.093000000001        22.949999999999999        1.0000000000000000E-002
   11130.323000000000        22.930000000000000        1.0000000000000000E-002
   11131.793000000000        22.789999999999999        1.0000000000000000E-002
   11131.884000000000        22.780000000000001        1.0000000000000000E-002
   11133.190000000001        22.649999999999999        1.0000000000000000E-002
   11133.548000000001        22.620000000000001        1.0000000000000000E-002
   11134.208000000001        22.570000000000000        1.0000000000000000E-002
   11134.419000000000        22.570000000000000        1.0000000000000000E-002
   11134.930000000000        22.579999999999998        1.0000000000000000E-002
   11135.180000000000        22.590000000000000        1.0000000000000000E-002
   11135.299999999999        22.600000000000001        1.0000000000000000E-002
   11136.617000000000        22.770000000000000        1.0000000000000000E-002
   11137.250000000000        22.890000000000001        1.0000000000000000E-002
   11137.388000000001        22.910000000000000        1.0000000000000000E-002
   11137.489000000000        22.930000000000000        1.0000000000000000E-002
   11137.962000000000        23.020000000000000        1.0000000000000000E-002
   11138.375000000000        23.100000000000001        1.0000000000000000E-002
   11138.947000000000        23.199999999999999        1.0000000000000000E-002
   11139.342000000001        23.260000000000002        1.0000000000000000E-002
   11139.600000000000        23.300000000000001        1.0000000000000000E-002
   11140.118000000000        23.370000000000001        1.0000000000000000E-002
   11140.598000000000        23.410000000000000        1.0000000000000000E-002
   11140.736000000001        23.410000000000000        1.0000000000000000E-002
   11141.072000000000        23.420000000000002        1.0000000000000000E-002
   11141.328000000000        23.410000000000000        1.0000000000000000E-002
   11141.964000000000        23.359999999999999        1.0000000000000000E-002
   11142.093999999999        23.340000000000000        1.0000000000000000E-002
   11142.700000000001        23.250000000000000        1.0000000000000000E-002
   11145.790000000001        22.829999999999998        2.0000000000000000E-002
   11145.885000000000        22.820000000000000        2.0000000000000000E-002
   11146.312000000000        22.789999999999999        2.0000000000000000E-002
   11146.421000000000        22.770000000000000        2.0000000000000000E-002
   11148.843999999999        22.570000000000000        2.0000000000000000E-002
   11149.195000000000        22.570000000000000        2.0000000000000000E-002
   11150.770000000000        22.730000000000000        2.0000000000000000E-002
   11150.973000000000        22.760000000000002        2.0000000000000000E-002
   11151.358000000000        22.820000000000000        2.0000000000000000E-002
   11152.101000000001        22.960000000000001        2.0000000000000000E-002
   11152.299000000001        23.000000000000000        2.0000000000000000E-002
   11152.353999999999        23.010000000000002        2.0000000000000000E-002
   11152.803000000000        23.090000000000000        2.0000000000000000E-002
   11153.303000000000        23.180000000000000        2.0000000000000000E-002
   11153.724000000000        23.260000000000002        2.0000000000000000E-002
   11154.115000000000        23.309999999999999        2.0000000000000000E-002
   11154.576999999999        23.370000000000001        2.0000000000000000E-002
   11156.487999999999        23.350000000000001        2.9999999999999999E-002
   11157.263000000001        23.219999999999999        2.9999999999999999E-002
   11157.416999999999        23.199999999999999        2.9999999999999999E-002
   11157.797000000000        23.129999999999999        2.9999999999999999E-002
