   8337.3819999999996        26.230000000000000        1.0000000000000000E-002
   8337.3950000000004        26.230000000000000        1.0000000000000000E-002
   8337.5709999999999        26.180000000000000        1.0000000000000000E-002
   8339.0310000000009        25.620000000000001        1.0000000000000000E-002
   8339.3099999999995        25.500000000000000        1.0000000000000000E-002
   8340.6170000000002        25.030000000000001        1.0000000000000000E-002
   8340.6499999999996        25.020000000000000        1.0000000000000000E-002
   8341.3130000000001        24.879999999999999        1.0000000000000000E-002
   8342.2160000000003        24.789999999999999        1.0000000000000000E-002
   8342.7700000000004        24.800000000000001        1.0000000000000000E-002
   8344.1119999999992        25.020000000000000        1.0000000000000000E-002
   8345.9950000000008        25.690000000000001        1.0000000000000000E-002
   8346.6880000000001        25.969999999999999        1.0000000000000000E-002
   8348.3140000000003        26.329999999999998        1.0000000000000000E-002
   8348.7600000000002        26.300000000000001        1.0000000000000000E-002
   8348.8870000000006        26.280000000000001        1.0000000000000000E-002
   8349.4599999999991        26.149999999999999        1.0000000000000000E-002
   8350.7729999999992        25.629999999999999        1.0000000000000000E-002
   8350.8240000000005        25.609999999999999        1.0000000000000000E-002
   8352.4279999999999        25.020000000000000        1.0000000000000000E-002
   8353.3950000000004        24.829999999999998        1.0000000000000000E-002
   8353.4269999999997        24.829999999999998        1.0000000000000000E-002
   8353.4920000000002        24.820000000000000        1.0000000000000000E-002
   8355.1290000000008        24.859999999999999        1.0000000000000000E-002
   8355.1689999999999        24.870000000000001        1.0000000000000000E-002
   8357.2739999999994        25.480000000000000        1.0000000000000000E-002
   8357.7420000000002        25.670000000000002        1.0000000000000000E-002
   8358.0759999999991        25.809999999999999        1.0000000000000000E-002
   8358.2369999999992        25.879999999999999        1.0000000000000000E-002
   8358.5360000000001        25.989999999999998        1.0000000000000000E-002
   8358.6759999999995        26.039999999999999        1.0000000000000000E-002
   8358.9979999999996        26.149999999999999        1.0000000000000000E-002
   8359.0499999999993        26.160000000000000        1.0000000000000000E-002
   8359.5769999999993        26.280000000000001        1.0000000000000000E-002
   8359.9500000000007        26.320000000000000        1.0000000000000000E-002
   8360.0079999999998        26.320000000000000        1.0000000000000000E-002
   8360.2170000000006        26.320000000000000        1.0000000000000000E-002
   8360.9719999999998        26.219999999999999        1.0000000000000000E-002
   8361.9290000000001        25.899999999999999        1.0000000000000000E-002
   8362.1689999999999        25.800000000000001        1.0000000000000000E-002
   8362.3960000000006        25.699999999999999        1.0000000000000000E-002
   8362.4760000000006        25.670000000000002        1.0000000000000000E-002
   8362.7289999999994        25.559999999999999        1.0000000000000000E-002
   8362.7860000000001        25.530000000000001        1.0000000000000000E-002
   8363.0239999999994        25.430000000000000        1.0000000000000000E-002
   8363.0319999999992        25.430000000000000        1.0000000000000000E-002
   8363.3320000000003        25.309999999999999        1.0000000000000000E-002
   8363.8130000000001        25.140000000000001        1.0000000000000000E-002
   8363.8310000000001        25.129999999999999        1.0000000000000000E-002
   8365.3389999999999        24.820000000000000        1.0000000000000000E-002
   8365.3539999999994        24.820000000000000        1.0000000000000000E-002
   8365.3610000000008        24.820000000000000        1.0000000000000000E-002
   8366.4580000000005        24.809999999999999        1.0000000000000000E-002
   8366.9249999999993        24.870000000000001        1.0000000000000000E-002
   8367.3819999999996        24.949999999999999        2.0000000000000000E-002
   8368.4279999999999        25.250000000000000        2.0000000000000000E-002
   8368.7710000000006        25.370000000000001        2.0000000000000000E-002
   8369.6360000000004        25.719999999999999        2.0000000000000000E-002
   8370.8480000000000        26.170000000000002        2.0000000000000000E-002
   8371.3799999999992        26.280000000000001        2.0000000000000000E-002
   8372.0090000000000        26.320000000000000        2.0000000000000000E-002
   8372.1329999999998        26.320000000000000        2.0000000000000000E-002
   8372.2700000000004        26.309999999999999        2.0000000000000000E-002
   8374.9650000000001        25.370000000000001        2.0000000000000000E-002
   8376.2810000000009        24.949999999999999        2.0000000000000000E-002
   8376.4290000000001        24.920000000000002        2.0000000000000000E-002
   8377.3559999999998        24.800000000000001        2.0000000000000000E-002
   8377.4570000000003        24.800000000000001        2.0000000000000000E-002
   8377.7720000000008        24.789999999999999        2.0000000000000000E-002
   8377.8029999999999        24.789999999999999        2.0000000000000000E-002
   8378.0030000000006        24.800000000000001        2.0000000000000000E-002
   8378.1029999999992        24.800000000000001        2.0000000000000000E-002
   8379.8490000000002        25.129999999999999        2.9999999999999999E-002
   8379.9410000000007        25.160000000000000        2.9999999999999999E-002
   8380.0779999999995        25.199999999999999        2.9999999999999999E-002
   8381.0280000000002        25.559999999999999        2.9999999999999999E-002
   8381.3680000000004        25.699999999999999        2.9999999999999999E-002
