   83223.985000000001        23.960000000000001        1.0000000000000000E-002
   83224.501999999993        23.840000000000000        1.0000000000000000E-002
   83224.687000000005        23.780000000000001        1.0000000000000000E-002
   83224.822000000000        23.739999999999998        1.0000000000000000E-002
   83225.425000000003        23.559999999999999        1.0000000000000000E-002
   83225.429000000004        23.559999999999999        1.0000000000000000E-002
   83225.572000000000        23.520000000000000        1.0000000000000000E-002
   83226.006999999998        23.399999999999999        1.0000000000000000E-002
   83226.440000000002        23.289999999999999        1.0000000000000000E-002
   83226.629000000001        23.250000000000000        1.0000000000000000E-002
   83227.078999999998        23.140000000000001        1.0000000000000000E-002
   83227.144000000000        23.120000000000001        1.0000000000000000E-002
   83227.872000000003        22.949999999999999        1.0000000000000000E-002
   83228.327000000005        22.840000000000000        1.0000000000000000E-002
   83228.417000000001        22.820000000000000        1.0000000000000000E-002
   83228.888999999996        22.730000000000000        1.0000000000000000E-002
   83228.994000000006        22.710000000000001        1.0000000000000000E-002
   83229.134000000005        22.690000000000001        1.0000000000000000E-002
   83229.278999999995        22.670000000000002        1.0000000000000000E-002
   83229.690000000002        22.649999999999999        1.0000000000000000E-002
   83230.467999999993        22.699999999999999        1.0000000000000000E-002
   83231.164000000004        22.870000000000001        1.0000000000000000E-002
   83231.752999999997        23.100000000000001        1.0000000000000000E-002
   83233.438999999998        23.850000000000001        1.0000000000000000E-002
   83233.619999999995        23.910000000000000        1.0000000000000000E-002
   83234.072000000000        24.000000000000000        1.0000000000000000E-002
   83234.142000000007        24.010000000000002        1.0000000000000000E-002
   83234.603000000003        24.020000000000000        1.0000000000000000E-002
   83235.600999999995        23.840000000000000        1.0000000000000000E-002
   83236.142999999996        23.680000000000000        1.0000000000000000E-002
   83236.413000000000        23.600000000000001        1.0000000000000000E-002
   83236.619999999995        23.539999999999999        1.0000000000000000E-002
   83237.485000000001        23.309999999999999        1.0000000000000000E-002
   83237.664999999994        23.270000000000000        1.0000000000000000E-002
   83238.159000000000        23.149999999999999        1.0000000000000000E-002
   83238.369999999995        23.100000000000001        1.0000000000000000E-002
   83238.726999999999        23.010000000000002        1.0000000000000000E-002
   83238.777000000002        23.000000000000000        1.0000000000000000E-002
   83238.967000000004        22.949999999999999        1.0000000000000000E-002
   83239.270999999993        22.879999999999999        1.0000000000000000E-002
   83239.361999999994        22.859999999999999        1.0000000000000000E-002
   83240.164999999994        22.699999999999999        1.0000000000000000E-002
   83240.750000000000        22.649999999999999        1.0000000000000000E-002
   83241.495999999999        22.690000000000001        1.0000000000000000E-002
   83241.555999999997        22.690000000000001        1.0000000000000000E-002
   83242.126000000004        22.820000000000000        1.0000000000000000E-002
   83242.260999999999        22.870000000000001        1.0000000000000000E-002
   83242.472999999998        22.940000000000001        1.0000000000000000E-002
   83243.361999999994        23.329999999999998        1.0000000000000000E-002
   83244.327000000005        23.770000000000000        1.0000000000000000E-002
   83246.106000000000        23.980000000000000        1.0000000000000000E-002
   83246.462000000000        23.910000000000000        1.0000000000000000E-002
   83247.163000000000        23.710000000000001        1.0000000000000000E-002
   83247.455000000002        23.620000000000001        1.0000000000000000E-002
   83247.623000000007        23.570000000000000        1.0000000000000000E-002
   83247.843999999997        23.510000000000002        1.0000000000000000E-002
   83247.926999999996        23.480000000000000        1.0000000000000000E-002
   83249.025999999998        23.210000000000001        1.0000000000000000E-002
   83249.284000000000        23.140000000000001        1.0000000000000000E-002
   83249.312999999995        23.140000000000001        1.0000000000000000E-002
   83250.019000000000        22.969999999999999        2.0000000000000000E-002
   83250.279999999999        22.899999999999999        2.0000000000000000E-002
   83250.699999999997        22.809999999999999        2.0000000000000000E-002
   83250.952000000005        22.760000000000002        2.0000000000000000E-002
   83251.339999999997        22.690000000000001        2.0000000000000000E-002
   83251.784000000000        22.649999999999999        2.0000000000000000E-002
   83251.811000000002        22.649999999999999        2.0000000000000000E-002
   83252.316999999995        22.660000000000000        2.0000000000000000E-002
   83253.413000000000        22.879999999999999        2.0000000000000000E-002
   83253.497000000003        22.910000000000000        2.0000000000000000E-002
   83254.282000000007        23.239999999999998        2.0000000000000000E-002
   83255.057000000001        23.609999999999999        2.0000000000000000E-002
   83255.773000000001        23.890000000000001        2.0000000000000000E-002
   83255.990999999995        23.949999999999999        2.0000000000000000E-002
   83257.312999999995        23.960000000000001        2.0000000000000000E-002
   83257.941999999995        23.809999999999999        2.0000000000000000E-002
   83258.429000000004        23.660000000000000        2.0000000000000000E-002
   83258.960999999996        23.500000000000000        2.0000000000000000E-002
   83259.842999999993        23.280000000000001        2.0000000000000000E-002
   83260.508000000002        23.120000000000001        2.9999999999999999E-002
   83260.773000000001        23.050000000000001        2.9999999999999999E-002
   83261.025999999998        22.989999999999998        2.9999999999999999E-002
   83261.228000000003        22.940000000000001        2.9999999999999999E-002
   83262.024999999994        22.760000000000002        2.9999999999999999E-002
   83262.122000000003        22.739999999999998        2.9999999999999999E-002
   83262.417000000001        22.699999999999999        2.9999999999999999E-002
